i-1/i     A      C      D      E      F      G      H      I      K      L      M      N      P      Q      R      S      T      V      W      Y      X
A        0.066  0.060  0.053  0.017 -0.101  0.000  0.168  0.023  0.014  0.007 -0.043 -0.003 -0.015  0.013 -0.010 -0.026  0.120 -0.095  0.259  0.067  0.000
C        0.007  0.044 -0.087  0.000  0.000  0.000  0.000  0.106  0.015 -0.209  0.000  0.000 -0.082  0.000 -0.050 -0.177  0.140  0.134 -0.278 -0.070  0.000
D        0.025  0.000 -0.128  0.039  0.111  0.000  0.078  0.039 -0.103  0.042  0.000  0.009 -0.027  0.078 -0.007 -0.025  0.132 -0.046  0.273 -0.044  0.265
E        0.054  0.000 -0.026 -0.014 -0.011  0.000  0.105  0.063  0.050  0.060 -0.093 -0.071  0.028  0.071  0.095 -0.005  0.015 -0.043  0.057  0.050 -0.098
F       -0.077 -0.166 -0.099 -0.040  0.269  0.000 -0.129 -0.183 -0.031 -0.018 -0.035  0.084 -0.006 -0.073 -0.019 -0.065 -0.035  0.241  0.206 -0.183  0.000
G        0.024  0.000  0.010 -0.030  0.084  0.000  0.260  0.033  0.040 -0.019 -0.011  0.042  0.027  0.058  0.001 -0.025  0.029  0.049  0.000 -0.056 -0.029
H       -0.130  0.000 -0.140  0.002  0.000  0.000  0.047  0.012 -0.018  0.013  0.029 -0.001  0.033  0.097  0.250  0.002  0.026  0.062 -0.107 -0.059  0.000
I        0.047  0.000  0.069  0.067  0.136  0.000  0.224  0.092 -0.012  0.007 -0.002 -0.039 -0.030 -0.065  0.122 -0.012  0.050  0.192  0.078 -0.136  0.000
K        0.034  0.000 -0.011 -0.017 -0.026  0.000  0.065  0.048  0.031  0.051 -0.004 -0.018  0.023  0.002  0.090 -0.044 -0.040  0.015  0.090  0.138  0.000
L       -0.053  0.000  0.126  0.034 -0.124  0.000  0.192 -0.021  0.089  0.038 -0.071  0.055  0.018  0.064  0.077 -0.016 -0.034  0.179  0.147  0.159 -0.361
M        0.005  0.268  0.069  0.025  0.000  0.000  0.000 -0.077 -0.010 -0.014  0.000  0.065  0.115 -0.040 -0.033  0.021  0.000  0.000  0.000 -0.251  0.175
N        0.056  0.000 -0.067  0.012 -0.125  0.000 -0.318 -0.018  0.017  0.029 -0.029 -0.135  0.047 -0.027  0.002  0.062  0.004  0.067 -0.102  0.155  0.038
P        0.027  0.114  0.024  0.011 -0.253  0.000  0.149  0.148 -0.056 -0.013 -0.012 -0.096  0.038  0.078  0.046 -0.102 -0.045 -0.056  0.097 -0.055  0.000
Q       -0.045  0.004 -0.029  0.005 -0.090  0.000  0.178 -0.063 -0.032  0.002  0.013  0.084  0.047  0.006 -0.131 -0.016  0.008 -0.059  0.000 -0.192  0.000
R        0.083  0.000  0.064  0.003 -0.070  0.000  0.036 -0.098  0.042 -0.012  0.155  0.099 -0.023 -0.022 -0.072 -0.041 -0.076  0.051 -0.112  0.164  0.000
S        0.031 -0.223  0.013  0.003  0.024  0.000  0.234 -0.070 -0.005  0.007  0.009  0.049 -0.003 -0.063  0.071  0.025 -0.015  0.094 -0.114  0.009  0.315
T        0.061 -0.066  0.036  0.000  0.218  0.000  0.032  0.047  0.028  0.027  0.056  0.054  0.081  0.106 -0.100 -0.027 -0.060  0.050  0.220  0.184  0.000
V       -0.055  0.000  0.007  0.064  0.072  0.000  0.105  0.124  0.013  0.057  0.147 -0.018 -0.003  0.080 -0.013  0.037 -0.127 -0.039  0.000  0.231 -0.047
W        0.161  0.288 -0.023  0.072 -0.209  0.000  0.000  0.000 -0.139 -0.186  0.000  0.000  0.116  0.000  0.000  0.071  0.000  0.230  0.000  0.000  0.000
Y       -0.126  0.000 -0.058  0.003  0.051  0.000  0.000 -0.065  0.041  0.013 -0.075 -0.052 -0.115 -0.052 -0.027 -0.008 -0.078 -0.056  0.000  0.075  0.000
X        0.011  0.000  0.000 -0.024  0.000  0.000  0.000  0.000  0.000  0.000  0.000  0.000 -0.140  0.043  0.000  0.107  0.098  0.000  0.000  0.000  0.000
