i-1/i     A      C      D      E      F      G      H      I      K      L      M      N      P      Q      R      S      T      V      W      Y      X
A        0.670  0.684  0.379 -0.011  2.073  0.249 -2.054 -0.633 -0.711  0.989  0.487  0.564  0.000  0.516 -0.629  0.205  1.111  1.851  2.483 -0.391  0.000
C       -0.782 -0.764 -0.086  0.000  0.000  0.612  0.000 -2.689  0.213  0.789  0.000  0.000  0.000  0.000  0.000  1.214 -1.302 -1.072  0.000 -1.649  0.000
D        0.806  0.000 -0.427  0.092  0.539 -0.502  0.658  0.482 -0.068  0.766  0.513  0.643  0.000 -0.648 -0.779  0.380 -0.130 -0.619 -0.867  2.735  0.843
E        0.234  0.000 -0.300 -0.181  0.101  0.362  0.756  1.814  1.020 -0.375  1.599 -0.221  0.000  0.292  1.051 -0.463  0.073  0.924  1.952  1.151  2.576
F        0.315  0.000 -0.471 -0.967  0.599  0.011  0.484  0.833  0.218  0.341  0.715  2.850  0.000  0.157  0.584 -1.020  1.327 -2.524  2.991 -0.933  0.000
G        0.678  0.000  0.536  0.414  0.194 -0.098  1.092  0.537 -0.351 -0.151  0.399 -0.010  0.000 -0.304  0.041 -0.384  0.018  1.680  0.000  0.621  1.984
H        0.620  0.000  0.032 -2.470  0.000 -1.190 -0.490  1.219  0.635  0.796  0.651  0.382  0.000  0.739 -0.800  0.426 -0.244 -1.054  0.392  0.488  0.000
I        0.616  0.000  1.724 -0.146 -0.532 -0.371  2.046  0.113 -0.541 -0.209 -0.171  0.162  0.000 -1.696 -0.179 -0.742  1.071 -1.979  1.156  0.634  0.000
K       -0.544 -0.318  0.722  0.633 -0.702 -0.015  3.151  0.718 -0.025  0.407  2.074  1.692  0.000  0.143 -1.167 -0.747  0.606  0.419  0.677 -0.054  0.000
L       -0.795  0.000 -0.085 -0.409 -0.849 -1.005  0.730  0.818 -1.403 -0.969 -0.284 -0.394  0.000 -0.568  0.243  0.281 -0.568  1.330 -0.914  2.246  0.000
M       -0.547  2.506  0.211  2.058  0.000  0.789 -2.880 -0.214 -0.497 -2.176  0.146 -0.314  0.000  0.149  2.287 -0.345 -2.217 -3.334  0.000  2.533  1.775
N       -0.869  0.000  0.703 -0.478  2.540 -0.723 -0.245  1.114  0.874  1.714 -0.166  1.790  0.000 -0.708  0.035  0.174 -0.157  2.104 -0.688 -1.055  0.000
P        0.079 -0.410 -0.299  0.097  1.858 -0.448  1.851  1.652 -0.498  0.030 -2.129 -1.903  0.000 -0.075 -0.670 -0.725  1.370  1.677 -2.792  0.959  0.000
Q       -0.671 -2.376  0.294  0.396  1.810 -0.195  0.855 -0.430  1.659  1.718 -0.427  0.888  0.000  0.257  0.113  0.604 -0.272 -0.945  1.463  0.095  0.000
R       -0.269  0.000  0.660  0.155  1.661  0.105  1.648  1.032 -0.044  1.934 -0.133  0.183  0.000  0.922  0.630  0.110  0.466  1.338  1.878 -0.093  0.000
S        0.140 -0.412 -0.380  0.478  0.412  0.360  2.314  2.238  0.657  0.908  0.287  0.646  0.000 -1.304  0.824  0.773 -0.052 -0.149  0.766  0.114  0.982
T       -0.024 -0.336  0.888 -0.498  1.642 -0.855  1.745 -0.712 -0.895  0.718  0.603 -0.144  0.000  0.463  0.016  0.154  0.892  0.699 -0.037 -1.110  0.000
V       -1.095  0.000 -0.801 -0.018 -0.380  0.035  0.738  0.136 -0.405  1.034 -0.872 -1.017  0.000 -0.569  0.582  0.070  2.036  0.328  0.000 -0.196  0.713
W       -1.209 -1.626  1.692 -2.122 -0.349 -0.103  0.000  0.000 -1.359 -1.064  0.000  0.000  0.000  0.000  0.000 -2.446  0.000  0.591  0.000  0.000  0.000
Y        0.049  0.000  0.084 -0.637  0.431 -0.029  0.000 -2.110 -0.434 -0.272  0.475 -1.085  0.000  0.470 -0.788  0.036  0.000  1.931  0.000  0.000  0.000
X        1.680  0.000  0.000 -0.776  0.000  0.364  0.000  0.000  0.000  0.000  0.000  0.000  0.000  0.000  0.000  1.609 -3.109 -3.183  0.000  0.000  0.000
