i-1/i     A      C      D      E      F      G      H      I      K      L      M      N      P      Q      R      S      T      V      W      Y      X
A       -0.332  0.000  0.000  0.000  0.000 -0.223  0.000 -0.603  0.390 -0.232  0.000 -0.656 -0.151  0.181  0.000 -0.502  0.116 -0.384  0.000  0.000  0.000
C        0.000  0.000  0.000  0.000  0.000  0.000  0.000  0.000  0.000  0.000  0.000  0.000  0.000  0.000  0.000  0.000  0.000  0.000  0.000  0.000  0.000
D       -0.104  0.000  0.000 -0.534  0.000 -0.130  0.000  0.582  0.000 -0.510  0.000  0.000  0.215  0.000  0.000  0.173  0.000  0.000  0.000  0.000  0.000
E        0.155  0.000 -0.360 -0.020  0.000  0.000  0.000 -0.100  0.000  0.000  0.000  0.000 -0.025  0.000 -1.403 -0.873  0.196  0.225  0.000  0.000  0.000
F        0.000  0.000  0.000  0.000  0.000  0.000  0.000  1.364  0.000  0.000  0.000  0.000  0.488  0.000  0.000  0.000  0.000  0.000  0.000  0.000  0.000
G        0.056  0.000  0.708  0.266  0.000 -0.347 -0.251  1.418 -0.331 -0.841  0.000  0.316 -0.175  1.494  0.023  0.512 -0.481  0.137  0.000  0.000  0.000
H        0.000  0.000  0.000  0.000  0.000  0.000  0.000  0.000  0.000  0.723  0.000  0.000  0.000  0.000  0.000  0.000  0.000  0.000  0.000  0.000  0.000
I        0.000  0.000 -0.281  1.000  0.000  0.000  0.000  0.000  0.000  0.000  0.000 -0.018 -0.365  0.000  0.000  0.000  0.000  0.000  0.000  0.000  0.000
K        0.174  0.000  0.000  0.905  0.000  0.428  0.000 -0.031  0.189  0.444  0.000  0.000 -0.060  0.000  0.000 -0.210 -0.905 -0.037  0.000  0.000  0.000
L        0.897  0.000  0.210  0.972 -0.642  0.744  0.000 -1.418 -0.146  0.565  0.000  0.000  0.379  0.000  0.000 -0.540  0.472 -0.114  0.000  0.000  0.000
M       -0.617  0.000  0.000  0.000  0.000  0.000  0.000  0.000  0.000  0.000  0.000  0.000  0.413  0.000  0.000  0.160  0.098  0.000  0.000  0.000  0.000
N        0.000  0.000  0.000  0.000  0.000 -0.177  0.000  0.000  0.000  0.000  0.000  0.000 -0.017  0.000  0.000  0.000  0.000  0.000  0.000  0.000  0.000
P        0.098  0.000  0.323  0.455  0.000  0.079  0.000 -0.718 -0.188 -0.125  0.000  0.000  0.094  0.000  0.116 -0.124 -0.242  1.064  0.000  0.081  0.263
Q        0.000  0.000  0.000  0.000  0.000  0.000  0.000  1.215  0.192  0.000  0.000  0.000  0.106  0.000  0.000  0.000  0.000  0.000  0.000  0.000  0.000
R       -0.086  0.000  0.554  0.556  0.000  0.000  0.000 -0.225 -0.319  0.955  0.000  0.000 -0.243 -0.486  0.000  0.000  0.000  0.000  0.000  0.000  0.000
S       -0.739  0.000 -0.246  0.000  0.000  0.377  0.000  0.914  0.000  0.782 -0.991  0.000 -0.271  0.000  0.000  0.726 -0.028  0.278  0.000  0.000  0.000
T        0.000  0.000  0.000  0.804  0.000  0.062  0.000  0.000  1.182  0.000  0.000  0.000 -0.257  0.000  0.000 -0.597  0.022  0.377  0.000  0.000  0.000
V        0.301  0.000 -0.438  0.074  0.262 -0.264  0.000 -0.067  0.000  0.000  0.000  0.000 -0.211  0.000  0.000 -0.211  0.000  0.000  0.000  0.000  0.000
W        0.000  0.000  0.000  0.000  0.000  0.000  0.000  0.000  0.000  0.000  0.000  0.000  0.000  0.000  0.000  0.000  0.000  0.000  0.000  0.000  0.000
Y        0.000  0.000  0.000  0.000  0.000  0.000  0.000  0.000  0.000  0.000  0.000  0.000  0.000  0.000  0.000  0.000  0.000  0.000  0.000  0.000  0.000
X        0.000  0.000  0.000  0.000  0.000 -0.277  0.000  0.000  0.000  0.000  0.000  0.000  0.000  0.000  0.000  0.000  0.000  0.000  0.000  0.000  0.000
