i-1/i     A      C      D      E      F      G      H      I      K      L      M      N      P      Q      R      S      T      V      W      Y      X
A       -0.226  0.000 -0.148  0.007  0.000 -0.414  0.000  0.000  0.544 -1.069  0.000  0.000 -0.094  0.000  0.296  0.000 -0.069  0.000  0.000  0.000  0.000
C        0.000  0.000  0.000  0.000  0.000  0.000  0.000  0.000  0.000  0.000  0.000  0.000  0.000  0.000  0.000  0.000  0.000  0.000  0.000  0.000  0.000
D        0.000  0.000  1.112  0.329  0.000 -0.217  0.000  0.072  0.000 -0.080  0.000  0.000  0.120  0.000  0.000  0.000  1.324  0.536  0.000  0.000  0.000
E        0.000  0.000 -0.007  0.000  0.000  0.000  0.000  0.096  0.641 -0.294  0.000 -0.340  0.289  0.000  0.000  0.180  0.156 -0.707  0.000  0.000  0.000
F        0.000  0.000  0.000  0.000  0.000  0.000  0.000  0.000 -0.034  0.000  0.000  0.000 -0.529  0.000  0.000  0.000  0.000  0.000  0.000  0.000  0.000
G       -0.151  0.000 -0.214  0.156  0.000 -0.375 -0.426  0.000 -0.179 -0.238  0.000 -0.390 -0.134  0.000  0.219  0.422 -0.136 -0.240  0.000  1.065 -0.113
H        0.000  0.000  0.000  0.000  0.000 -0.169  0.000  0.000  0.000  0.900  0.000  0.000 -0.636  0.000  0.000  0.000  0.000  0.000  0.000  0.000  0.000
I        0.985  0.000  0.912 -0.303  0.000  0.000  0.000  1.418  0.182  0.000  0.000  0.000 -0.022  0.000  0.000  0.784  0.000  0.622  0.000  0.000  0.000
K       -1.023  0.000  0.000  0.000  0.000 -0.436  0.000 -0.546 -0.627  0.261  0.000  0.000  0.061 -1.052  0.000  0.000  0.066  0.000  0.000  0.000  0.000
L       -0.250  0.000  0.000  0.314  0.000  0.000  0.000  0.000  0.000 -0.240  0.000  0.000 -0.033 -0.876 -1.403  0.027  0.000  0.021  0.000  0.000  0.000
M        0.000  0.000  0.000  0.000  0.000  0.000  0.000  0.000  0.000  0.000  0.000  0.000  0.480  0.000  0.000 -0.076  0.000  0.000  0.000  0.000  0.000
N        0.000  0.000  0.000  0.000  0.000 -0.639  0.000 -0.134  0.000  0.000  0.000  0.000 -0.376  0.000  0.000  0.000  0.000  0.000  0.000  0.000  0.000
P       -0.308  0.000 -0.818 -1.027  0.307 -0.086  0.000 -0.496 -0.317 -0.089  0.644 -0.111  0.055 -0.729 -0.639  0.290  0.363 -0.306  0.000  0.000  0.000
Q       -0.021  0.000  0.000  0.000  0.000  0.000  0.000  0.000  0.000  0.021  0.000  0.000  0.240  0.000  0.000  0.000  0.000  0.000  0.000  0.000  0.000
R        0.022  0.000  0.000  0.000  0.000  0.000  0.000  0.125  0.000  0.000 -0.009  0.000 -0.299  0.000  0.212  0.000  0.000  0.000  0.000  0.000  0.000
S        0.415  0.000  0.000  0.103  0.000 -0.452  0.000  0.311 -0.421 -0.673 -0.237  0.000  0.067  1.494  0.000 -0.369 -0.448 -0.012  0.000  0.000  0.000
T        0.523  0.000 -0.378  0.943  0.000  0.000  0.000  0.000  0.594 -0.440  0.000  0.000 -0.003  0.000  0.000  0.171  0.012  0.671  0.000  0.000  0.000
V       -0.306  0.000  0.000 -1.033  0.000  0.000  0.000 -0.124  0.000  0.000  0.000  0.000 -0.241  0.000  0.000  0.000  0.718  1.037  0.000  0.000  0.000
W        0.000  0.000  0.000  0.000  0.000  0.000  0.000  0.000  0.000  0.000  0.000  0.000  0.000  0.000  0.000  0.000  0.000  0.000  0.000  0.000  0.000
Y        0.000  0.000  0.000  0.000  0.000  0.000  0.000  0.000  0.000  0.000  0.000  0.000 -0.096  0.000  0.000  0.000  0.000  0.000  0.000  0.000  0.000
X        0.000  0.000  0.000  0.000  0.000  0.000  0.000  0.000  0.000  0.000  0.000  0.000  0.000  0.000  0.000  0.000  0.000  0.000  0.000  0.000  0.000
