i-1/i     A      C      D      E      F      G      H      I      K      L      M      N      P      Q      R      S      T      V      W      Y      X
A       -0.304  0.000  0.000  0.370 -0.333 -0.406  0.000  0.283 -0.044 -0.022  0.000  0.000 -0.296  0.431 -0.185 -0.388  0.125  0.369  0.000  0.000  0.000
C        0.000  0.000  0.000  0.000  0.000  0.000  0.000  0.000  0.000  0.000  0.000  0.000  0.000  0.000  0.000  0.000  0.000  0.000  0.000  0.000  0.000
D       -0.231  0.000  0.000  0.000  0.000  0.369  0.000 -0.132  0.551  0.734  0.253  0.000 -0.118  1.494  0.000 -0.546 -0.257 -0.529  0.000  0.000  0.000
E        0.654  0.000 -0.018  0.120  0.141 -0.126  0.000  0.000  0.137  0.937  0.000  0.939  0.160  0.000  0.992 -0.012 -0.101  0.389  0.000  0.000  0.000
F        0.000  0.000  0.000  0.000  0.000  0.409  0.000  0.000  0.699  0.000  0.000  0.000  0.233  0.000  0.000 -0.052  0.000  0.000  0.000  0.000  0.000
G        0.656  0.000  0.746  1.243  0.000 -0.214 -0.333  0.000 -0.037  0.000  0.000  0.316  0.550  1.494  0.493  0.497 -0.060  0.611  0.000  0.000  0.000
H        0.764  0.000  0.000 -0.325  0.000  0.000  0.044  0.000  0.000  0.000  0.000  0.000 -0.163  0.000  0.000  0.000  0.000  0.000  0.000  0.000  0.000
I        0.071  0.000 -0.308  0.000  0.000  0.058  0.000  0.235  0.350  0.719  0.000  0.000  0.123  0.000 -0.383  0.021  0.427  0.565  0.000  0.000  0.000
K       -0.051  0.000  0.000  0.328  0.000  0.216  0.000  0.000  1.182  0.000  0.000  0.455 -0.017  0.000  0.000  0.574  1.248  0.370  0.000  0.000  0.000
L        0.324  0.000 -0.453  0.000  0.000  0.000  0.000  1.232  0.255  0.564  0.000  0.605  0.059 -0.172  0.194  0.110  1.307  0.346  0.000  0.000  0.000
M        0.665  0.000  0.000  0.000  0.000  0.000  0.000  0.000  0.000  0.000  0.000  0.000 -0.394  0.000  0.000  0.000  0.000  0.000  0.000  0.000  0.000
N        0.000  0.000  0.000  0.000  0.000 -0.255  0.000  0.000  0.000  0.000  0.000  0.000  0.192  0.000  0.000 -0.227  0.000  0.000  0.000  0.000  0.000
P       -1.023  0.000 -1.112 -1.243 -0.677 -0.585  0.000 -1.424 -1.182 -1.253 -1.113 -1.022 -0.636 -1.494 -1.403 -0.873 -0.995 -1.192  0.000  0.000  0.000
Q       -0.152  0.000  0.000 -0.198  0.000  0.409  0.000  0.412  0.000  0.000  0.000  0.000  0.183  0.192  0.000 -0.721  0.000  0.000  0.000  0.000  0.000
R       -0.117  0.000  0.406  1.243  0.000  0.609  0.000  1.418  0.513  0.865  0.000  0.000 -0.006  0.000  0.000  0.087  0.444  0.000  0.000  0.000  0.000
S        0.248  0.000  0.469  0.471  0.000  0.166  0.000  0.586  0.000  0.936 -0.440  0.000 -0.088  0.000  0.970  0.360  0.177  0.207  0.000  0.000  0.000
T        0.279  0.000 -1.053  0.011 -0.797  0.011  0.000  1.418  0.193  0.518  0.353  0.875  0.164  1.292  0.000  0.003  0.610  0.572  0.000  0.432  0.000
V        0.000  0.000 -0.145 -0.122  0.000  0.192  0.000  0.000 -0.013  0.000  0.000  0.000 -0.107  0.000  0.477 -0.241 -0.031  0.670  0.000  0.000  0.000
W        0.000  0.000  0.000  0.000  0.000  0.175  0.000  0.000  0.000  0.000  0.000  0.000  0.222  0.000  0.000  0.000  0.000  0.000  0.000  0.000  0.000
Y        0.000  0.000  0.000  0.000  0.000  0.000  0.000  0.000  0.126  0.000  0.000  0.000 -0.150  0.000  0.000  0.000  0.000  0.000  0.000  0.000  0.000
X        0.000  0.000  0.000  0.000  0.000  0.450  0.000  0.000  0.000  0.000  0.000  0.000  0.000  0.000  0.000  0.000  0.000  0.000  0.000  0.000  0.000
