i-1/i     A      C      D      E      F      G      H      I      K      L      M      N      P      Q      R      S      T      V      W      Y      X
A       -0.333  0.000  0.075 -0.309  0.000 -0.144  0.000  1.240 -0.352 -0.590 -0.613  0.000 -0.049  0.809  0.000 -0.054  0.000 -0.782  0.000  0.000  0.000
C        0.000  0.000  0.000  0.000  0.000  0.000  0.000  0.000  0.000  0.000  0.000  0.000  0.000  0.000  0.000  0.000  0.000  0.000  0.000  0.000  0.000
D        0.342  0.000  0.142 -0.074  0.000 -0.086  0.000 -0.777  0.000 -0.023  0.000  0.000  0.221 -0.365  0.000 -0.340  0.890  0.336  0.000  0.000  0.000
E        0.314  0.000  0.000  0.106  0.000  0.349 -0.330  1.104  0.008 -0.455  0.000  0.000 -0.119  0.282 -1.403  0.075  0.705 -0.254  0.000  0.000  0.000
F       -0.411  0.000  0.000  0.000  0.000  0.000  0.000  0.000  0.000  0.000  0.000  0.000  0.303 -0.095  0.000  0.000 -1.122  0.000  0.000  0.000  0.000
G       -0.422  0.000 -0.475  0.000 -0.057 -0.536  0.000 -1.144  0.000 -0.412  0.000  0.086  0.021 -0.003  0.873  0.446  0.140 -0.482  0.000  0.000 -0.113
H        0.000  0.000  0.000  0.000  0.000 -0.171  0.000  0.000  0.000  0.000  0.000  0.000  0.000  0.000  0.000  0.000 -0.181  0.000  0.000  0.000  0.000
I        0.000  0.000 -0.278  0.000  0.000  0.000  0.000  0.251  0.000  0.000  0.000  0.000  0.093  0.168  0.477 -0.539 -0.846  0.000  0.000  0.000  0.000
K        0.286  0.000  1.064  0.329  0.000 -0.467  0.000  0.392 -0.363  0.068  0.000  0.000  0.128  0.272  0.000  0.000  0.103  0.158  0.000  0.000  0.000
L       -0.454  0.000 -0.098  0.050  0.000 -0.485  0.000  0.000  0.000 -0.462  0.000  0.000 -0.269 -1.276 -0.055 -0.282 -0.037  0.095  0.000  0.000  0.000
M        0.000  0.000 -0.863  0.000  0.000 -0.141  0.000  0.000  0.000  0.000  0.000  0.000  0.141  0.000  0.000  0.443 -0.169  0.000  0.000  0.000  0.000
N        0.000  0.000  0.000  0.000  0.000  0.139  0.000  0.000  0.000 -0.060  0.000  0.000  0.636  0.000  0.000  0.000  0.539  0.373  0.000  0.000  0.000
P        0.199  0.000  0.016  0.653 -0.402  0.571 -0.256 -0.258  0.292 -0.148  1.118 -1.022 -0.054 -0.256 -0.390 -0.442 -0.269  0.540  0.000 -0.632  0.112
Q        0.783  0.000  0.000  0.000  0.000  0.200  0.000  0.000  0.658  0.289  0.000  0.000 -0.019  0.000  0.000  0.000  0.432  0.000  0.000  0.000  0.000
R       -0.244  0.000 -0.346 -0.614  0.000 -0.022  0.000 -0.038  0.308  0.396  0.000  0.000 -0.230  0.000  0.378 -0.036  0.000  0.998  0.000  0.000  0.000
S        0.548  0.000 -0.028  0.082  0.000 -0.090  0.000 -0.647  0.375  0.485  0.000  0.199  0.090  0.000  0.748  0.250  1.324 -0.361  0.000  0.000  0.000
T        0.300  0.000  0.270  0.886  0.589  0.299  0.000  1.418 -1.043  1.077  0.000  0.000 -0.023  0.000  0.000  0.254  0.240 -0.228  0.000  0.000  0.000
V       -0.007  0.000  0.000 -0.993  0.000 -0.177  0.000 -0.709 -0.136  0.279  0.000  0.000  0.279  0.000 -0.817  0.193  0.343 -0.321  0.000  0.000  0.000
W        0.000  0.000  0.000  0.685  0.000  0.000  0.000  0.000  0.000  0.000  0.000  0.000  0.000  0.000  0.000  0.000  0.000  0.000  0.000  0.000  0.000
Y        0.000  0.000  0.000  0.000  0.000  0.000  0.000  0.000  0.000  0.000  0.000 -0.007 -0.095  0.000  0.000  0.000 -0.558  0.000  0.000  0.000  0.000
X        0.000  0.000  0.000  0.000  0.000  0.000  0.000  0.000  0.000  0.000  0.000  0.000  0.000  0.000  0.000  0.000  0.000  0.000  0.000  0.000  0.000
