i-1/i     A      C      D      E      F      G      H      I      K      L      M      N      P      Q      R      S      T      V      W      Y      X
A       -0.003  0.000  0.000  0.000  0.000  0.000  0.000  0.031  0.522 -0.127  0.000  0.422 -0.211 -0.054  0.000 -0.168 -0.204  0.106  0.000  0.000  0.000
C        0.000  0.000  0.000  0.000  0.000  0.000  0.000  0.000  0.000  0.000  0.000  0.000  0.000  0.000  0.000  0.000  0.000  0.000  0.000  0.000  0.000
D        0.232  0.000  0.000 -0.317  0.000  0.000  0.000  0.459  0.000  0.047  0.000  0.000  0.156  0.000  0.000 -0.094  0.000  0.000  0.000  0.000  0.000
E        0.000  0.000 -0.306  0.087  0.000  0.000  0.000 -0.034  0.000  0.000  0.000  0.000 -0.149  0.000  0.000  0.697 -0.205 -0.416  0.000  0.000  0.000
F        0.000  0.000  0.000  0.000  0.000  0.000  0.000  0.499  0.000  0.000  0.000  0.000 -0.053  0.000  0.000  0.000  0.000  0.000  0.000  0.000  0.000
G       -0.376  0.000  0.023 -0.319  0.000  0.000 -0.043 -0.116  0.510 -0.124  0.000 -0.788 -0.106 -0.114 -0.376 -0.106 -0.261 -0.063  0.000  0.000  0.000
H        0.000  0.000  0.000  0.000  0.000  0.000  0.000  0.000  0.000 -0.948  0.000  0.000  0.000  0.000  0.000  0.000  0.000  0.000  0.000  0.000  0.000
I        0.000  0.000  0.306  0.525  0.000  0.000  0.000  0.000  0.000  0.000  0.000  0.268 -0.185  0.000  0.000  0.000  0.000  0.000  0.000  0.000  0.000
K        0.553  0.000  0.000  0.017  0.000  0.000  0.000 -0.174  0.210  0.127  0.000  0.000 -0.250  0.000  0.000  0.063  0.460  0.267  0.000  0.000  0.000
L       -0.650  0.000 -0.202 -0.208 -0.144  0.000  0.000 -0.325 -0.457  0.069  0.000  0.000  0.017  0.756  0.000 -0.530 -0.357  0.072  0.000  0.000  0.000
M       -0.365  0.000  0.000  0.000  0.000  0.000  0.000  0.000  0.000  0.000  0.000  0.000 -0.174  0.000  0.000  0.297 -0.007  0.000  0.000  0.000  0.000
N        0.000  0.000  0.000  0.000  0.000  0.000  0.000  0.000  0.000  0.000  0.000  0.000 -0.131  0.000  0.000  0.000  0.000  0.000  0.000  0.000  0.000
P       -0.230  0.000  0.339  0.197  0.000  0.000  0.000  0.741 -0.320  0.598  0.000  0.000  0.093  0.000 -0.180  0.268  0.447  0.317  0.000 -0.037  1.550
Q        0.000  0.000  0.000  0.000  0.000  0.000  0.000 -0.692 -0.315  0.000  0.000  0.000  0.025  0.000  0.000  0.000  0.000  0.000  0.000  0.000  0.000
R        0.412  0.000  0.006 -0.048  0.000  0.000  0.000 -0.174  0.029 -0.435  0.000  0.000  0.444  0.290  0.000  0.000  0.000  0.000  0.000  0.000  0.000
S       -0.203  0.000 -0.015  0.000  0.000  0.000  0.000 -0.505  0.000 -0.058  1.388  0.000  0.121  0.000  0.000 -0.060 -0.025 -0.294  0.000  0.000  0.000
T        0.000  0.000  0.000 -0.094  0.000  0.000  0.000  0.000 -0.461  0.000  0.000  0.000 -0.061  0.000  0.000  0.291  0.313  0.053  0.000  0.000  0.000
V        0.385  0.000 -0.373  0.000 -0.560  0.000  0.000 -0.141  0.000  0.000  0.000  0.000 -0.398  0.000  0.000  0.157  0.000  0.000  0.000  0.000  0.000
W        0.000  0.000  0.000  0.000  0.000  0.000  0.000  0.000  0.000  0.000  0.000  0.000  0.000  0.000  0.000  0.000  0.000  0.000  0.000  0.000  0.000
Y        0.000  0.000  0.000  0.000  0.000  0.000  0.000  0.000  0.000  0.000  0.000  0.000  0.000  0.000  0.000  0.000  0.000  0.000  0.000  0.000  0.000
X        0.000  0.000  0.000  0.000  0.000  0.000  0.000  0.000  0.000  0.000  0.000  0.000  0.000  0.000  0.000  0.000  0.000  0.000  0.000  0.000  0.000
