i-1/i     A      C      D      E      F      G      H      I      K      L      M      N      P      Q      R      S      T      V      W      Y      X
A        0.143  0.000 -0.546 -0.377  0.000  0.000  0.000  0.000 -0.159  0.433  0.000  0.000  0.011  0.000  0.201  0.000  0.293  0.000  0.000  0.000  0.000
C        0.000  0.000  0.000  0.000  0.000  0.000  0.000  0.000  0.000  0.000  0.000  0.000  0.000  0.000  0.000  0.000  0.000  0.000  0.000  0.000  0.000
D        0.000  0.000  0.269 -0.072  0.000  0.000  0.000 -0.369  0.000 -0.012  0.000  0.000  0.171  0.000  0.000  0.000 -0.301 -0.193  0.000  0.000  0.000
E        0.000  0.000  0.423  0.000  0.000  0.000  0.000  0.205  0.027  0.106  0.000  0.546  0.061  0.000  0.000 -0.113 -0.489  0.216  0.000  0.000  0.000
F        0.000  0.000  0.000  0.000  0.000  0.000  0.000  0.000  0.156  0.000  0.000  0.000 -0.136  0.000  0.000  0.000  0.000  0.000  0.000  0.000  0.000
G        0.253  0.000 -0.359  0.436  0.000  0.000 -0.616  0.000 -0.326 -0.024  0.000  0.000 -0.229  0.000  0.157 -0.064  0.204  0.229  0.000 -0.097  0.000
H        0.000  0.000  0.000  0.000  0.000  0.000  0.000  0.000  0.000  0.504  0.000  0.000  0.000  0.000  0.000  0.000  0.000  0.000  0.000  0.000  0.000
I        0.475  0.000 -0.074  0.000  0.000  0.000  0.000  0.412  0.254  0.000  0.000  0.000  0.089  0.000  0.000 -0.334  0.000 -0.125  0.000  0.000  0.000
K       -0.470  0.000  0.000  0.000  0.000  0.000  0.000  0.138 -0.365  0.552  0.000  0.000  0.069  0.024  0.000  0.000 -0.809  0.000  0.000  0.000  0.000
L        0.027  0.000  0.000  0.120  0.000  0.000  0.000  0.000  0.000 -0.268  0.000  0.000  0.039 -0.338  0.000  0.368  0.000  0.000  0.000  0.000  0.000
M        0.000  0.000  0.000  0.000  0.000  0.000  0.000  0.000  0.000  0.000  0.000  0.000 -0.045  0.000  0.000 -0.327  0.000  0.000  0.000  0.000  0.000
N        0.000  0.000  0.000  0.000  0.000  0.000  0.000  0.068  0.000  0.000  0.000  0.000 -0.314  0.000  0.000  0.000  0.000  0.000  0.000  0.000  0.000
P        0.352  0.000  0.227  0.055  0.384  0.000  0.000 -0.393  0.135 -0.378 -0.743  0.093 -0.104  0.100  0.069 -0.603 -0.050  0.152  0.000  0.000  0.000
Q        0.577  0.000  0.000  0.000  0.000  0.000  0.000  0.000  0.000 -0.549  0.000  0.000 -0.120  0.000  0.000  0.000  0.000  0.000  0.000  0.000  0.000
R        0.064  0.000  0.000  0.000  0.000  0.000  0.000  0.228  0.000  0.000  0.174  0.000 -0.050  0.000 -0.320  0.000  0.000  0.000  0.000  0.000  0.000
S       -0.605  0.000  0.000 -0.188  0.000  0.000  0.000  0.781 -0.107  0.115 -1.303  0.000  0.116 -0.487  0.000  0.044 -0.149  0.040  0.000  0.000  0.000
T        0.011  0.000  0.100  0.038  0.000  0.000  0.000  0.000  0.101 -0.065  0.000  0.000  0.140  0.000  0.000 -0.280 -0.187 -0.386  0.000  0.000  0.000
V       -0.395  0.000  0.000 -0.065  0.000  0.000  0.000 -0.224  0.000  0.000  0.000  0.000 -0.289  0.000  0.000  0.000 -0.303  0.230  0.000  0.000  0.000
W        0.000  0.000  0.000  0.000  0.000  0.000  0.000  0.000  0.000  0.000  0.000  0.000  0.000  0.000  0.000  0.000  0.000  0.000  0.000  0.000  0.000
Y        0.000  0.000  0.000  0.000  0.000  0.000  0.000  0.000  0.000  0.000  0.000  0.000  0.000  0.000  0.000  0.000  0.000  0.000  0.000  0.000  0.000
X        0.000  0.000  0.000  0.000  0.000  0.000  0.000  0.000  0.000  0.000  0.000  0.000  0.000  0.000  0.000  0.000  0.000  0.000  0.000  0.000  0.000
