i-1/i     A      C      D      E      F      G      H      I      K      L      M      N      P      Q      R      S      T      V      W      Y      X
A        0.357  0.000  0.000 -0.286  0.455  0.000  0.000 -0.092 -0.091  0.699  0.000  0.000  0.014  0.228 -0.148  0.103  0.317 -0.533  0.000  0.000  0.000
C        0.000  0.000  0.000  0.000  0.000  0.000  0.000  0.000  0.000  0.000  0.000  0.000  0.000  0.000  0.000  0.000  0.000  0.000  0.000  0.000  0.000
D        0.550  0.000  0.000  0.000  0.000  0.000  0.000 -0.226  0.335  0.591 -0.424  0.000  0.096  0.125  0.000  0.598  0.758 -0.011  0.000  0.000  0.000
E       -0.094  0.000  0.154  0.007 -0.706  0.000  0.000  0.000  0.000  0.207  0.000  0.000 -0.113  0.000 -0.118  0.332  0.063 -0.312  0.000  0.000  0.000
F        0.000  0.000  0.000  0.000  0.000  0.000  0.000  0.000  0.298  0.000  0.000  0.000 -0.224  0.000  0.000  0.551  0.000  0.000  0.000  0.000  0.000
G       -0.044  0.000 -0.581 -0.261  0.000  0.000 -0.174  0.000 -0.447  0.000  0.000 -0.788 -0.065 -0.756 -0.146 -0.136 -0.113 -0.487  0.000  0.000  0.000
H        0.000  0.000  0.000  0.229  0.000  0.000 -0.254  0.000  0.000  0.000  0.000  0.000 -0.021  0.000  0.000  0.000  0.000  0.000  0.000  0.000  0.000
I       -0.111  0.000  0.218  0.000  0.000  0.000  0.000 -0.776  0.001 -0.111  0.000  0.000  0.099  0.000  0.149  0.156  0.296  0.769  0.000  0.000  0.000
K        0.694  0.000  0.000  0.364  0.000  0.000  0.000  0.000 -0.055  0.000  0.000  0.208 -0.006  0.000  0.000  0.211 -0.219 -0.120  0.000  0.000  0.000
L        0.097  0.000  0.698  0.000  0.000  0.000  0.000 -0.470 -0.298 -0.831  0.000  0.437  0.036 -0.060 -0.188 -0.030 -0.695  0.179  0.000  0.000  0.000
M       -0.731  0.000  0.000  0.000  0.000  0.000  0.000  0.000  0.000  0.000  0.000  0.000  0.108  0.000  0.000  0.000  0.000  0.000  0.000  0.000  0.000
N        0.000  0.000  0.000  0.000  0.000  0.000  0.000  0.000  0.000  0.000  0.000  0.000 -0.155  0.000  0.000  0.540  0.000  0.000  0.000  0.000  0.000
P       -0.811  0.000 -0.621 -0.406 -0.421  0.000  0.000  0.015 -0.349 -0.427 -1.703  0.141 -0.444 -0.403 -0.656 -0.697 -0.481 -0.128  0.000  0.000  0.000
Q       -0.196  0.000  0.000  0.212  0.000  0.000  0.000  0.179  0.000  0.000  0.000  0.000  0.088  0.367  0.000 -0.259  0.000  0.000  0.000  0.000  0.000
R        0.206  0.000 -0.713 -0.263  0.000  0.000  0.000  0.414  0.742  0.333  0.000  0.000  0.135  0.000  0.000 -0.363  0.257  0.000  0.000  0.000  0.000
S        0.163  0.000  0.225  0.110  0.000  0.000  0.000  0.205  0.000 -0.182  1.522  0.000  0.147  0.000 -0.134 -0.080  0.073 -0.140  0.000  0.000  0.000
T        0.205  0.000  0.226  0.242  0.559  0.000  0.000 -0.276 -0.012  0.267 -1.209  0.305 -0.148  0.380  0.000 -0.115 -0.253  0.192  0.000  0.202  0.000
V        0.000  0.000 -0.169  0.088  0.000  0.000  0.000  0.000  0.132  0.000  0.000  0.000  0.056  0.000  0.168  0.039  0.359  0.107  0.000  0.000  0.000
W        0.000  0.000  0.000  0.000  0.000  0.000  0.000  0.000  0.000  0.000  0.000  0.000  0.143  0.000  0.000  0.000  0.000  0.000  0.000  0.000  0.000
Y        0.000  0.000  0.000  0.000  0.000  0.000  0.000  0.000  0.118  0.000  0.000  0.000  0.106  0.000  0.000  0.000  0.000  0.000  0.000  0.000  0.000
X        0.000  0.000  0.000  0.000  0.000  0.000  0.000  0.000  0.000  0.000  0.000  0.000  0.000  0.000  0.000  0.000  0.000  0.000  0.000  0.000  0.000
