i-1/i     A      C      D      E      F      G      H      I      K      L      M      N      P      Q      R      S      T      V      W      Y      X
A       -0.353  0.000 -0.272 -0.140  0.000  0.000  0.000 -0.185 -0.527  0.320  1.718  0.000  0.021 -0.756  0.000  0.029  0.000 -0.178  0.000  0.000  0.000
C        0.000  0.000  0.000  0.000  0.000  0.000  0.000  0.000  0.000  0.000  0.000  0.000  0.000  0.000  0.000  0.000  0.000  0.000  0.000  0.000  0.000
D        0.665  0.000 -0.106 -0.069  0.000  0.000  0.000  0.287  0.000  0.025  0.000  0.000 -0.079 -0.066  0.000  0.263 -0.041  0.047  0.000  0.000  0.000
E       -0.127  0.000  0.000  0.286  0.000  0.000  0.093  0.680  0.262  0.467  0.000  0.000 -0.028 -0.756  0.228 -0.296 -0.441  0.045  0.000  0.000  0.000
F        0.655  0.000  0.000  0.000  0.000  0.000  0.000  0.000  0.000  0.000  0.000  0.000 -0.133  0.427  0.000  0.000 -0.268  0.000  0.000  0.000  0.000
G        0.087  0.000  0.322  0.000 -0.179  0.000  0.000 -0.781  0.000  0.302  0.000 -0.451 -0.061  0.199 -0.033 -0.299  0.120 -0.225  0.000  0.000  0.000
H        0.000  0.000  0.000  0.000  0.000  0.000  0.000  0.000  0.000  0.000  0.000  0.000  0.000  0.000  0.000  0.000 -0.180  0.000  0.000  0.000  0.000
I        0.000  0.000  0.546  0.000  0.000  0.000  0.000 -0.379  0.000  0.000  0.000  0.000  0.168  0.713  0.455  0.205  0.742  0.000  0.000  0.000  0.000
K       -0.126  0.000 -0.060 -0.001  0.000  0.000  0.000 -0.318  0.116 -0.123  0.000  0.000  0.167  0.205  0.000  0.000  0.173 -0.079  0.000  0.000  0.000
L       -0.536  0.000 -0.644  0.096  0.000  0.000  0.000  0.000  0.000 -0.098  0.000  0.000 -0.070  0.073  0.107  0.406  0.016  0.466  0.000  0.000  0.000
M        0.000  0.000  0.040  0.000  0.000  0.000  0.000  0.000  0.000  0.000  0.000  0.000  0.168  0.000  0.000 -0.697 -0.747  0.000  0.000  0.000  0.000
N        0.000  0.000  0.000  0.000  0.000  0.000  0.000  0.000 -0.206 -0.414  0.000  0.000  0.187  0.000  0.000  0.000 -0.156  0.378  0.000  0.000  0.000
P       -0.096  0.000 -0.428 -0.128 -0.307  0.000 -0.075  0.322  0.007 -0.349  0.027  0.006  0.002  0.002 -0.137  0.148 -0.065 -0.149  0.000  0.192 -2.321
Q        0.132  0.000  0.000  0.000  0.000  0.000  0.000  0.000 -0.073 -0.244  0.000  0.000 -0.173  0.000  0.000  0.000  0.479  0.000  0.000  0.000  0.000
R       -0.330  0.000 -0.358 -0.005  0.000  0.000  0.000 -0.067 -0.357  0.585  0.000  0.000 -0.191  0.000  0.064  0.251  0.000 -0.377  0.000  0.000  0.000
S       -0.558  0.000  0.263  0.055  0.000  0.000  0.000  0.191  0.259 -0.350  0.000  0.239 -0.345  0.000  0.296 -0.086 -0.142  0.022  0.000  0.000  0.000
T        0.463  0.000 -0.003 -0.046  0.140  0.000  0.000  0.134  0.077 -0.275  0.000  0.000  0.109  0.000  0.000 -0.302  0.128  0.022  0.000  0.000  0.000
V        0.476  0.000  0.000  0.008  0.000  0.000  0.000 -0.526  0.160  0.340  0.000  0.000 -0.093  0.000 -0.183 -0.134  0.064  0.370  0.000  0.000  0.000
W        0.000  0.000  0.000 -0.499  0.000  0.000  0.000  0.000  0.000  0.000  0.000  0.000  0.000  0.000  0.000  0.000  0.000  0.000  0.000  0.000  0.000
Y        0.000  0.000  0.000  0.000  0.000  0.000  0.000  0.000  0.000  0.000  0.000  0.217 -0.198  0.000  0.000  0.000  0.066  0.000  0.000  0.000  0.000
X        0.000  0.000  0.000  0.000  0.000  0.000  0.000  0.000  0.000  0.000  0.000  0.000  0.000  0.000  0.000  0.000  0.000  0.000  0.000  0.000  0.000
