i-1/i     A      C      D      E      F      G      H      I      K      L      M      N      P      Q      R      S      T      V      W      Y      X
A        0.568  0.000  0.000  0.000  0.000 -0.111  0.000  0.599  0.650  0.408  0.000  0.000  0.154  0.066  0.000  0.323  0.721  0.377  0.000  0.000  0.000
C        0.000  0.000  0.000  0.000  0.000  0.000  0.000  0.000  0.000  0.000  0.000  0.000  0.000  0.000  0.000  0.000  0.000  0.000  0.000  0.000  0.000
D       -0.302  0.000  0.000  0.895  0.000  0.000  0.000  0.000  0.000  0.000  0.000  0.000 -0.254  0.000  0.000  0.000  0.000  0.000  0.000  0.000  0.000
E       -0.017  0.000  0.212  0.256  0.000  0.000  0.000 -0.140  0.000  0.000  0.000  0.000 -0.267  0.000  0.000  0.000  0.085  0.291  0.000  0.000  0.000
F        0.000  0.000  0.000  0.000  0.000  0.000  0.000  0.920  0.000  0.000  0.000  0.000  0.296  0.000  0.000  0.000  0.000  0.000  0.000  0.000  0.000
G        0.149  0.000  1.011  0.000  0.000  0.301  0.729  0.000  0.911  0.000  0.000  1.235  0.480  0.000 -0.255  0.222  1.037  0.938  0.000  0.000  0.000
H        0.000  0.000  0.000  0.000  0.000  0.000  0.000  0.000  0.000  0.000  0.000  0.000  0.000  0.000  0.000  0.000  0.000  0.000  0.000  0.000  0.000
I        0.000  0.000 -0.688  0.006  0.000  0.000  0.000  0.000  0.000  0.000  0.000  0.000  0.769  0.000  0.000  0.000  0.000  0.000  0.000  0.000  0.000
K       -0.018  0.000  0.000  0.000  0.000  1.068  0.000  0.000  0.000  0.945  0.000  0.000 -0.202  0.000  0.000  0.335 -0.053  0.234  0.000  0.000  0.000
L        1.280  0.000 -0.157  0.290 -0.416  0.275  0.000  0.000  0.694  0.091  0.000  0.000 -0.034  0.000  0.000 -0.186 -0.061  0.000  0.000  0.000  0.000
M        0.000  0.000  0.000  0.000  0.000  0.000  0.000  0.000  0.000  0.000  0.000  0.000  0.444  0.000  0.000  0.000  0.000  0.000  0.000  0.000  0.000
N        0.000  0.000  0.000  0.000  0.000 -0.060  0.000  0.000  0.000  0.000  0.000  0.000 -0.053  0.000  0.000  0.000  0.000  0.000  0.000  0.000  0.000
P       -0.584  0.000  0.000  0.187  0.000  0.202  0.000  0.000  0.094  0.242  0.000  0.000  0.071  0.000  0.240  0.031  0.018 -0.581  0.000  0.639 -0.043
Q        0.000  0.000  0.000  0.000  0.000  0.000  0.000 -0.276  0.000  0.000  0.000  0.000 -0.277  0.000  0.000  0.000  0.000  0.000  0.000  0.000  0.000
R        0.102  0.000  0.000  0.245  0.000  0.000  0.000  0.000 -0.626  0.475  0.000  0.000 -0.057  0.000  0.000  0.000  0.000  0.000  0.000  0.000  0.000
S        0.438  0.000  0.261  0.000  0.000  0.223  0.000  0.000  0.000  0.192  0.000  0.000  0.050  0.000  0.000 -0.440 -0.757  0.862  0.000  0.000  0.000
T        0.000  0.000  0.000  0.262  0.000 -0.999  0.000  0.000  0.000  0.000  0.000  0.000 -0.221  0.000  0.000  0.000 -0.152  0.076  0.000  0.000  0.000
V        0.000  0.000 -0.891  0.476  0.000 -0.417  0.000  0.000  0.000  0.000  0.000  0.000 -0.053  0.000  0.000 -0.229  0.000  0.000  0.000  0.000  0.000
W        0.000  0.000  0.000  0.000  0.000  0.000  0.000  0.000  0.000  0.000  0.000  0.000  0.000  0.000  0.000  0.000  0.000  0.000  0.000  0.000  0.000
Y        0.000  0.000  0.000  0.000  0.000  1.068  0.000  0.000  0.000  0.000  0.000  0.000  0.000  0.000  0.000  0.000  0.000  0.000  0.000  0.000  0.000
X        0.000  0.000  0.000  0.000  0.000 -0.194  0.000  0.000  0.000  0.000  0.000  0.000  0.000  0.000  0.000  0.000  0.000  0.000  0.000  0.000  0.000
