i-1/i     A      C      D      E      F      G      H      I      K      L      M      N      P      Q      R      S      T      V      W      Y      X
A        0.058  0.000  0.945  0.000  0.000 -0.452  0.000  0.000  0.511  0.000  0.000  0.000  0.120  0.000  0.489  0.000  0.000  0.000  0.000  0.000  0.000
C        0.000  0.000  0.000  0.000  0.000  0.000  0.000  0.000  0.000  0.000  0.000  0.000  0.000  0.000  0.000  0.000  0.000  0.000  0.000  0.000  0.000
D        0.000  0.000  0.406  0.166  0.000 -0.814  0.000  0.364  0.000  0.178  0.000  0.000 -0.303  0.000  0.000  0.000  0.545  0.592  0.000  0.000  0.000
E        0.000  0.000  0.000  0.000  0.000  0.000  0.000 -0.130 -0.375 -0.620  0.000 -0.059  0.062  0.000  0.000  0.211 -0.320  0.098  0.000  0.000  0.000
F        0.000  0.000  0.000  0.000  0.000  0.000  0.000  0.000  0.000  0.000  0.000  0.000 -0.178  0.000  0.000  0.000  0.000  0.000  0.000  0.000  0.000
G       -0.126  0.000  0.054  0.000  0.000  0.258  0.000  0.000  0.742  0.652  0.000 -0.583  0.197  0.000  0.692  0.258 -0.171  0.338  0.000  0.001  0.000
H        0.000  0.000  0.000  0.000  0.000 -0.107  0.000  0.000  0.000  0.958  0.000  0.000  0.269  0.000  0.000  0.000  0.000  0.000  0.000  0.000  0.000
I        0.000  0.000  0.000  0.000  0.000  0.000  0.000  0.000  0.131  0.000  0.000  0.000 -0.256  0.000  0.000  0.000  0.000 -0.623  0.000  0.000  0.000
K        0.294  0.000  0.000  0.000  0.000  0.434  0.000 -0.233  0.000 -0.346  0.000  0.000  0.005  0.000  0.000  0.000  0.000  0.000  0.000  0.000  0.000
L       -0.220  0.000  0.000 -0.220  0.000  0.000  0.000  0.000  0.000  0.000  0.000  0.000 -0.202  0.000  0.000 -0.142  0.000  0.000  0.000  0.000  0.000
M        0.000  0.000  0.000  0.000  0.000  0.000  0.000  0.000  0.000  0.000  0.000  0.000  0.000  0.000  0.000  0.000  0.000  0.000  0.000  0.000  0.000
N        0.000  0.000  0.000  0.000  0.000  0.056  0.000  0.000  0.000  0.000  0.000  0.000  0.220  0.000  0.000  0.000  0.000  0.000  0.000  0.000  0.000
P       -0.043  0.000  0.000 -0.354 -0.125 -0.758  0.000 -0.879  0.503  0.033  0.222 -0.352 -0.024 -0.313 -0.903  0.185  0.016 -0.317  0.000  0.000  0.000
Q       -0.397  0.000  0.000  0.000  0.000  0.000  0.000  0.000  0.000  0.000  0.000  0.000  0.000  0.000  0.000  0.000  0.000  0.000  0.000  0.000  0.000
R        0.000  0.000  0.000  0.000  0.000  0.000  0.000  0.000  0.000  0.000  0.000  0.000 -0.467  0.000  0.414  0.000  0.000  0.000  0.000  0.000  0.000
S        0.503  0.000  0.000  0.455  0.000 -1.034  0.000  0.565  0.199  0.000  0.000  0.000  0.374  0.000  0.000  0.074 -0.958 -0.086  0.000  0.000  0.000
T        0.693  0.000  0.000  0.465  0.000  0.000  0.000  0.000  0.186  0.000  0.000  0.000 -0.188  0.000  0.000 -0.026 -0.064  0.314  0.000  0.000  0.000
V       -0.987  0.000  0.000  0.092  0.000  0.000  0.000  0.000  0.000  0.000  0.000  0.000  0.000  0.000  0.000  0.000  0.112  0.000  0.000  0.000  0.000
W        0.000  0.000  0.000  0.000  0.000  0.000  0.000  0.000  0.000  0.000  0.000  0.000  0.000  0.000  0.000  0.000  0.000  0.000  0.000  0.000  0.000
Y        0.000  0.000  0.000  0.000  0.000  0.000  0.000  0.000  0.000  0.000  0.000  0.000 -0.569  0.000  0.000  0.000  0.000  0.000  0.000  0.000  0.000
X        0.000  0.000  0.000  0.000  0.000  0.000  0.000  0.000  0.000  0.000  0.000  0.000  0.000  0.000  0.000  0.000  0.000  0.000  0.000  0.000  0.000
