i-1/i     A      C      D      E      F      G      H      I      K      L      M      N      P      Q      R      S      T      V      W      Y      X
A       -0.063  0.000  0.000  0.477  0.000 -0.593  0.000  0.000  0.864  0.000  0.000  0.000 -0.607 -0.357 -0.412 -0.695 -0.132  0.336  0.000  0.000  0.000
C        0.000  0.000  0.000  0.000  0.000  0.000  0.000  0.000  0.000  0.000  0.000  0.000  0.000  0.000  0.000  0.000  0.000  0.000  0.000  0.000  0.000
D       -0.472  0.000  0.000  0.000  0.000  0.512  0.000 -0.435  0.000 -0.140  0.000  0.000 -0.120  0.000  0.000  0.224  0.377  0.000  0.000  0.000  0.000
E        0.415  0.000 -0.080  0.347 -0.340  0.622  0.000  0.000 -0.071  0.610  0.000 -0.317  0.094  0.000 -0.130  0.170  0.000  0.418  0.000  0.000  0.000
F        0.000  0.000  0.000  0.000  0.000 -0.088  0.000  0.000  1.170  0.000  0.000  0.000 -0.138  0.000  0.000 -0.561  0.000  0.000  0.000  0.000  0.000
G        1.280  0.000  1.011  0.616  0.000  0.632  0.758  0.000  1.209  0.000  0.000  1.235  0.716  0.000  1.383  0.197  0.485  0.846  0.000  0.000  0.000
H        0.376  0.000  0.000  0.198  0.000  0.000 -0.592  0.000  0.000  0.000  0.000  0.000 -0.385  0.000  0.000  0.000  0.000  0.000  0.000  0.000  0.000
I        0.328  0.000 -0.411  0.000  0.000 -0.233  0.000  0.000 -0.067  0.487  0.000  0.000 -0.321  0.000 -1.363  0.368  0.000 -0.704  0.000  0.000  0.000
K        0.695  0.000  0.000 -0.200  0.000 -0.602  0.000  0.000  0.000  0.000  0.000  0.000 -0.193  0.000  0.000 -0.136 -0.158  0.000  0.000  0.000  0.000
L        0.458  0.000 -0.193  0.000  0.000  0.000  0.000  0.311 -0.423  0.525  0.000  0.135  0.335  0.829 -0.594 -0.121  0.460  0.360  0.000  0.000  0.000
M        0.000  0.000  0.000  0.000  0.000  0.000  0.000  0.000  0.000  0.000  0.000  0.000  0.000  0.000  0.000  0.000  0.000  0.000  0.000  0.000  0.000
N        0.000  0.000  0.000  0.000  0.000  0.162  0.000  0.000  0.000  0.000  0.000  0.000 -0.204  0.000  0.000  0.000  0.000  0.000  0.000  0.000  0.000
P       -1.280  0.000  0.000 -0.895  0.000 -1.068  0.000 -0.607 -1.099 -1.155  0.000 -1.172  0.000  0.000  0.000  0.000 -1.037 -1.183  0.000  0.000  0.000
Q        0.000  0.000  0.000 -0.299  0.000  0.582  0.000 -0.431  0.000  0.000  0.000  0.000  0.217  0.000  0.000  0.462  0.000  0.000  0.000  0.000  0.000
R        0.654  0.000 -0.879  0.528  0.000  0.000  0.000  0.173  0.000  0.558  0.000  0.000 -0.024  0.000  0.000 -0.450  0.000  0.000  0.000  0.000  0.000
S       -0.209  0.000  0.725  0.262  0.000  0.382  0.000  0.126  0.000  0.192  0.000  0.000  0.291  0.000  0.000  0.346  0.581  0.767  0.000  0.000  0.000
T        0.000  0.000  0.000  0.359  0.000 -0.210  0.000  0.000  0.771  1.028  0.000  0.000  0.081  0.386  0.000  0.000  0.214  0.608  0.000  0.504  0.000
V        0.000  0.000  0.000 -0.038  0.000 -0.202  0.000  0.000 -0.080  0.000  0.000  0.000 -0.281  0.000  0.000  0.252  0.000 -0.413  0.000  0.000  0.000
W        0.000  0.000  0.000  0.000  0.000  1.068  0.000  0.000  0.000  0.000  0.000  0.000 -0.034  0.000  0.000  0.000  0.000  0.000  0.000  0.000  0.000
Y        0.000  0.000  0.000  0.000  0.000  0.000  0.000  0.000 -0.276  0.000  0.000  0.000 -0.366  0.000  0.000  0.000  0.000  0.000  0.000  0.000  0.000
X        0.000  0.000  0.000  0.000  0.000 -0.547  0.000  0.000  0.000  0.000  0.000  0.000  0.000  0.000  0.000  0.000  0.000  0.000  0.000  0.000  0.000
