i-1/i     A      C      D      E      F      G      H      I      K      L      M      N      P      Q      R      S      T      V      W      Y      X
A        0.207  0.000  0.909  0.308  0.000 -0.086  0.000  0.393  0.000  0.030  0.000  0.000 -0.047 -0.238  0.000  0.167  0.000 -0.645  0.000  0.000  0.000
C        0.000  0.000  0.000  0.000  0.000  0.000  0.000  0.000  0.000  0.000  0.000  0.000  0.000  0.000  0.000  0.000  0.000  0.000  0.000  0.000  0.000
D        0.146  0.000  0.000  0.000  0.000  0.400  0.000  0.258  0.000 -0.340  0.000  0.000  0.645  0.545  0.000  0.000  0.000  0.005  0.000  0.000  0.000
E       -0.344  0.000  0.000 -0.042  0.000  0.264  0.599  0.000 -0.567  0.120  0.000  0.000 -0.070 -0.834 -1.383  0.061  0.212  0.138  0.000  0.000  0.000
F        0.000  0.000  0.000  0.000  0.000  0.000  0.000  0.000  0.000  0.000  0.000  0.000  0.459  0.000  0.000  0.000 -0.567  0.000  0.000  0.000  0.000
G       -0.809  0.000  0.000  0.000  0.738  0.337  0.000  0.920  0.000  0.000  0.000  0.315  0.621  0.568  0.000 -0.304 -0.446 -0.222  0.000  0.000  0.000
H        0.000  0.000  0.000  0.000  0.000 -0.277  0.000  0.000  0.000  0.000  0.000  0.000  0.000  0.000  0.000  0.000  0.277  0.000  0.000  0.000  0.000
I        0.000  0.000 -0.050  0.000  0.000  0.000  0.000 -0.686  0.000  0.000  0.000  0.000  0.087 -0.530  0.532  0.140  0.000  0.000  0.000  0.000  0.000
K        0.330  0.000  0.000  0.053  0.000 -0.918  0.000  0.000 -0.113 -0.300  0.000  0.000  0.102  0.000  0.000  0.000  0.000  0.152  0.000  0.000  0.000
L       -0.011  0.000  0.000 -0.133  0.000 -0.118  0.000  0.000  0.000  0.000  0.000  0.000 -0.019  0.000 -0.249 -0.062  0.612  0.594  0.000  0.000  0.000
M        0.000  0.000  0.000  0.000  0.000  0.000  0.000  0.000  0.000  0.000  0.000  0.000  0.000  0.000  0.000  0.000  0.000  0.000  0.000  0.000  0.000
N        0.000  0.000  0.000  0.000  0.000  0.105  0.000  0.000  0.000 -0.083  0.000  0.000 -0.079  0.000  0.000  0.000  0.000  0.336  0.000  0.000  0.000
P        0.284  0.000 -0.756  0.339  0.784  0.417  0.611  0.479  0.538  0.169  0.000 -0.547 -0.039  0.388  0.378  0.216 -0.236  0.110  0.000 -0.172  0.000
Q        0.000  0.000  0.000  0.000  0.000  0.423  0.000  0.000  0.437  0.000  0.000  0.000  0.312  0.000  0.000  0.000  0.000  0.000  0.000  0.000  0.000
R        0.034  0.000  0.000  0.000  0.000  0.000  0.000 -0.544 -0.738  0.136  0.000  0.000  0.707  0.000 -0.664 -0.597  0.000  0.000  0.000  0.000  0.000
S        0.000  0.000 -0.566  0.351  0.000 -0.839  0.000  0.000 -0.208 -0.081  0.000  0.000 -0.002  0.000  0.000 -0.018  0.243  0.151  0.000  0.000  0.000
T        0.680  0.000 -0.567  0.000  0.000 -0.068  0.000  0.000 -0.336  0.476  0.000  0.000 -0.259  0.000  0.000  0.244 -0.088 -0.552  0.000  0.000  0.000
V        0.280  0.000  0.000 -0.567  0.000 -0.123  0.000  0.000 -0.141 -0.179  0.000  0.000 -0.574  0.000  0.000  0.083  0.218 -0.932  0.000  0.000  0.000
W        0.000  0.000  0.000  0.487  0.000  0.000  0.000  0.000  0.000  0.000  0.000  0.000  0.000  0.000  0.000  0.000  0.000  0.000  0.000  0.000  0.000
Y        0.000  0.000  0.000  0.000  0.000  0.000  0.000  0.000  0.000  0.000  0.000  0.366 -0.274  0.000  0.000  0.000  0.000  0.000  0.000  0.000  0.000
X        0.000  0.000  0.000  0.000  0.000  0.000  0.000  0.000  0.000  0.000  0.000  0.000  0.000  0.000  0.000  0.000  0.000  0.000  0.000  0.000  0.000
