i-1/i     A      C      D      E      F      G      H      I      K      L      M      N      P      Q      R      S      T      V      W      Y      X
A        0.008  0.000  0.000  0.000  0.000  0.000  0.000  0.063 -0.113  0.040  0.000  0.000 -0.099 -0.054  0.000  0.050  0.034  0.026  0.000  0.000  0.000
C        0.000  0.000  0.000  0.000  0.000  0.000  0.000  0.000  0.000  0.000  0.000  0.000  0.000  0.000  0.000  0.000  0.000  0.000  0.000  0.000  0.000
D        0.025  0.000  0.000  0.000  0.000  0.000  0.000 -0.252  0.000  0.000  0.000  0.000  0.051  0.000  0.000  0.000  0.000  0.000  0.000  0.000  0.000
E       -0.067  0.000 -0.012 -0.049  0.000  0.000  0.000  0.014  0.000  0.000  0.000  0.000 -0.038  0.000  0.000  0.000 -0.030 -0.029  0.000  0.000  0.000
F        0.000  0.000  0.000  0.000  0.000  0.000  0.000  0.116  0.000  0.000  0.000  0.000 -0.011  0.000  0.000  0.000  0.000  0.000  0.000  0.000  0.000
G        0.108  0.000  0.063  0.000  0.000  0.000  0.172  0.000  0.050 -0.090  0.000  0.196  0.008 -0.183 -0.049 -0.025  0.046  0.258  0.000  0.000  0.000
H        0.000  0.000  0.000  0.000  0.000  0.000  0.000  0.000  0.000  0.037  0.000  0.000  0.000  0.000  0.000  0.000  0.000  0.000  0.000  0.000  0.000
I        0.000  0.000  0.030 -0.164  0.000  0.000  0.000  0.000  0.000  0.000  0.000  0.021  0.038  0.000  0.000  0.000  0.000  0.000  0.000  0.000  0.000
K       -0.132  0.000  0.000 -0.018  0.000  0.000  0.000  0.060 -0.018 -0.079  0.000  0.000 -0.128  0.000  0.000 -0.036  0.207  0.077  0.000  0.000  0.000
L       -0.179  0.000 -0.079 -0.101  0.200  0.000  0.000  0.000  0.000 -0.093  0.000  0.000 -0.060  0.000  0.000 -0.036 -0.137 -0.150  0.000  0.000  0.000
M        0.000  0.000  0.000  0.000  0.000  0.000  0.000  0.000  0.000  0.000  0.000  0.000 -0.030  0.000  0.000 -0.019 -0.098  0.000  0.000  0.000  0.000
N        0.000  0.000  0.000  0.000  0.000  0.000  0.000  0.000  0.000  0.000  0.000  0.000 -0.020  0.000  0.000  0.000  0.000  0.000  0.000  0.000  0.000
P       -0.094  0.000 -0.018  0.031  0.000  0.000  0.000 -0.044  0.048  0.028  0.000  0.000 -0.007  0.000 -0.060  0.007  0.024 -0.113  0.000  0.094 -0.009
Q        0.000  0.000  0.000  0.000  0.000  0.000  0.000  0.000 -0.038  0.000  0.000  0.000  0.001  0.000  0.000  0.000  0.000  0.000  0.000  0.000  0.000
R        0.162  0.000 -0.001 -0.014  0.000  0.000  0.000 -0.007  0.132 -0.049  0.000  0.000  0.043  0.075  0.000  0.000  0.000  0.000  0.000  0.000  0.000
S        0.169  0.000  0.018  0.000  0.000  0.000  0.000  0.043  0.000  0.006  0.242  0.000  0.017  0.000  0.000  0.060  0.045  0.000  0.000  0.000  0.000
T        0.000  0.000  0.000 -0.134  0.000  0.000  0.000  0.000  0.000  0.000  0.000  0.000 -0.052  0.000  0.000  0.002 -0.018  0.054  0.000  0.000  0.000
V        0.000  0.000  0.028 -0.049  0.000  0.000  0.000  0.127  0.000  0.000  0.000  0.000  0.077  0.000  0.000  0.018  0.000  0.000  0.000  0.000  0.000
W        0.000  0.000  0.000  0.000  0.000  0.000  0.000  0.000  0.000  0.000  0.000  0.000  0.000  0.000  0.000  0.000  0.000  0.000  0.000  0.000  0.000
Y        0.000  0.000  0.000  0.000  0.000  0.000  0.000  0.000  0.000  0.000  0.000  0.000  0.000  0.000  0.000  0.000  0.000  0.000  0.000  0.000  0.000
X        0.000  0.000  0.000  0.000  0.000  0.000  0.000  0.000  0.000  0.000  0.000  0.000  0.000  0.000  0.000  0.000  0.000  0.000  0.000  0.000  0.000
