i-1/i     A      C      D      E      F      G      H      I      K      L      M      N      P      Q      R      S      T      V      W      Y      X
A        0.041  0.000  0.088 -0.064  0.000  0.000  0.000  0.000 -0.215  0.137  0.000  0.000 -0.024  0.000 -0.016  0.000 -0.008  0.000  0.000  0.000  0.000
C        0.000  0.000  0.000  0.000  0.000  0.000  0.000  0.000  0.000  0.000  0.000  0.000  0.000  0.000  0.000  0.000  0.000  0.000  0.000  0.000  0.000
D        0.000  0.000 -0.036 -0.111  0.000  0.000  0.000 -0.030  0.000 -0.022  0.000  0.000 -0.036  0.000  0.000  0.000 -0.155 -0.139  0.000  0.000  0.000
E        0.000  0.000  0.064  0.000  0.000  0.000  0.000 -0.093  0.058 -0.051  0.000 -0.013 -0.152  0.000  0.000  0.110 -0.045  0.058  0.000  0.000  0.000
F        0.000  0.000  0.000  0.000  0.000  0.000  0.000  0.000  0.000  0.000  0.000  0.000  0.002  0.000  0.000  0.000  0.000  0.000  0.000  0.000  0.000
G       -0.029  0.000 -0.035 -0.001  0.000  0.000  0.191  0.000 -0.071 -0.091  0.000  0.109  0.038  0.000 -0.098 -0.008  0.101  0.194  0.000 -0.264  0.175
H        0.000  0.000  0.000  0.000  0.000  0.000  0.000  0.000  0.000 -0.162  0.000  0.000  0.000  0.000  0.000  0.000  0.000  0.000  0.000  0.000  0.000
I        0.008  0.000  0.000  0.069  0.000  0.000  0.000 -0.097 -0.038  0.000  0.000  0.000 -0.024  0.000  0.000 -0.113  0.000 -0.223  0.000  0.000  0.000
K        0.000  0.000  0.000  0.000  0.000  0.000  0.000 -0.141  0.037 -0.014  0.000  0.000 -0.044  0.021  0.000  0.000  0.023  0.000  0.000  0.000  0.000
L        0.004  0.000  0.000  0.000  0.000  0.000  0.000  0.000  0.000  0.030  0.000  0.000  0.040  0.066  0.138  0.062  0.000  0.000  0.000  0.000  0.000
M        0.000  0.000  0.000  0.000  0.000  0.000  0.000  0.000  0.000  0.000  0.000  0.000 -0.089  0.000  0.000 -0.025  0.000  0.000  0.000  0.000  0.000
N        0.000  0.000  0.000  0.000  0.000  0.000  0.000  0.025  0.000  0.000  0.000  0.000 -0.068  0.000  0.000  0.000  0.000  0.000  0.000  0.000  0.000
P       -0.052  0.000  0.153  0.004 -0.163  0.000  0.000 -0.089  0.069 -0.072 -0.151 -0.052 -0.010  0.056  0.086 -0.076 -0.060  0.080  0.000  0.000  0.000
Q        0.162  0.000  0.000  0.000  0.000  0.000  0.000  0.000  0.000  0.082  0.000  0.000  0.097  0.000  0.000  0.000  0.000  0.000  0.000  0.000  0.000
R        0.015  0.000  0.000  0.000  0.000  0.000  0.000  0.207  0.000  0.000 -0.105  0.000  0.098  0.000 -0.067  0.000  0.000  0.000  0.000  0.000  0.000
S        0.010  0.000  0.000 -0.048  0.000  0.000  0.000  0.217  0.047  0.109  0.125  0.000 -0.008 -0.164  0.000  0.126 -0.096  0.147  0.000  0.000  0.000
T       -0.030  0.000 -0.026 -0.087  0.000  0.000  0.000  0.000 -0.055  0.072  0.000  0.000 -0.009  0.000  0.000 -0.019  0.089 -0.258  0.000  0.000  0.000
V       -0.069  0.000  0.000  0.103  0.000  0.000  0.000  0.099  0.000  0.000  0.000  0.000  0.011  0.000  0.000  0.000 -0.136 -0.045  0.000  0.000  0.000
W        0.000  0.000  0.000  0.000  0.000  0.000  0.000  0.000  0.000  0.000  0.000  0.000  0.000  0.000  0.000  0.000  0.000  0.000  0.000  0.000  0.000
Y        0.000  0.000  0.000  0.000  0.000  0.000  0.000  0.000  0.000  0.000  0.000  0.000  0.000  0.000  0.000  0.000  0.000  0.000  0.000  0.000  0.000
X        0.000  0.000  0.000  0.000  0.000  0.000  0.000  0.000  0.000  0.000  0.000  0.000  0.000  0.000  0.000  0.000  0.000  0.000  0.000  0.000  0.000
