i-1/i     A      C      D      E      F      G      H      I      K      L      M      N      P      Q      R      S      T      V      W      Y      X
A       -0.055  0.000  0.000 -0.059 -0.107  0.000  0.000 -0.114  0.000 -0.022  0.000  0.000 -0.028 -0.141 -0.036 -0.015 -0.022 -0.183  0.000  0.000  0.000
C        0.000  0.000  0.000  0.000  0.000  0.000  0.000  0.000  0.000  0.000  0.000  0.000  0.000  0.000  0.000  0.000  0.000  0.000  0.000  0.000  0.000
D       -0.057  0.000  0.000  0.000  0.000  0.000  0.000  0.066 -0.111 -0.133 -0.160  0.000 -0.048 -0.183  0.000  0.016  0.114  0.000  0.000  0.000  0.000
E       -0.167  0.000 -0.025  0.028  0.179  0.000  0.000  0.000  0.000 -0.162  0.000  0.000 -0.038  0.000 -0.213 -0.138  0.000 -0.237  0.000  0.000  0.000
F        0.000  0.000  0.000  0.000  0.000  0.000  0.000  0.000 -0.215  0.000  0.000  0.000 -0.094  0.000  0.000  0.119  0.000  0.000  0.000  0.000  0.000
G        0.100  0.000 -0.005 -0.190  0.000  0.000  0.166  0.000 -0.119  0.000  0.000  0.196 -0.034  0.000 -0.053 -0.039 -0.022  0.110  0.000  0.000  0.000
H       -0.204  0.000  0.000  0.069  0.000  0.000 -0.151  0.000  0.000  0.000  0.000  0.000  0.009  0.000  0.000  0.000  0.000  0.000  0.000  0.000  0.000
I       -0.019  0.000  0.059  0.000  0.000  0.000  0.000  0.000  0.100  0.042  0.000  0.000  0.016  0.000  0.046  0.028 -0.063 -0.085  0.000  0.000  0.000
K        0.000  0.000  0.000  0.060  0.000  0.000  0.000  0.000 -0.215  0.000  0.000 -0.031  0.047  0.000  0.000  0.090 -0.176 -0.048  0.000  0.000  0.000
L       -0.001  0.000  0.029  0.000  0.000  0.000  0.000 -0.100 -0.060 -0.131  0.000 -0.184 -0.080  0.000 -0.181  0.110 -0.118  0.039  0.000  0.000  0.000
M        0.050  0.000  0.000  0.000  0.000  0.000  0.000  0.000  0.000  0.000  0.000  0.000 -0.007  0.000  0.000  0.000  0.000  0.000  0.000  0.000  0.000
N        0.000  0.000  0.000  0.000  0.000  0.000  0.000  0.000  0.000  0.000  0.000  0.000 -0.132  0.000  0.000  0.000  0.000  0.000  0.000  0.000  0.000
P        0.165  0.000  0.153  0.190 -0.050  0.000  0.000  0.101  0.214  0.110  0.244  0.049  0.152  0.155  0.139  0.137  0.131  0.095  0.000  0.000  0.000
Q        0.000  0.000  0.000  0.009  0.000  0.000  0.000 -0.104  0.000  0.000  0.000  0.000 -0.096 -0.072  0.000 -0.082  0.000  0.000  0.000  0.000  0.000
R       -0.028  0.000 -0.107  0.000  0.000  0.000  0.000  0.011 -0.053 -0.066  0.000  0.000 -0.018  0.000  0.000 -0.110 -0.065  0.000  0.000  0.000  0.000
S       -0.075  0.000 -0.022 -0.022  0.000  0.000  0.000  0.093  0.000  0.049  0.169  0.000  0.047  0.000 -0.060  0.042  0.085 -0.002  0.000  0.000  0.000
T        0.000  0.000  0.074  0.046  0.000  0.000  0.000  0.051  0.025 -0.019 -0.010  0.000  0.021 -0.046  0.000 -0.002 -0.040  0.024  0.000  0.006  0.000
V        0.000  0.000 -0.082 -0.105  0.000  0.000  0.000  0.000 -0.042  0.000  0.000  0.000 -0.006  0.000  0.000  0.032 -0.039  0.097  0.000  0.000  0.000
W        0.000  0.000  0.000  0.000  0.000  0.000  0.000  0.000  0.000  0.000  0.000  0.000 -0.038  0.000  0.000  0.000  0.000  0.000  0.000  0.000  0.000
Y        0.000  0.000  0.000  0.000  0.000  0.000  0.000  0.000  0.041  0.000  0.000  0.000  0.022  0.000  0.000  0.000  0.000  0.000  0.000  0.000  0.000
X        0.000  0.000  0.000  0.000  0.000  0.000  0.000  0.000  0.000  0.000  0.000  0.000  0.000  0.000  0.000  0.000  0.000  0.000  0.000  0.000  0.000
