i-1/i     A      C      D      E      F      G      H      I      K      L      M      N      P      Q      R      S      T      V      W      Y      X
A        0.028  0.000  0.000 -0.084  0.000  0.000  0.000 -0.142  0.154  0.070  0.176  0.000 -0.020  0.000  0.000 -0.020  0.000  0.000  0.000  0.000  0.000
C        0.000  0.000  0.000  0.000  0.000  0.000  0.000  0.000  0.000  0.000  0.000  0.000  0.000  0.000  0.000  0.000  0.000  0.000  0.000  0.000  0.000
D        0.000  0.000  0.028  0.008  0.000  0.000  0.000  0.118  0.000 -0.029  0.000  0.000  0.052  0.001 -0.034  0.054 -0.110  0.000  0.000  0.000  0.000
E       -0.063  0.000  0.000  0.006  0.000  0.000 -0.099 -0.193  0.106  0.144  0.000  0.000 -0.075 -0.141  0.205 -0.022 -0.076  0.134  0.000  0.000  0.000
F        0.000  0.000  0.000  0.000  0.000  0.000  0.000  0.000  0.000  0.000  0.000  0.000 -0.057 -0.173  0.000  0.000  0.110  0.000  0.000  0.000  0.000
G       -0.038  0.000  0.131  0.000  0.107  0.000  0.000  0.000  0.000  0.000  0.000  0.130  0.081 -0.011 -0.080 -0.029 -0.035  0.113  0.000  0.000  0.175
H        0.000  0.000  0.000  0.000  0.000  0.000  0.000  0.000  0.000  0.000  0.000  0.000  0.000  0.000  0.000  0.000  0.104  0.000  0.000  0.000  0.000
I        0.000  0.000 -0.117  0.000  0.000  0.000  0.000  0.000  0.000  0.000  0.000  0.000 -0.036 -0.052 -0.097 -0.049  0.053  0.000  0.000  0.000  0.000
K       -0.056  0.000 -0.098 -0.048  0.000  0.000  0.000  0.082  0.020  0.031  0.000  0.000 -0.074  0.058  0.000  0.000 -0.036 -0.127  0.000  0.000  0.000
L        0.079  0.000 -0.092 -0.088  0.000  0.000  0.000  0.000  0.000  0.017  0.000  0.000  0.026  0.161 -0.057  0.138 -0.069  0.071  0.000  0.000  0.000
M        0.000  0.000  0.124  0.000  0.000  0.000  0.000  0.000  0.000  0.000  0.000  0.000 -0.029  0.000  0.000 -0.138  0.125  0.000  0.000  0.000  0.000
N        0.000  0.000  0.000  0.000  0.000  0.000  0.000  0.000  0.076 -0.111  0.000  0.000 -0.108  0.000  0.000  0.000  0.000  0.258  0.000  0.000  0.000
P       -0.046  0.000 -0.020 -0.099 -0.124  0.000  0.097  0.090 -0.067 -0.085 -0.161  0.093 -0.013  0.019  0.031 -0.011 -0.033 -0.097  0.000 -0.079  0.000
Q        0.000  0.000  0.000  0.000  0.000  0.000  0.000  0.000  0.001  0.147  0.000  0.000 -0.039  0.000  0.000  0.000  0.079  0.000  0.000  0.000  0.000
R       -0.015  0.000  0.000  0.139  0.000  0.000  0.000 -0.154 -0.146 -0.014  0.000  0.000  0.001  0.000 -0.041 -0.046  0.000 -0.258  0.000  0.000  0.000
S        0.038  0.000  0.053  0.062  0.000  0.000  0.000  0.175 -0.017 -0.038  0.000  0.000  0.056  0.000 -0.014  0.021 -0.009  0.126  0.000  0.000  0.000
T        0.055  0.000  0.025  0.000  0.098  0.000  0.000  0.083  0.128  0.070  0.000  0.000  0.029  0.000  0.000  0.018 -0.057  0.180  0.000  0.000  0.000
V       -0.049  0.000  0.000  0.119  0.000  0.000  0.000 -0.005  0.144 -0.116  0.000  0.000 -0.044  0.000  0.000 -0.069  0.035 -0.155  0.000  0.000  0.000
W        0.000  0.000  0.000  0.000  0.000  0.000  0.000  0.000  0.000  0.000  0.000  0.000  0.000  0.000  0.000  0.000  0.000  0.000  0.000  0.000  0.000
Y        0.000  0.000  0.000  0.000  0.000  0.000  0.000  0.000  0.000  0.000  0.000 -0.193  0.132  0.000  0.000  0.000  0.000  0.000  0.000  0.000  0.000
X        0.000  0.000  0.000  0.000  0.000  0.000  0.000  0.000  0.000  0.000  0.000  0.000  0.000  0.000  0.000  0.000  0.000  0.000  0.000  0.000  0.000
