i-1/i     A      C      D      E      F      G      H      I      K      L      M      N      P      Q      R      S      T      V      W      Y      X
A       -0.084  0.000  0.000  0.000  0.000  0.180  0.000 -0.076 -0.067 -0.099  0.000  0.065  0.000 -0.150  0.000 -0.032 -0.118  0.074  0.000  0.000  0.000
C        0.000  0.000  0.000  0.000  0.000  0.000  0.000  0.000  0.000  0.000  0.000  0.000  0.000  0.000  0.000  0.000  0.000  0.000  0.000  0.000  0.000
D       -0.071  0.000  0.000  0.084  0.000 -0.213  0.000 -0.016  0.000 -0.032  0.000  0.000  0.000  0.000  0.000  0.000  0.000  0.000  0.000  0.000  0.000
E        0.000  0.000 -0.033 -0.245  0.000  0.000  0.000 -0.089  0.269 -0.078  0.000  0.000  0.000  0.000  0.000 -0.049  0.050  0.009  0.000  0.000  0.000
F        0.000  0.000  0.000  0.228  0.000  0.000  0.000  0.000  0.000  0.000  0.000  0.000  0.000  0.000  0.000  0.000  0.000  0.000  0.000  0.000  0.000
G        0.172  0.000  0.054  0.210  0.000  0.068 -0.009  0.000  0.081 -0.029  0.310  0.000  0.000  0.000 -0.155 -0.047  0.103  0.116  0.000  0.000  0.000
H        0.000  0.000  0.000  0.000  0.000  0.000  0.000  0.000  0.000  0.128  0.000  0.000  0.000  0.000  0.000  0.000  0.000  0.000  0.000  0.000  0.000
I        0.000  0.000 -0.154  0.117  0.000  0.000  0.000  0.000  0.000  0.000  0.000 -0.049  0.000  0.000  0.000  0.000  0.000 -0.067  0.000  0.000  0.000
K        0.155  0.000  0.000 -0.109  0.000  0.349  0.000 -0.052  0.088  0.036  0.000  0.000  0.000  0.000  0.000 -0.027  0.108 -0.105  0.349  0.000  0.000
L       -0.094  0.000 -0.070  0.132  0.037 -0.207  0.000  0.007  0.134  0.025  0.000  0.000  0.000  0.000  0.000  0.016 -0.098  0.161  0.000  0.000  0.000
M        0.000  0.000  0.000  0.000  0.000  0.000  0.000  0.000  0.000  0.000  0.000  0.000  0.000  0.000  0.046 -0.304 -0.325  0.000  0.000  0.000  0.000
N        0.000  0.000  0.000  0.000  0.000  0.154 -0.165  0.000  0.000  0.000  0.000  0.000  0.000  0.000  0.000  0.000  0.000  0.020  0.000  0.000  0.000
P       -0.115  0.000 -0.036  0.098  0.000  0.091  0.000  0.000  0.042  0.027  0.000 -0.031  0.000  0.000 -0.004  0.095  0.123 -0.091  0.000 -0.275 -0.026
Q        0.000  0.000  0.000  0.000  0.000  0.000  0.000 -0.152  0.113  0.095  0.000  0.000  0.000  0.000  0.000  0.000  0.000  0.000  0.000  0.000  0.000
R       -0.178  0.000  0.155  0.224  0.000  0.000  0.000  0.020 -0.037  0.000  0.000  0.000  0.000 -0.012  0.000  0.000  0.000 -0.006  0.000  0.000  0.000
S        0.065  0.000 -0.177  0.000  0.000 -0.389  0.000  0.047  0.000 -0.161  0.142  0.000  0.000  0.000  0.000 -0.168 -0.180  0.249  0.000  0.000  0.000
T        0.000  0.000  0.077 -0.171  0.000  0.186  0.000  0.273  0.000  0.000  0.000  0.000  0.000  0.199  0.233  0.000  0.125 -0.105  0.000  0.000  0.000
V        0.000  0.000 -0.010 -0.231  0.000 -0.071  0.000 -0.020  0.000  0.000  0.000  0.000  0.000  0.000  0.000 -0.152  0.000  0.085  0.000  0.000  0.000
W        0.000  0.000  0.000  0.000  0.000  0.000  0.000  0.000  0.000  0.000  0.000  0.000  0.000  0.000  0.000  0.000  0.000  0.000  0.000  0.000  0.000
Y        0.000  0.000  0.000  0.000  0.000 -0.228  0.000  0.000  0.000  0.000  0.000  0.000  0.000  0.000  0.000  0.000  0.000  0.000  0.000  0.000  0.000
X        0.000  0.000  0.000  0.000  0.000 -0.199  0.000  0.000  0.000  0.000  0.000  0.000  0.000  0.000  0.000  0.000  0.000  0.000  0.000  0.000  0.000
