i-1/i     A      C      D      E      F      G      H      I      K      L      M      N      P      Q      R      S      T      V      W      Y      X
A       -0.110  0.000 -0.058 -0.194  0.000 -0.113  0.000  0.000  0.042 -0.198  0.000  0.000  0.000  0.000 -0.046  0.000 -0.161  0.000  0.000  0.000  0.000
C        0.000  0.000  0.000  0.000  0.000  0.000  0.000  0.000  0.000  0.000  0.000  0.000  0.000  0.000  0.000  0.000  0.000  0.000  0.000  0.000  0.000
D        0.000  0.000  0.081 -0.203  0.000  0.114  0.000  0.036  0.000 -0.101  0.000  0.000  0.000  0.000  0.000  0.000 -0.049  0.090  0.000  0.000  0.000
E        0.021  0.000 -0.162  0.000 -0.297  0.444  0.000 -0.086  0.058 -0.062  0.000 -0.108  0.000  0.000  0.000 -0.219 -0.185 -0.004  0.000  0.000  0.000
F        0.000  0.000  0.000  0.000  0.000  0.000  0.000  0.000  0.000  0.090  0.000  0.000  0.000  0.000  0.000  0.000  0.000  0.000  0.000  0.000  0.000
G        0.047  0.000 -0.058  0.112  0.000  0.150  0.000  0.000  0.263  0.160  0.000  0.000  0.000  0.000 -0.290 -0.054  0.087  0.029  0.000  0.145 -0.154
H        0.000  0.000  0.000  0.000  0.000 -0.061 -0.004  0.000  0.000 -0.180  0.000  0.000  0.000  0.000  0.000  0.000  0.000  0.000  0.000  0.000  0.000
I        0.000  0.000 -0.017  0.176  0.000  0.000  0.000  0.095 -0.190  0.000  0.000  0.000  0.000  0.000  0.000 -0.209  0.000 -0.074  0.000  0.000  0.000
K        0.207  0.000  0.000  0.000  0.000 -0.243  0.000  0.246 -0.027 -0.051  0.000  0.000  0.000 -0.161  0.001  0.000  0.297 -0.108  0.000  0.000  0.000
L       -0.044  0.000  0.000 -0.159  0.000  0.000  0.000  0.000  0.000  0.006  0.000  0.000  0.000 -0.151  0.000  0.003  0.000 -0.119  0.000  0.000  0.000
M        0.000  0.000  0.000  0.000  0.000  0.000  0.000  0.000  0.000  0.000  0.000  0.000  0.000  0.000  0.000 -0.097  0.000  0.000  0.000  0.000  0.000
N        0.027  0.000  0.000  0.000  0.000  0.270  0.000  0.176  0.000  0.364  0.000  0.000  0.000  0.000  0.000  0.000  0.000  0.000  0.000  0.000  0.000
P       -0.195  0.000  0.000 -0.236  0.026 -0.114  0.000 -0.130 -0.094 -0.062 -0.113 -0.096  0.000 -0.041  0.014 -0.058 -0.090 -0.026  0.000  0.000  0.000
Q       -0.187  0.000  0.000  0.000  0.000  0.000 -0.266  0.000  0.000 -0.173  0.000  0.000  0.000  0.000  0.000  0.000  0.000 -0.217  0.000  0.000  0.000
R        0.048  0.000  0.000 -0.140  0.000  0.000  0.000  0.000  0.000  0.000 -0.048  0.000  0.000  0.000 -0.354  0.000  0.000  0.000  0.000  0.000  0.000
S        0.138  0.000 -0.120  0.013  0.000  0.065  0.000 -0.110  0.043  0.042  0.109  0.000  0.000  0.000 -0.214  0.010 -0.096 -0.115  0.000  0.000  0.000
T       -0.032  0.000  0.013  0.182  0.000  0.000  0.000  0.000 -0.174 -0.189  0.000  0.000  0.000  0.000  0.000 -0.176 -0.039 -0.121  0.000  0.000  0.000
V       -0.237  0.000  0.000  0.004  0.000  0.000  0.000  0.000 -0.209  0.000  0.000  0.000  0.000  0.000  0.000  0.000 -0.329 -0.015  0.000  0.000  0.000
W       -0.228  0.000  0.000  0.000  0.000  0.000  0.000  0.000  0.000  0.000  0.000  0.000  0.000  0.000  0.000  0.000  0.000  0.000  0.000  0.000  0.000
Y        0.000  0.000  0.000  0.000  0.000  0.000  0.000  0.000 -0.209  0.000  0.000  0.000  0.000  0.000  0.000  0.000  0.000  0.000  0.000  0.000  0.000
X        0.000  0.000  0.000  0.000  0.000  0.000  0.000  0.000  0.000  0.000  0.000  0.000  0.000  0.000  0.000  0.000  0.000  0.000  0.000  0.000  0.000
