i-1/i     A      C      D      E      F      G      H      I      K      L      M      N      P      Q      R      S      T      V      W      Y      X
A       -0.149  0.000  0.008 -0.097 -0.048  0.285  0.000  0.000  0.000 -0.234  0.000  0.000  0.000 -0.038  0.014 -0.140  0.015 -0.226  0.000  0.000  0.000
C        0.000  0.000  0.000  0.000  0.000  0.000  0.000  0.000  0.000  0.000  0.000  0.000  0.000  0.000  0.000  0.000  0.000  0.000  0.000  0.000  0.000
D        0.043  0.000  0.005  0.049  0.000  0.022  0.000 -0.236  0.215 -0.126  0.183  0.200  0.000  0.000  0.000  0.263  0.206 -0.211  0.000  0.000  0.000
E        0.032  0.000 -0.192 -0.015  0.000 -0.071  0.000  0.000 -0.211  0.006  0.000 -0.200  0.000  0.000 -0.068  0.024  0.021 -0.122  0.000  0.000  0.000
F        0.000  0.000  0.000  0.000  0.000  0.000  0.000  0.000  0.038  0.000  0.000  0.000  0.000  0.039  0.000  0.013  0.000  0.000  0.000  0.000  0.000
G        0.042  0.000  0.035  0.288  0.000  0.116 -0.169  0.000  0.130  0.113  0.000  0.200  0.000  0.156  0.167 -0.152 -0.139  0.003  0.000  0.000  0.000
H        0.000  0.000  0.000  0.010  0.000  0.000 -0.058  0.000  0.000  0.000  0.000  0.000  0.000  0.000  0.000  0.000  0.000  0.000  0.000  0.000  0.000
I       -0.096  0.000 -0.021  0.000  0.000 -0.259  0.000  0.206 -0.130  0.111  0.000  0.000  0.000  0.000  0.005 -0.074  0.000 -0.163  0.000  0.000  0.000
K        0.093  0.000  0.161 -0.072  0.000  0.252  0.000  0.000  0.070 -0.322  0.000  0.000  0.000  0.000  0.078 -0.163 -0.075  0.131  0.000  0.000  0.000
L       -0.204  0.000 -0.094  0.000  0.000  0.000  0.000 -0.199  0.009  0.021  0.000  0.000  0.000  0.054  0.000 -0.057 -0.063 -0.046  0.000  0.000  0.000
M        0.282  0.000  0.000  0.000  0.000  0.000  0.000  0.000  0.000  0.000  0.000  0.000  0.000  0.000  0.000  0.000  0.000  0.000  0.000  0.000  0.000
N       -0.073  0.000  0.000  0.000  0.000  0.177  0.000  0.000  0.000  0.000  0.000  0.000  0.000  0.000  0.000  0.000  0.000  0.000  0.000  0.000  0.000
P       -0.054  0.000 -0.068 -0.131  0.097 -0.252  0.041 -0.034 -0.077 -0.011 -0.031  0.007  0.000 -0.141  0.090  0.061  0.011 -0.006  0.000  0.075  0.000
Q       -0.099  0.000  0.210  0.193  0.000  0.038  0.000  0.127  0.000  0.000  0.000  0.000  0.000  0.000  0.000 -0.266  0.000  0.000  0.000  0.000  0.000
R       -0.010  0.000 -0.047 -0.105  0.000 -0.027  0.000  0.000  0.104 -0.088  0.000  0.000  0.000  0.000  0.000  0.041  0.157  0.000  0.000  0.000  0.000
S        0.087  0.000 -0.032  0.029  0.000  0.101  0.000  0.063  0.000  0.130  0.140  0.000  0.000  0.212 -0.010 -0.081 -0.069  0.065  0.000  0.000  0.000
T        0.000  0.000  0.023  0.141  0.496 -0.048  0.000  0.167  0.177 -0.031  0.000 -0.046  0.000  0.264  0.000 -0.065  0.153 -0.059  0.000  0.074  0.000
V        0.000  0.000 -0.020 -0.304  0.000  0.008  0.000  0.000  0.066  0.000  0.000  0.000  0.000  0.000  0.000  0.067 -0.223  0.000  0.000  0.000  0.000
W        0.000  0.000  0.000  0.000  0.000  0.087  0.000  0.000  0.000  0.000  0.000  0.000  0.000  0.000  0.000  0.000  0.000  0.000  0.000  0.000  0.000
Y        0.000  0.000 -0.119  0.000  0.000  0.000  0.000  0.000 -0.001 -0.170  0.000  0.000  0.000  0.000  0.000  0.000  0.000  0.000  0.000  0.000  0.000
X        0.000  0.000  0.000  0.000  0.000 -0.318  0.000  0.000  0.000  0.000  0.000  0.000  0.000  0.000  0.000  0.000  0.000  0.000  0.000  0.000  0.000
