i-1/i     A      C      D      E      F      G      H      I      K      L      M      N      P      Q      R      S      T      V      W      Y      X
A       -0.093  0.000 -0.079 -0.304  0.000  0.011  0.055 -0.055 -0.123 -0.095  0.152  0.000  0.000 -0.282  0.000 -0.086  0.000  0.000  0.000  0.000  0.000
C        0.000  0.000  0.000  0.000  0.000  0.000  0.000  0.000  0.000  0.000  0.000  0.000  0.000  0.000  0.000  0.000  0.000  0.000  0.000  0.000  0.000
D        0.160  0.000 -0.118 -0.167  0.000  0.306  0.000 -0.301  0.000 -0.133  0.000  0.000  0.000 -0.245 -0.187 -0.165  0.000 -0.004  0.000  0.000  0.000
E       -0.136  0.000  0.000 -0.132  0.000  0.318  0.025  0.095 -0.042 -0.054  0.000  0.000  0.000  0.027 -0.345 -0.053 -0.124  0.213  0.000  0.000  0.000
F        0.006  0.000  0.000  0.000  0.000  0.000  0.000  0.000  0.000  0.000  0.000  0.000  0.000  0.000  0.000  0.000  0.318  0.000  0.000  0.000  0.000
G       -0.049  0.000 -0.245  0.000  0.000  0.230  0.000 -0.315  0.000 -0.111  0.000 -0.080  0.000  0.000  0.062 -0.149 -0.228  0.089  0.000  0.000 -0.154
H        0.000  0.000  0.000  0.000  0.000  0.097  0.000 -0.055  0.000  0.000  0.000  0.000  0.000  0.000  0.000  0.000  0.000  0.000  0.000  0.000  0.000
I       -0.132  0.000  0.062  0.000  0.000  0.000  0.000  0.000  0.000 -0.329  0.000  0.000  0.000  0.000 -0.069  0.030 -0.262  0.000  0.000  0.000  0.000
K        0.137  0.000 -0.051 -0.145  0.000  0.369  0.000  0.092 -0.054 -0.026  0.000  0.000  0.000 -0.202  0.000  0.000 -0.187 -0.099  0.000 -0.109  0.000
L        0.106  0.000 -0.047  0.012  0.000 -0.366  0.000  0.000 -0.142  0.230  0.392  0.000  0.000 -0.010  0.254 -0.298  0.319 -0.275  0.000  0.000  0.000
M        0.000  0.000 -0.208  0.000  0.000  0.056  0.000  0.000  0.000  0.000  0.000  0.170  0.000  0.000  0.000 -0.016  0.128  0.000  0.000  0.000  0.000
N        0.000  0.000  0.000  0.000  0.000  0.184  0.000 -0.010 -0.226 -0.064  0.000  0.000  0.000  0.000  0.000  0.000 -0.241  0.000  0.000  0.000  0.000
P       -0.021  0.000 -0.004  0.158  0.060 -0.136  0.226  0.022  0.120  0.010 -0.162 -0.016  0.000  0.105  0.255 -0.016 -0.152  0.015  0.233  0.118  0.105
Q        0.023  0.000  0.000  0.000 -0.118  0.040  0.000  0.000  0.042  0.133  0.000  0.000  0.000  0.062  0.000  0.000 -0.062  0.000  0.000  0.000  0.000
R       -0.081  0.000 -0.160  0.007  0.000 -0.054  0.000  0.315  0.078 -0.123  0.000  0.000  0.000  0.000  0.027  0.066  0.000  0.156  0.000  0.000  0.000
S        0.197  0.000  0.035  0.165  0.000 -0.412  0.000 -0.078 -0.037 -0.068  0.000  0.000  0.000  0.000 -0.178 -0.050 -0.041 -0.054  0.000 -0.152  0.000
T       -0.010  0.000 -0.055  0.191 -0.199 -0.438  0.000  0.154 -0.116 -0.095  0.000  0.000  0.000  0.000  0.000 -0.212 -0.145 -0.046  0.000  0.000  0.000
V       -0.037  0.000  0.000 -0.128  0.000  0.152  0.000 -0.162  0.084  0.019  0.000  0.000  0.000  0.000 -0.090 -0.021  0.080 -0.092  0.000  0.346  0.000
W        0.000  0.000  0.000  0.195  0.000  0.000  0.000  0.000  0.000  0.000  0.000  0.000  0.000  0.000  0.000  0.000  0.000  0.000  0.000  0.000  0.000
Y        0.000  0.000  0.000  0.000  0.000  0.000  0.000  0.000  0.000  0.000  0.000  0.000  0.000  0.000  0.000  0.000  0.000  0.000  0.000  0.000  0.000
X        0.000  0.000  0.000  0.000  0.000  0.000  0.000  0.000  0.000  0.000  0.000  0.000  0.000  0.000  0.000  0.000  0.000  0.000  0.000  0.000  0.000
