i-1/i     A      C      D      E      F      G      H      I      K      L      M      N      P      Q      R      S      T      V      W      Y      X
A       -0.917  0.000  0.000  0.000  0.000 -0.331  0.000  2.111  1.067 -1.006  0.000  1.949  0.000 -1.668  0.000  0.404 -1.264  0.462  0.000  0.000  0.000
C        0.000  0.000  0.000  0.000  0.000  0.000  0.000  0.000  0.000  0.000  0.000  0.000  0.000  0.000  0.000  0.000  0.000  0.000  0.000  0.000  0.000
D       -0.230  0.000  0.000 -0.864  0.000 -0.951  0.000  0.000  0.000 -0.740  0.000  0.000  0.000  0.000  0.000  0.000  0.000  0.000  0.000  0.000  0.000
E        0.000  0.000  1.147 -1.056  0.000  0.000  0.000 -0.686  0.502  1.647  0.000  0.000  0.000  0.000  0.000 -0.239 -0.682  0.108  0.000  0.000  0.000
F        1.388  0.000  0.000 -0.192  0.000  0.000  0.000  0.000  0.000  0.000  0.000  0.000  0.000  0.000  0.000  0.000  0.000  0.000  0.000  0.000  0.000
G        0.199  0.000 -1.441  1.038  0.000 -0.587 -0.883  0.000  0.219 -1.721 -1.225  0.000  0.000  0.000 -1.605 -1.010  1.105  0.361  0.000  0.000  0.000
H        0.000  0.000  0.000  0.000  0.000  0.000  0.000  0.000  0.000 -0.586  0.000  0.000  0.000  0.000  0.000  0.000  0.000  0.000  0.000  0.000  0.000
I        0.000  0.000 -0.342  0.649  0.000  0.000  0.000  0.000  0.000  0.000  0.000 -0.535  0.000  0.000  0.000  0.000  0.000  0.090  0.000  0.000  0.000
K        0.918  0.000  0.000  0.608  0.000  1.374  0.000  1.984  0.290 -0.571  0.000  0.000  0.000  0.000  0.000  0.108  0.701 -0.137  0.400  0.000  0.000
L       -1.545  0.000 -0.384  1.100 -2.494  1.149  0.000  1.379  0.799  2.986  0.000  0.000  0.000  0.000  0.000 -2.453  0.974 -1.664  0.000  0.000  0.000
M        0.000  0.000  0.000  0.000  0.000  0.000  0.000  0.000  0.000  0.000  0.000  0.000  0.000  0.000  2.927  1.933 -2.499  0.000  0.000  0.000  0.000
N        0.000  0.000  0.000  0.000  0.000  0.261 -2.121  0.000  0.000  0.000  0.000  0.000  0.000  0.000  0.000  0.000  0.000  0.540  0.000  0.000  0.000
P        2.331  0.000 -1.026  0.787  0.000  0.953  0.000 -0.352  0.131  2.030  0.000 -1.447  2.422  0.000 -0.914  1.389 -0.619 -1.640  0.000 -0.762 -0.902
Q        0.000  0.000  0.000  0.000  0.000  0.000  0.000 -1.621 -0.764  1.606  0.000  0.000  0.000  0.000  0.000  0.000  0.000  0.000  0.000  0.000  0.000
R       -0.687  0.000 -0.480  1.172  0.000  0.000  0.000  0.242  0.781 -0.101 -0.077  0.000  0.000  1.837  0.000  0.000  0.000  1.950  0.000  0.000  0.000
S        0.904  0.000 -1.052  0.000  0.000  1.365  0.000 -0.796  0.000  1.149 -0.094  0.000  0.000  0.000  0.000  1.242 -1.519 -0.133  0.000  0.000  0.000
T        0.000  0.000  3.074  0.429  0.000  0.363  0.000 -1.662  0.000  0.000  0.000  0.000  0.000  1.794  0.222  0.000 -0.060 -0.884  0.000  0.000  0.000
V       -0.477  0.000 -0.502  0.248  1.954 -1.048  0.000 -0.234  0.000  0.000  0.000  0.000  0.000  0.000  0.000 -0.350  0.000 -0.915  0.000  0.000  0.000
W        0.000  0.000  0.000  0.000  0.000  0.000  0.000  0.000  0.000  0.000  0.000  0.000  0.000  0.000  0.000  0.000  0.000  0.000  0.000  0.000  0.000
Y        0.000  0.000  0.000  0.000  0.000  0.311  0.000  0.000  0.000  0.000  0.000  0.000  0.000  0.000  0.000  0.000  0.000  0.000  0.000  0.000  0.000
X        0.000  0.000  0.000  0.000  0.000 -2.345  0.000  0.000  0.000  0.000  0.000  0.000  0.000  0.000  0.000  0.000  0.000  0.000  0.000  0.000  0.000
