i-1/i     A      C      D      E      F      G      H      I      K      L      M      N      P      Q      R      S      T      V      W      Y      X
A        0.509  0.000  0.141 -1.558  0.000 -2.172  0.000  0.000 -1.594 -0.629  0.000  0.000  0.000  0.000  0.000  0.000 -2.799  0.000  0.000  0.000  0.000
C        0.000  0.000  0.000  0.000  0.000  0.000  0.000  0.000  0.000  0.000  0.000  0.000  0.000  0.000  0.000  0.000  0.000  0.000  0.000  0.000  0.000
D        0.000  0.000 -0.683 -2.268  0.000  0.184  0.000  1.068  0.000 -0.367  0.000  0.000  0.000  0.000  0.000  0.000  0.162  1.539  0.000  0.000  0.000
E       -2.067  0.000  0.421  0.000  0.180  1.242  0.000  0.137 -0.035 -1.115  0.000 -1.333  0.000  0.000  0.000 -0.121 -0.211 -0.745  0.000  0.000  0.000
F        0.000  0.000  0.000  0.000  0.000  0.000  0.000  0.000  0.000  0.101  0.000  0.000  0.000  0.000  0.000  0.000  0.000  0.000  0.000  0.000  0.000
G        0.508  0.000 -0.982  2.389  0.000 -1.859  0.000  0.000  0.150 -0.418  0.000  0.000  0.000  0.000  0.758 -0.633 -0.158 -0.649  0.000  3.341 -1.037
H        0.000  0.000  0.000  0.000  0.000 -1.076 -1.050  0.000  0.000  0.044  0.000  0.000  0.000  0.000  0.000  0.000  0.000  0.000  0.000  0.000  0.000
I        0.000  0.000  0.000 -0.166  0.000  0.000  0.000  0.000 -1.109  0.000  0.000  0.000  0.000  0.000  0.000  2.387  0.000  0.447  0.000  0.000  0.000
K        0.445  0.000  0.000  0.000  0.000 -0.587  0.000  2.353 -0.361  2.261  0.000  0.000  0.000 -0.101  0.489  0.000 -1.254 -0.383  0.000  0.000  0.000
L        0.879  0.000  0.000 -0.469  0.000  0.000  0.000  0.000  0.000 -0.136  0.000  0.000  0.000 -1.434 -2.153  0.823  0.000 -1.589  0.000  0.000  0.000
M        0.000  0.000  0.000  0.000  0.000  0.000  0.000  0.000  0.000  0.000  0.000  0.000  0.000  0.000  0.000 -2.742  0.000  0.000  0.000  0.000  0.000
N       -1.110  0.000  0.000  0.000  0.000 -1.124  0.000 -1.041  0.000 -0.733  0.000  0.000  0.000  0.000  0.000  0.000  0.000  0.000  0.000  0.000  0.000
P       -0.792  0.000  0.000 -0.580  0.272 -0.549  0.000  0.520  0.096 -0.732 -0.179 -1.603  1.860  0.246 -0.643 -1.294  1.514  0.047  0.000  0.000  0.000
Q       -1.127  0.000  0.000  0.000  0.000  0.000 -0.025  0.000  0.000  1.012  0.000  0.000  0.000  0.000  0.000  0.000  0.000 -2.848  0.000  0.000  0.000
R        2.254  0.000  0.000 -0.391  0.000  0.000  0.000  0.000  0.000  0.000  0.943  0.000  0.000  0.000  0.905  0.000  0.000  0.000  0.000  0.000  0.000
S        0.052  0.000 -0.424 -0.675  0.000  0.300  0.000 -2.791  0.571  0.963 -0.678  0.000  0.000  0.000 -0.538 -0.333  0.134  0.549  0.000  0.000  0.000
T       -0.231  0.000  2.128  1.179  0.000  0.000  0.000  0.000  0.183 -0.658  0.000  0.000  0.000  0.000  0.000  1.082 -0.965 -1.465  0.000  0.000  0.000
V       -0.355  0.000  0.000 -2.403  0.000  0.000  0.000 -0.830  0.719  0.000  0.000  0.000  0.000  0.000  0.000  0.000  0.744 -0.625  0.000  0.000  0.000
W       -2.414  0.000  0.000  0.000  0.000  0.000  0.000  0.000  0.000  0.000  0.000  0.000  0.000  0.000  0.000  0.000  0.000  0.000  0.000  0.000  0.000
Y        0.000  0.000  0.000  0.000  0.000  0.000  0.000  0.000 -2.327  0.000  0.000  0.000  0.000  0.000  0.000  0.000  0.000  0.000  0.000  0.000  0.000
X        0.000  0.000  0.000  0.000  0.000  0.000  0.000  0.000  0.000  0.000  0.000  0.000  0.000  0.000  0.000  0.000  0.000  0.000  0.000  0.000  0.000
