i-1/i     A      C      D      E      F      G      H      I      K      L      M      N      P      Q      R      S      T      V      W      Y      X
A       -1.524  0.000 -0.490 -1.476 -0.643 -0.801  0.000  0.000  0.000 -2.710  0.000  0.000  0.000 -1.088 -1.166 -2.370 -2.185 -0.456  0.000  0.000  0.000
C        0.000  0.000  0.000  0.000  0.000  0.000  0.000  0.000  0.000  0.000  0.000  0.000  0.000  0.000  0.000  0.000  0.000  0.000  0.000  0.000  0.000
D        2.230  0.000  2.205  1.695  0.000 -0.252  0.000  2.791 -0.147  2.973 -1.006  0.602  0.000  0.000  0.000  0.324  0.600 -2.330  0.000  0.000  0.000
E       -0.462  0.000  0.706 -1.013 -2.936  1.559  0.000  0.000  0.107 -1.064  0.000  0.579  0.000  0.000  1.662  0.713 -2.774  0.728  0.000  0.000  0.000
F        0.000  0.000  0.000  0.000  0.000  0.000  0.000  0.000  1.948  0.000  0.000  0.000  0.000  1.437  0.000 -0.960  0.000  0.000  0.000  0.000  0.000
G       -0.735  0.000 -0.495  1.798  0.000 -0.026 -1.399  0.000 -2.131 -0.803  0.000  1.407  0.000  2.220 -0.590 -0.326  0.208 -0.545  0.000  0.000  0.000
H        0.000  0.000  0.000 -1.138  0.000  0.000 -1.578  0.000  0.000  0.000  0.000  0.000  0.000  0.000  0.000  0.000  0.000  0.000  0.000  0.000  0.000
I       -0.735  0.000 -1.166  0.000  0.000  0.956  0.000  2.249 -0.978 -0.028  0.000  0.000  0.000  0.000 -0.679  1.799  0.000 -0.538  0.000  0.000  0.000
K        1.386  0.000  0.082  0.428  0.000  0.165  0.000  0.000  0.020 -2.228  0.000  0.000  0.000  0.000  0.409  1.805  0.923  1.240  0.000  0.000  0.000
L       -1.572  0.000  1.144  0.000  0.000  0.000  0.000 -0.973 -1.194 -1.706  0.000  0.000  0.000 -1.057  0.000 -2.427 -2.472 -0.480  0.000  0.000  0.000
M        0.035  0.000  0.000  0.000  0.000  0.000  0.000  0.000  0.000  0.000  0.000  0.000  0.000  0.000  0.000  0.000  0.000  0.000  0.000  0.000  0.000
N        0.271  0.000  0.000  0.000  0.000 -0.177  0.000  0.000  0.000  0.000  0.000  0.000  0.000  0.000  0.000  0.000  0.000  0.000  0.000  0.000  0.000
P        1.016  0.000  1.920 -0.766  1.218 -0.082  0.000  0.250  0.740  0.642  0.720  0.391  0.000 -1.014  0.557  2.038  0.988  1.565  0.000  2.990  0.000
Q       -0.632  0.000 -0.818  2.054  0.000  0.735  0.000  0.459  0.000  0.000  0.000  0.000  0.000  0.000  0.000 -2.764  0.000  0.000  0.000  0.000  0.000
R       -1.361  0.000 -0.271  0.814  0.000 -0.246  0.000  0.000  0.893  1.556  0.000  0.000  0.000  0.000  0.000 -0.359 -1.052  0.000  0.000  0.000  0.000
S        0.417  0.000 -1.648  0.577  0.000  0.376  0.000 -0.918  0.000 -0.309 -0.395  0.000  0.000  0.290 -0.440 -1.251 -0.392 -0.541  0.000  0.000  0.000
T        1.390  0.000 -0.015  0.770  2.092 -0.350  0.000 -0.959 -0.228 -1.298  0.000 -0.023  0.000  1.166  0.000 -0.122  1.397 -0.368  0.000 -1.117  0.000
V        0.000  0.000 -1.930 -2.027  0.000 -0.889  0.000  0.000  0.876  0.000  0.000  0.000  0.000  0.000  0.000  1.126 -1.911 -1.047  0.000  0.000  0.000
W        0.000  0.000  0.000  0.000  0.000  0.045  0.000  0.000  0.000  0.000  0.000  0.000  0.000  0.000  0.000  0.000  0.000  0.000  0.000  0.000  0.000
Y        0.000  0.000 -0.444  0.000  0.000  0.000  0.000  0.000 -1.129  0.701  0.000  0.000  0.000  0.000  0.000  0.000  0.000  0.000  0.000  0.000  0.000
X        0.000  0.000  0.000  0.000  0.000 -0.716  0.000  0.000  0.000  0.000  0.000  0.000  0.000  0.000  0.000  0.000  0.000  0.000  0.000  0.000  0.000
