i-1/i     A      C      D      E      F      G      H      I      K      L      M      N      P      Q      R      S      T      V      W      Y      X
A       -1.595  0.000 -2.245 -2.658  0.000 -0.985 -1.131 -1.932 -1.073 -1.652 -0.298  0.000  0.000 -1.479  0.000 -1.261  0.000  0.000  0.000  0.000  0.000
C        0.000  0.000  0.000  0.000  0.000  0.000  0.000  0.000  0.000  0.000  0.000  0.000  0.000  0.000  0.000  0.000  0.000  0.000  0.000  0.000  0.000
D       -0.414  0.000 -1.118 -0.611  0.000  0.851  0.000 -2.714  0.000 -0.784  0.000  0.000  0.000 -2.390 -2.914 -1.038  0.000 -2.359  0.000  0.000  0.000
E       -1.095  0.000  0.000 -0.438  0.000  1.665 -0.556  0.000 -0.832 -0.686  0.000  0.000  0.000  0.480 -1.173 -0.297 -0.974  2.651  0.000  0.000  0.000
F       -1.702  0.000  0.000  0.000  0.000  0.000  0.000  0.000  0.000  0.000  0.000  0.000  0.000  0.000  0.000  0.000  1.154  0.000  0.000  0.000  0.000
G        0.166  0.000 -2.612  0.000  0.000 -1.904  0.000 -0.535  0.000 -2.100  0.000  1.413  0.000  0.000 -0.373 -2.062 -1.176 -2.632  0.000  0.000 -1.037
H        0.000  0.000  0.000  0.000  0.000 -0.598  0.000  2.111  0.000  0.000  0.000  0.000  0.000  0.000  0.000  0.000  0.000  0.000  0.000  0.000  0.000
I        2.659  0.000  3.061  0.000  0.000  0.000  0.000  0.000  0.000  2.973  0.000  0.000  0.000  0.000  2.568  2.742  1.057  0.000  0.000  0.000  0.000
K        0.637  0.000 -0.001 -0.126  0.000  1.444  0.000  0.095 -0.178 -0.162  0.000  0.000  0.000 -1.682  0.000  0.000 -1.995  0.714  0.000 -0.120  0.000
L        0.502  0.000 -0.235 -0.010  0.000 -1.447  0.000  0.000 -0.116  0.111 -0.127  0.000  0.000  0.422 -0.513 -1.982 -2.155  0.605  0.000  0.000  0.000
M       -1.797  0.000  2.353  0.000  0.000 -0.433  0.000  0.000  0.000  0.000  0.000 -0.311  0.000  0.000  0.000 -1.165  1.300  0.000  0.000  0.000  0.000
N        0.000  0.000  0.000  0.000  0.000 -0.421  0.000 -2.396 -0.836 -2.351  0.000  0.000  0.000  0.000  0.000  0.000 -0.764  0.000  0.000  0.000  0.000
P       -1.111  0.000 -0.560  0.085  0.005 -0.174 -0.584 -1.041 -0.781 -0.426 -0.776 -0.252  0.000 -0.786 -1.360 -1.016 -1.025 -0.752  0.702 -1.335  1.281
Q        2.425  0.000 -1.909  0.000  1.754  1.281  0.000  0.000  2.327  2.973  0.000  0.000  0.000  0.715  0.000  0.000  0.403  0.000  0.000  0.000  0.000
R       -0.830  0.000 -0.674  0.369  0.000 -0.439  0.000  2.216  0.835  0.006  0.000  0.000  0.000  0.000 -0.659 -0.625  0.000  1.197  0.000  0.000  0.000
S        0.673  0.000  0.541  0.202  0.000  0.527  0.000 -0.914 -0.841  0.840  0.000  0.000  0.000  0.000  2.507  0.255  0.990 -0.670  0.000 -0.630  0.000
T        0.374  0.000 -0.744  2.658  0.226  0.106  0.000  2.806  0.735 -0.072  0.000  0.000  0.000  0.000  0.000  2.571 -0.696  1.303  0.000  0.000  0.000
V        2.659  0.000  0.000  2.658  0.000  2.345  0.000  2.791  1.847  2.973  0.000  0.000  0.000  0.000  0.905  2.742  2.708  1.259  0.000  3.707  0.000
W        0.000  0.000  0.000 -2.658  0.000  0.000  0.000  0.000  0.000  0.000  0.000  0.000  0.000  0.000  0.000  0.000  0.000  0.000  0.000  0.000  0.000
Y        0.000  0.000  0.000  0.000  0.000  0.000  0.000  0.000  0.000  0.000  0.000  0.000  0.000  0.000  0.000  0.000  0.000  0.000  0.000  0.000  0.000
X        0.000  0.000  0.000  0.000  0.000  0.000  0.000  0.000  0.000  0.000  0.000  0.000  0.000  0.000  0.000  0.000  0.000  0.000  0.000  0.000  0.000
