i-1/i     A      C      D      E      F      G      H      I      K      L      M      N      P      Q      R      S      T      V      W      Y      X
A        0.389  0.254  0.523  0.571  0.786  0.955  1.238  0.537  0.814  0.720  0.409  1.143  0.000  0.529  0.589  0.282  1.215  0.801  0.257  0.778  1.332
C       -0.042  0.237  0.219  0.515 -0.499 -0.425 -0.082  0.698  1.792  0.106  1.164  1.368  0.000  1.093  1.043  0.833  1.440  0.441  0.281  1.190  0.000
D       -0.729  0.847  0.224 -0.398  0.167  0.147  0.013 -0.233 -0.191  0.076 -0.188  0.332  0.000  0.436 -0.451 -0.026  0.151 -0.349  0.423  0.110  1.056
E       -0.299  0.118  0.246  0.109  0.647 -0.251 -0.306  0.529  0.178  0.658  1.069  0.776  0.000  0.512 -0.169 -0.041  0.799  0.145 -0.710  0.848  0.194
F        0.750 -0.779 -0.862  0.458  0.239  0.635  1.182  0.282  0.740  0.808  0.200 -0.154  0.000  0.674  0.794  0.678  1.778  0.440  1.115  0.580 -1.130
G        0.743 -0.399  0.691  1.177  1.935 -0.215 -0.232  1.102  1.174  1.144  1.217  1.096  0.000  0.895  1.218  0.390  1.631  1.163  0.828  1.373  0.000
H        0.757  0.546 -0.062 -0.272  1.792 -0.786  2.181  1.375 -0.028  0.496  0.805  0.729  0.000  0.537  0.739  1.086 -0.151  0.622  0.913  0.866  1.165
I       -0.390 -0.024  0.355 -0.094  0.274 -0.395  1.010 -0.180 -0.392 -0.399 -1.523  0.149  0.000 -0.285 -0.041 -0.354 -0.714 -0.115  0.625  0.217  0.434
K       -0.046  2.069  0.165  0.107  0.233 -0.591  0.758 -0.010  0.204  0.611  0.157  0.378 -20.000  0.347  0.121  0.097  1.709  0.646  1.270 -0.335  1.993
L       -0.160 -0.165 -0.083 -0.289  0.172 -0.377  0.915  0.054 -0.161 -0.026 -0.203  0.553  4.382 -0.147  0.147  0.394  0.283 -0.011 -0.226  0.276 -0.361
M        0.458  0.941  0.051  0.014  1.137 -0.123  0.826  0.396  0.284  0.389 -0.235  0.755  0.000 -0.211  0.735 -0.155  0.988  0.849  1.889  0.819 -2.601
N        0.405  1.644  0.007  0.007  0.681  0.642  0.617  0.910  0.015  0.580  0.001  0.895  0.000  0.936  0.367  0.196  1.512  0.781 -0.452  0.519  1.817
P       -0.486  3.241 -2.408 -1.175 -3.770  1.467 -3.706 -3.088 -2.947 -3.929 -1.357 -3.398  0.000 -2.751 -1.825 -1.793 -1.672 -3.497  1.216  1.681  0.000
Q       -0.107  0.258 -0.098  0.345  0.796  0.344  0.128  0.871  0.482  0.264  1.146  0.284  0.000  0.494  0.229  0.357  1.582  0.586  0.123  0.560  1.339
R        0.187  1.440  0.272  0.432  0.984  0.372  1.230  0.501  0.409  0.466  0.939  0.440  0.000  0.356  0.306  0.252  1.556  0.899  0.003  0.367 -0.802
S        1.284  0.475  1.484  1.230  1.257  1.300  0.752  1.448  1.375  1.086  0.989  1.184  0.000  1.274  1.402  0.898  2.366  1.888  1.544  1.378  3.732
T        1.800  4.148  1.075  2.024  2.972  0.974  1.409  1.839  1.707  1.918  1.641  1.576  0.000  1.356  1.942  0.997  1.802  2.812  1.535  2.576  1.646
V       -0.129  1.592 -0.615 -0.650  0.219 -0.621 -0.294  0.478 -0.619  0.098 -0.416  0.037  5.657 -0.641 -0.200 -0.243  0.094  0.155 -0.522  0.749 -0.179
W        0.659  2.722  0.398  1.066 -0.743 -0.614 -0.335 -0.148  0.801  0.784 -0.115  0.816  0.000  1.341 -0.258  0.408 -0.757  1.241  0.724 -0.031  0.000
Y        0.408 -0.621  0.405 -0.300  0.363  1.021  0.795  0.715  0.728  0.455  1.175  1.670  0.000  0.733  0.123  0.383  0.843  0.355 -0.029  0.507  0.895
X        0.169  0.804 -0.151  0.596  2.680  0.000 -1.092  1.570 -0.380  1.701  1.628 -0.843  0.000  1.415 -0.329  2.392  1.338  1.039  0.000  2.139  0.656
