i-1/i     A      C      D      E      F      G      H      I      K      L      M      N      P      Q      R      S      T      V      W      Y      X
A       -0.062  0.253 -0.026  0.028 -0.131 -0.041  0.634  0.143  0.226  0.105  0.211 -0.044 -0.132  0.070  0.195  0.068  0.104  0.082  0.206  0.064  0.195
C        0.407  0.620  0.555  0.629  0.298  0.022 -0.213  0.509  0.847  0.533 -0.038  0.523  0.725  0.805  0.986  0.597  1.086  0.556  1.273  0.785  0.000
D       -0.207 -1.189 -0.045 -0.007 -0.207 -0.086 -0.155 -0.073 -0.340 -0.001  0.448  0.100 -0.085  0.005 -0.269 -0.043  0.044 -0.389  0.194  0.014  0.018
E       -0.091  0.166 -0.075 -0.007 -0.316 -0.169 -0.604  0.106 -0.696  0.057  0.524  0.099 -0.197  0.046 -0.566 -0.086 -0.130 -0.404 -0.135  0.029  0.368
F        0.284  0.320  0.404  0.406  0.512  0.222  0.519  0.540  0.643  0.231 -0.505  0.351 -0.020  0.498  0.719  0.399  0.568  0.445 -0.148  0.165  1.384
G       -0.288 -0.387 -0.200 -0.111 -0.275 -0.440 -0.524 -0.125 -0.196 -0.032  0.429 -0.155 -0.554 -0.077 -0.168 -0.145 -0.260 -0.561 -0.214 -0.107  0.477
H        0.168  0.453  0.021  0.082  0.360  0.106  0.008  0.464  0.096  0.210  0.616  0.010  0.637  0.293  0.158  0.169 -0.075  0.188 -0.346  0.233 -0.687
I        0.341  0.418  0.370  0.593  0.194  0.220  0.434  0.303  0.710  0.080  0.010  0.243 -0.010  0.214  0.851  0.493  0.458  0.399 -0.248  0.114 -0.199
K        0.039 -0.343  0.047 -0.189  0.247 -0.020  0.293 -0.426  0.212  0.167 -0.028  0.061  0.051 -0.102 -0.130  0.139  0.259 -0.150  0.076  0.132 -0.937
L        0.366  0.545  0.273  0.572  0.459  0.332  0.625  0.195  0.734  0.229 -0.075  0.332  0.149  0.376  0.688  0.458  0.518  0.469 -0.031  0.425  0.354
M        0.177  0.756  0.237  0.342  0.262  0.435  0.021  0.131  0.509  0.196  0.169  0.344  0.208  0.227  0.564  0.402  0.300  0.158  0.095  0.370  1.869
N        0.046 -0.064 -0.028 -0.045 -0.163 -0.204  0.247  0.296  0.181  0.294  0.119  0.119  0.162  0.124  0.241  0.106  0.234 -0.124  1.334 -0.174 -1.944
P       -0.681  0.000 -0.675 -0.842  0.000 -0.686  0.000 -1.422 -1.023 -0.844 -1.002 -0.868  0.000 -0.819 -1.099 -0.929 -1.261 -0.987  0.000  0.000  0.000
Q       -0.081  0.187 -0.049  0.091 -0.121 -0.032 -0.150 -0.112 -0.228  0.079 -0.143  0.108 -0.189  0.028 -0.361  0.051  0.368 -0.212  0.192  0.135  0.392
R        0.108 -0.046  0.091 -0.258  0.285  0.044  0.119  0.195  0.409  0.220  0.446  0.162 -0.033  0.078  0.205  0.057  0.074  0.044  0.639  0.071 -1.464
S       -0.070 -0.280  0.061  0.015 -0.182 -0.031 -0.425  0.163 -0.148  0.098  0.286  0.042 -0.301  0.012 -0.068 -0.061  0.144 -0.041  0.272 -0.118 -0.783
T        0.219 -0.171  0.040  0.209  0.411 -0.096 -0.055  0.366  0.168  0.277  1.073  0.145 -0.011  0.106  0.027 -0.140 -0.406  0.129 -0.038  0.114  0.490
V        0.279  0.252  0.088  0.433  0.400  0.182  0.196  0.138  0.532  0.191 -0.302  0.382  0.136  0.071  0.398  0.261  0.383  0.221 -0.613  0.338  0.000
W        0.354  0.030  0.502  0.396  0.492  0.383  0.587  0.012  0.438  0.339  0.437  0.384  0.498  0.468  0.577  0.278  0.083  0.353  0.215  0.119  0.000
Y        0.349  0.784  0.412  0.222  0.111  0.270  0.256  0.493  0.534  0.299  0.037  0.251  0.084  0.090  0.339  0.220  0.581  0.340 -0.009  0.299 -1.536
X        0.516  0.000  0.453  0.842  0.908  0.000  0.000  1.162  0.554  0.269 -0.352  0.413  0.406  0.250  0.824  0.550  0.835  0.969  0.000  0.173 -1.346
