i-1/i     A      C      D      E      F      G      H      I      K      L      M      N      P      Q      R      S      T      V      W      Y      X
A       -0.146 -0.021 -0.214 -0.121  0.069 -0.224 -0.116  0.123 -0.019 -0.042  0.024 -0.035  0.030 -0.051  0.026 -0.084 -0.022 -0.046 -0.347 -0.223 -0.176
C        0.111  0.754  0.221  0.040 -0.159  0.070  0.299  0.065  0.385  0.204  0.043  0.578 -0.638  0.167  0.320 -0.199  0.067  0.094  0.672 -0.273  0.000
D       -0.042 -0.342 -0.040 -0.083  0.132 -0.081 -0.142 -0.329 -0.222 -0.051  0.259 -0.063 -0.617 -0.064 -0.220 -0.018 -0.104 -0.095 -0.049  0.156 -0.714
E       -0.063 -0.288 -0.059 -0.154 -0.159 -0.121 -0.168 -0.020 -0.365  0.021  0.228 -0.082  0.032 -0.104 -0.369 -0.227  0.072 -0.145  0.104 -0.123 -0.958
F        0.053  0.352  0.273  0.217  0.518  0.049 -0.131  0.079  0.290 -0.061 -0.453  0.046  0.376  0.245  0.252  0.293  0.058  0.282  0.125 -0.068  0.000
G       -0.065 -0.173 -0.096 -0.257 -0.215 -0.112 -0.306 -0.286 -0.221 -0.033 -0.303 -0.139 -0.181 -0.032 -0.268 -0.273 -0.006 -0.113  0.066 -0.123 -1.607
H        0.091  0.035 -0.035  0.082 -0.193 -0.192  0.461  0.034 -0.134  0.065 -0.348  0.009 -0.150  0.204  0.302  0.159 -0.221  0.007  0.083  0.033  2.070
I        0.259  0.450  0.221  0.306  0.428  0.102 -0.180  0.186  0.407  0.100 -0.272  0.158  0.272  0.279  0.446  0.288  0.449  0.317  0.411  0.029  0.411
K       -0.152 -0.296 -0.150 -0.172 -0.322 -0.106 -0.337 -0.083 -0.208 -0.026  0.207 -0.266  0.052 -0.253 -0.206 -0.234 -0.152 -0.106 -0.295 -0.338 -0.654
L        0.060  0.484  0.088  0.149  0.065  0.224  0.418  0.214  0.324  0.104 -0.063  0.184  0.385  0.148  0.267  0.107  0.371  0.181 -0.067  0.155 -0.050
M        0.015 -0.382  0.018  0.302  0.175 -0.071  0.212 -0.095  0.049 -0.031 -0.642  0.104  0.361  0.098  0.199  0.116 -0.244  0.031  0.330 -0.118  0.379
N        0.038 -0.364 -0.013 -0.054  0.003  0.115 -0.112 -0.372 -0.056  0.161 -0.064 -0.034 -0.184 -0.011 -0.398  0.015  0.007 -0.058  0.280  0.070  0.734
P        0.097 -0.266 -0.185  0.331  0.030 -0.100  0.015 -0.554 -0.210  0.110  0.354  0.048 -0.120  0.335 -0.133 -0.144 -0.006 -0.584  0.069  0.062  2.001
Q       -0.167 -0.334 -0.014 -0.195 -0.299 -0.149 -0.411  0.292 -0.166  0.070  0.319  0.029  0.155 -0.039 -0.208  0.039 -0.104  0.038 -0.057 -0.066  0.369
R       -0.064 -0.677 -0.144 -0.229 -0.516 -0.192 -0.201  0.013 -0.196 -0.033  0.203 -0.196 -0.123 -0.202 -0.110 -0.041 -0.332 -0.089 -0.302  0.096 -0.111
S        0.037 -0.439  0.032 -0.094  0.197 -0.369 -0.225 -0.052 -0.117 -0.031 -0.474 -0.023 -0.316 -0.133 -0.048 -0.036 -0.106 -0.230  0.147 -0.065 -1.287
T        0.249  0.846  0.260  0.316 -0.024  0.164  0.404 -0.008  0.152  0.296  0.078  0.202  0.028  0.179  0.197  0.198 -0.083  0.240  0.358  0.200  0.908
V        0.208  0.708  0.179  0.257  0.050  0.185  0.124  0.188  0.347  0.207 -0.000  0.261  0.105  0.208  0.386  0.154  0.185  0.293  0.131  0.449 -0.962
W        0.124  0.436  0.006  0.218  1.429  0.142  1.229  0.217 -0.079  0.042  0.516  0.328  0.420  0.057  0.139  0.117  0.486 -0.037 -0.802  0.470  0.000
Y        0.126  0.775  0.048  0.224 -0.265  0.266  0.245  0.247  0.359  0.050 -0.080 -0.156  0.233 -0.040  0.117  0.132  0.182  0.150  0.021  0.356  0.555
X        0.418  0.000  0.589  0.162 -0.413  0.335  0.000  1.149  0.315  0.254 -0.452  0.531  0.000 -0.063 -0.151  0.316  0.537  0.058  0.000  0.147 -2.070
