i-1/i     A      C      D      E      F      G      H      I      K      L      M      N      P      Q      R      S      T      V      W      Y      X
A       -0.010  0.133  0.015  0.015 -0.138  0.000  0.064  0.026  0.034 -0.020  0.237 -0.221  0.059  0.038  0.064 -0.158 -0.054 -0.014  0.059 -0.073 -0.483
C        0.001 -0.341  0.147  0.171 -0.474  0.000  0.974 -0.184 -0.117 -0.103 -0.519 -0.280 -0.155 -0.157 -0.108  0.067 -0.257  0.035  0.054 -0.092  0.000
D       -0.021 -0.389  0.015  0.108  0.118  0.000 -0.083  0.378 -0.112  0.328  0.509  0.065 -0.261  0.150  0.024  0.155  0.164  0.081 -0.585  0.288 -2.901
E       -0.034 -0.025 -0.013  0.117 -0.030  0.000 -0.248  0.164 -0.348  0.239  0.462 -0.033 -0.195  0.131 -0.065  0.012 -0.016  0.085 -0.245 -0.200  1.102
F       -0.046 -0.421  0.040 -0.048  0.098  0.000  0.036  0.070  0.042 -0.094 -0.655 -0.107  0.005  0.013 -0.105 -0.021 -0.158 -0.070  0.177 -0.154 -2.901
G        0.003  0.072  0.112  0.076 -0.098  0.000  0.052 -0.001 -0.042  0.049  0.410  0.002 -0.003 -0.001 -0.044 -0.003 -0.012  0.134  0.094 -0.004  0.102
H        0.033 -0.502 -0.280 -0.120 -0.053  0.000 -0.383 -0.028  0.091 -0.389  0.076 -0.069 -0.475 -0.091  0.133 -0.052 -0.014  0.055  0.192  0.069 -0.659
I       -0.036 -0.173 -0.059 -0.095 -0.305  0.000 -0.174 -0.200 -0.025 -0.277 -0.237 -0.198  0.151 -0.174 -0.082 -0.191 -0.243 -0.110  0.342 -0.227  1.606
K        0.010  0.107 -0.066 -0.117  0.187  0.000  0.122 -0.026  0.111  0.029  0.059 -0.103  0.020 -0.156 -0.106 -0.180 -0.070  0.012  0.087  0.121 -2.417
L       -0.112 -0.069 -0.062 -0.067  0.064  0.000  0.285 -0.210 -0.042 -0.187 -0.656 -0.031  0.003 -0.086 -0.020 -0.165 -0.190 -0.115  0.022 -0.176 -0.397
M       -0.042  0.422  0.213 -0.004  0.138  0.000  0.094 -0.176  0.004 -0.175 -0.086 -0.188  0.061 -0.115 -0.019 -0.366 -0.060 -0.115 -0.218 -0.155 -2.114
N       -0.088 -0.149 -0.026 -0.034 -0.064  0.000  0.081  0.140  0.130 -0.004  0.108 -0.186 -0.035  0.052  0.004 -0.001 -0.130 -0.022 -0.395  0.014 -1.205
P       -0.037  0.000 -0.204  0.646  0.000  0.000  0.000  0.987  0.515  0.605  0.356  0.815  0.000  0.656  0.776  0.430  0.646  0.585  0.000  0.000  0.000
Q       -0.095 -0.048 -0.081 -0.005  0.032  0.000  0.109  0.148 -0.102  0.178  0.116 -0.014  0.069 -0.054 -0.117 -0.144 -0.068  0.163 -0.071  0.019  2.857
R        0.038  0.058  0.081 -0.155  0.008  0.000  0.167  0.199  0.232  0.028 -0.057 -0.062  0.103 -0.146 -0.038 -0.108 -0.099  0.077 -0.213  0.068 -1.262
S       -0.055  0.167 -0.027  0.029  0.053  0.000 -0.081  0.082 -0.089  0.045  0.071  0.081  0.104 -0.150  0.144 -0.062 -0.094  0.018 -0.388  0.057 -1.159
T       -0.132 -0.051 -0.145 -0.039  0.118  0.000  0.210 -0.031 -0.119 -0.034  0.911 -0.098  0.093 -0.008 -0.056 -0.178  0.106  0.075 -0.397 -0.005  2.204
V       -0.021 -0.284 -0.234 -0.167 -0.163  0.000 -0.301 -0.071  0.046 -0.158 -0.423  0.083 -0.007 -0.167 -0.016 -0.143 -0.080 -0.078  0.196 -0.204  0.000
W       -0.178 -1.020 -0.014 -0.333 -0.141  0.000  0.318 -0.017  0.045 -0.042  0.437 -0.054 -0.114 -0.144  0.271 -0.030 -0.022  0.174  0.288  0.356  0.000
Y        0.031 -0.174 -0.049 -0.053 -0.058  0.000  0.146  0.034  0.120 -0.133 -0.270 -0.078  0.125 -0.088 -0.129 -0.104  0.024 -0.021  0.454  0.043 -1.807
X       -0.136  0.000  0.178 -0.503 -0.198  0.000  0.000 -0.285  0.094  0.080 -0.476  0.618 -0.581 -0.225  0.279 -0.374  0.055  0.159  0.000 -0.073 -2.901
