i-1/i     A      C      D      E      F      G      H      I      K      L      M      N      P      Q      R      S      T      V      W      Y      X
A       -0.092 -0.045 -0.104 -0.019  0.071  0.000 -0.246  0.097  0.052  0.018 -0.156 -0.003  0.073 -0.055  0.042 -0.031 -0.098  0.029  0.102 -0.031 -0.846
C        0.126 -0.307  0.359  0.031  0.085  0.000 -0.087  0.078 -0.049  0.313  0.753  0.060 -0.237  0.500  0.246 -0.119  0.324  0.177 -0.382  0.094  0.000
D        0.027  0.057 -0.111 -0.236  0.265  0.000 -0.575 -0.033 -0.140 -0.222 -0.330 -0.044  0.077 -0.127 -0.103 -0.129 -0.102 -0.049  0.001  0.052 -2.901
E       -0.066 -0.323 -0.089 -0.165 -0.145  0.000 -0.291  0.113 -0.021 -0.034 -0.183 -0.037  0.135 -0.080  0.009 -0.128  0.098 -0.035  0.117 -0.061 -0.834
F       -0.036 -0.300  0.085  0.111  0.119  0.000  0.145  0.092 -0.073  0.136  0.369 -0.111 -0.133  0.026 -0.009  0.063  0.032  0.006 -0.239  0.158  0.084
G        0.088  0.200  0.093 -0.038 -0.022  0.000  0.215 -0.018  0.101  0.278  0.152  0.445 -0.163  0.084  0.133  0.272  0.163  0.007  0.295  0.297  0.000
H       -0.150 -0.542 -0.058  0.057  0.145  0.000 -0.304  0.276  0.010 -0.182 -0.073  0.008  0.172 -0.126 -0.094 -0.148  0.382  0.160 -0.144 -0.060 -2.884
I        0.014  0.437  0.083  0.150  0.242  0.000  0.152  0.168  0.104  0.158  0.530  0.119 -0.114  0.260  0.044  0.129 -0.055  0.063 -0.221  0.191  1.814
K        0.000  0.028  0.127  0.028 -0.149  0.000  0.114  0.052  0.040 -0.083 -0.228  0.045  0.049 -0.100  0.053  0.060  0.013 -0.033  0.215 -0.085 -1.618
L        0.057  0.079  0.047  0.108  0.097  0.000  0.405  0.155  0.036  0.118  0.239  0.102 -0.095  0.050  0.095  0.051 -0.032  0.060  0.002  0.108 -0.699
M        0.036 -0.163 -0.046  0.001  0.036  0.000 -0.403  0.205 -0.085  0.141  0.301  0.110 -0.499 -0.241 -0.006  0.101 -0.030  0.015 -0.377  0.449  2.625
N       -0.020  0.171 -0.186  0.024 -0.050  0.000  0.056  0.117  0.023 -0.123 -0.203 -0.028  0.282  0.160  0.083 -0.047  0.091  0.081  0.268  0.153 -0.639
P       -0.798  0.000 -0.836 -0.706 -1.025  0.000  0.000 -0.987 -0.701 -0.930 -1.443 -0.815  0.000 -0.764 -0.776 -0.674 -0.685 -0.585 -0.986 -0.999  0.000
Q       -0.010  0.323 -0.091 -0.061  0.100  0.000 -0.514 -0.020  0.003  0.018 -0.249 -0.118  0.119  0.008  0.024 -0.153  0.054 -0.047  0.047 -0.310 -1.335
R       -0.026  0.125 -0.060  0.025 -0.005  0.000  0.138 -0.091  0.005  0.011 -0.158 -0.173  0.049 -0.054 -0.050 -0.055 -0.072 -0.018  0.087 -0.053 -1.157
S        0.008 -0.150 -0.107 -0.031 -0.178  0.000  0.039  0.015  0.001  0.043 -0.132 -0.210  0.180 -0.100 -0.050 -0.116  0.081  0.013  0.220  0.058  1.354
T        0.048 -0.008  0.120 -0.003 -0.087  0.000  0.007 -0.026  0.059  0.171 -0.094 -0.001 -0.307  0.057 -0.007  0.102  0.152  0.093  0.062 -0.075  0.633
V        0.145  0.024  0.186  0.092  0.220  0.000  0.445 -0.032  0.030  0.121  0.320  0.179  0.122  0.200  0.059  0.071  0.004  0.016 -0.194  0.187  1.927
W        0.062  0.538 -0.092  0.034  0.157  0.000 -0.171  0.126  0.159 -0.079  0.578 -0.036 -0.323  0.108 -0.070  0.023  0.175 -0.007 -0.322 -0.106  0.000
Y       -0.004 -0.273  0.148  0.086  0.012  0.000  0.172  0.125  0.169  0.082 -0.176 -0.021 -0.130 -0.086  0.031  0.002  0.038  0.033  0.036  0.025 -2.455
X       -0.369  0.000  0.406 -0.077 -0.084  0.000  0.361 -0.248 -0.059 -0.196  1.443 -0.343  0.274 -0.154 -0.286  0.000 -0.106  0.554  0.000 -0.273 -0.482
