i-1/i     A      C      D      E      F      G      H      I      K      L      M      N      P      Q      R      S      T      V      W      Y      X
A        0.330  0.046  0.461  0.483 -0.213  0.267  0.559 -0.123  0.560  0.055  0.127  0.304  0.084  0.530  0.364  0.244  0.171 -0.067  0.026  0.167  0.415
C        0.095  0.249  0.341  0.629  0.021 -0.349 -0.014  0.382 -0.158  0.065  0.030  0.646  0.000  0.202  0.105  0.499  0.278  0.286  0.012 -0.274  0.000
D       -0.102  0.197 -0.365 -0.121 -0.108 -0.178 -0.023 -0.305 -0.566  0.337 -0.235 -0.121 -0.116 -0.687 -0.532 -0.188 -0.206 -0.085 -0.122  0.465 -0.054
E        0.452 -0.297  0.233  0.097  0.305  0.400  0.024 -0.003 -0.077  0.247  0.323  0.162  0.249  0.041  0.001  0.256 -0.043 -0.126 -0.566 -0.190 -0.535
F       -0.461 -0.427  0.000  0.170  0.192 -0.508 -0.133 -0.185  0.143 -0.222 -0.149  0.381 -0.616  0.049  0.222 -0.307 -0.124 -0.113 -0.040 -0.226 -0.420
G        0.287  0.446  0.639  0.653  0.633  0.220  0.385  0.591  0.547  0.707  0.406  0.494  0.689  0.595  0.645  0.414  0.529  0.659  0.379  0.985  0.544
H        0.411  1.149 -0.004  0.194  0.393 -0.008  0.305 -0.113  0.101  0.181  0.449  0.237 -0.024  0.381  0.206  0.420  0.224  0.326  0.853  0.867  0.000
I       -0.393  0.087 -0.302 -0.173 -0.342 -0.075 -0.073 -0.276 -0.192 -0.390 -0.143 -0.212 -0.824 -0.014 -0.339 -0.366 -0.352 -0.297 -0.339 -0.245 -0.128
K        0.444 -0.214  0.028  0.056  0.013  0.401  0.049  0.091  0.350  0.238  0.305  0.219  0.459  0.200  0.217  0.417  0.019  0.087 -0.115 -0.143 -0.542
L       -0.344 -0.109 -0.061 -0.088 -0.343 -0.473  0.076 -0.353 -0.208 -0.404 -0.245 -0.023 -0.719  0.081 -0.238 -0.392 -0.218 -0.315 -0.330 -0.243 -0.287
M       -0.064  0.063 -0.114  0.287 -0.510 -0.293  0.079  0.026 -0.057 -0.202 -0.139 -0.283 -0.591  0.228 -0.087  0.471 -0.147 -0.212 -0.942 -0.333 -0.074
N        0.099  0.749 -0.055 -0.322  0.720  0.355 -0.207  0.083 -0.030  0.273  0.289  0.042 -0.449 -0.211  0.005  0.318 -0.205  0.008  0.678  0.361  0.383
P        0.079  0.000 -0.899 -0.336  0.000  0.000  0.000 -0.749  0.384  0.665  0.000 -0.971  0.000 -0.144 -0.682 -0.923  0.000  0.415  0.000  0.000  0.000
Q        0.476  0.333  0.098  0.021  0.429  0.002  0.351  0.062  0.261  0.055  0.074  0.171  0.369  0.214  0.139  0.466  0.086  0.080 -0.059  0.081 -0.846
R        0.234  0.038  0.059 -0.116  0.364 -0.082  0.349  0.000  0.363  0.226  0.384  0.273 -0.136  0.256  0.252  0.439  0.120  0.108  0.581  0.079  0.000
S        0.606  0.360  0.451  0.417  0.752  0.446  0.517  0.679  0.525  0.702  0.712  0.644  0.435  0.312  0.544  0.458  0.550  0.665  0.088  0.713  0.000
T        0.532  0.471  0.364  0.411  1.001  0.617  0.641  1.035  0.580  0.878  0.958  0.557  0.543  0.347  0.423  0.488  0.635  1.025  0.539  1.036  0.646
V       -0.328 -0.401 -0.052 -0.139 -0.407 -0.563 -0.710 -0.279 -0.220 -0.385 -0.144 -0.181 -0.867 -0.083 -0.414 -0.232 -0.407 -0.414 -0.635 -0.627 -0.305
W       -0.378  0.073  0.008  0.071 -0.532 -1.016  0.551 -0.119 -0.562 -0.323 -0.279 -0.760 -0.277  0.410  0.301  0.234 -0.811 -0.257 -0.261 -0.115  0.000
Y       -0.190 -0.706  0.057 -0.041 -0.263  0.243  0.244 -0.144 -0.141 -0.194  0.212 -0.047  0.269  0.206 -0.317  0.002 -0.061 -0.088 -0.108  0.191 -0.678
X       -0.333  0.000  0.455 -0.608 -0.226 -0.114  0.000  0.803  0.415  0.232  0.000  0.325  0.000 -0.572 -0.353  0.652  0.000 -0.316  0.000  0.406  0.603
