i-1/i     A      C      D      E      F      G      H      I      K      L      M      N      P      Q      R      S      T      V      W      Y      X
A        0.074 -0.219 -0.053  0.100  0.044  0.043  0.241  0.045  0.124  0.065 -0.040  0.172  0.292  0.039  0.113 -0.113 -0.069  0.047  0.096  0.078 -0.238
C       -0.056 -0.299 -0.368 -0.164  0.407  0.377  0.113 -0.330 -0.076 -0.016 -0.123  0.176 -0.653  0.092 -0.277 -0.248  0.121 -0.056  0.000 -0.153  0.000
D       -0.012 -0.193 -0.092 -0.115 -0.027 -0.212  0.132 -0.144 -0.174 -0.104 -0.070  0.134 -0.557  0.079 -0.144 -0.131 -0.100 -0.101 -0.174 -0.089 -0.171
E        0.042 -0.037 -0.035  0.079 -0.097  0.053 -0.074 -0.018  0.077 -0.128  0.082  0.065  0.271  0.031 -0.044 -0.109 -0.047 -0.034  0.123  0.068  0.126
F       -0.066  0.069  0.150 -0.032  0.287  0.025  0.068  0.077 -0.090  0.188  0.367  0.328  0.395 -0.001 -0.074 -0.133  0.020  0.092 -0.349  0.114  0.456
G        0.016 -0.383 -0.105 -0.094 -0.327 -0.132  0.723 -0.164  0.099 -0.035  0.091  0.188 -0.070  0.055 -0.031 -0.164  0.066  0.017  0.079  0.221  0.715
H       -0.227  0.069 -0.214  0.019 -0.264 -0.094  0.365  0.129 -0.284 -0.206 -0.436 -0.112  0.267 -0.297 -0.054 -0.040 -0.202  0.001 -0.504  0.138 -0.686
I       -0.001  0.092  0.238  0.158  0.161 -0.009  0.109  0.044 -0.024  0.110  0.140  0.080 -0.106 -0.057  0.070  0.207  0.041  0.066  0.134  0.246  0.340
K        0.020  0.866 -0.109  0.018  0.063  0.098 -0.198 -0.048  0.117 -0.038 -0.026 -0.187  0.254  0.010 -0.017 -0.069 -0.016 -0.018 -0.255 -0.235  0.394
L        0.091  0.140  0.204  0.208  0.306  0.009  0.142  0.167  0.052  0.133  0.049  0.181 -0.067  0.136  0.089  0.100  0.134  0.185 -0.073  0.302 -0.278
M        0.015  0.647  0.071  0.162  0.286 -0.207 -0.211 -0.130 -0.037 -0.097  0.091 -0.178  0.599  0.019  0.528  0.303  0.240  0.135  0.232  0.250 -0.818
N       -0.000 -0.221 -0.257 -0.347 -0.330  0.203 -0.391 -0.069 -0.190 -0.305 -0.102 -0.266 -0.144 -0.052 -0.146 -0.073 -0.313 -0.338  0.205 -0.465  0.100
P        0.412  0.131 -0.099  0.012 -0.134  0.234 -0.021 -0.181 -0.116 -0.205 -0.206  0.337 -0.131  0.245 -0.097  0.055 -0.334 -0.122 -0.334 -0.390 -0.097
Q       -0.081 -0.693  0.066  0.007  0.058  0.170 -0.251  0.013  0.085  0.039 -0.191 -0.229  0.385  0.128  0.049 -0.138 -0.178 -0.047  0.250 -0.092 -0.196
R        0.116 -0.280 -0.086 -0.000 -0.240 -0.021 -0.188 -0.063  0.033 -0.049 -0.107 -0.135  0.032 -0.122 -0.024 -0.069  0.027 -0.099 -0.106 -0.120 -0.061
S       -0.004  0.126 -0.043 -0.180 -0.086 -0.035  0.205 -0.154 -0.178 -0.173 -0.342 -0.156 -0.251 -0.056 -0.070 -0.121 -0.231 -0.216 -0.134 -0.120  0.000
T       -0.107 -0.162 -0.150 -0.114 -0.552 -0.081 -0.350 -0.287 -0.084 -0.173  0.010 -0.264 -0.081 -0.081  0.004  0.070  0.050 -0.126 -0.762 -0.196  0.059
V       -0.084  0.271  0.075 -0.004 -0.059 -0.176 -0.172  0.085  0.076  0.174  0.223  0.126  0.062  0.000 -0.063  0.210 -0.035 -0.000  0.339  0.200  0.454
W       -0.161  0.894  0.117  0.069  0.579  0.088 -0.488  0.030 -0.161  0.427 -0.014 -0.630  0.021 -0.204 -0.298 -0.205  0.108 -0.043 -0.082 -0.372  0.000
Y       -0.094 -0.070  0.227  0.127  0.185  0.180  0.037 -0.069 -0.096  0.186  0.110 -0.020  0.302 -0.103  0.134  0.004  0.025 -0.106  0.506 -0.122 -0.065
X       -0.379  0.000  0.693  0.188 -0.508 -1.119  0.000 -0.240  0.030  0.147  0.019  0.275  0.000  0.014  0.149  1.119 -0.500 -0.452  0.000 -0.995 -0.952
