i-1/i     A      C      D      E      F      G      H      I      K      L      M      N      P      Q      R      S      T      V      W      Y      X
A        0.024 -0.014 -0.020 -0.009  0.081  0.000  0.039 -0.027  0.010  0.005  0.042 -0.015 -0.012 -0.011 -0.031 -0.052 -0.022 -0.027  0.102  0.054  0.130
C        0.089  0.080  0.052  0.038  0.097  0.000  0.111 -0.003  0.089  0.061  0.050 -0.003  0.012  0.144  0.053  0.018 -0.084  0.079  0.005  0.131  0.000
D       -0.020  0.005 -0.010 -0.058 -0.006  0.000 -0.041 -0.031 -0.057 -0.043  0.007 -0.042 -0.058 -0.031 -0.023 -0.027 -0.011 -0.050 -0.051 -0.009  0.066
E       -0.022 -0.046 -0.034 -0.041 -0.078  0.000 -0.076 -0.033 -0.030 -0.015 -0.057 -0.016 -0.017 -0.030 -0.028 -0.034 -0.033 -0.028  0.024 -0.119 -0.058
F        0.038  0.090  0.012  0.038  0.038  0.000  0.019  0.043  0.023  0.018 -0.102  0.028  0.080  0.049  0.050  0.041  0.018  0.055 -0.106  0.013 -0.126
G        0.058  0.067  0.071  0.012  0.119  0.000  0.183  0.067  0.050  0.114  0.153  0.140 -0.044  0.091  0.054  0.033  0.096  0.048  0.079  0.134  0.000
H        0.009 -0.056 -0.029 -0.021 -0.172  0.000 -0.005 -0.008 -0.019 -0.008  0.109 -0.020 -0.075  0.007 -0.039 -0.012  0.056 -0.008  0.058  0.057  0.000
I        0.037  0.038  0.030  0.050  0.106  0.000  0.028  0.024  0.070  0.010  0.036  0.002  0.085  0.064  0.058  0.049  0.023  0.038  0.029  0.065  0.015
K       -0.034  0.036 -0.032 -0.024  0.014  0.000  0.007 -0.030 -0.027 -0.006  0.031  0.008  0.071 -0.052 -0.049 -0.015 -0.011 -0.057  0.027  0.012 -0.067
L        0.044  0.015  0.002  0.043  0.062  0.000  0.041  0.018  0.070  0.049  0.001  0.012  0.075  0.037  0.073  0.046 -0.003  0.066 -0.049  0.134 -0.107
M        0.030 -0.041  0.031  0.032  0.059  0.000  0.000 -0.007  0.065  0.033 -0.033  0.021  0.069 -0.001  0.089  0.043 -0.042 -0.001 -0.078  0.043  0.282
N       -0.028  0.087 -0.028 -0.005 -0.071  0.000 -0.066 -0.048 -0.019 -0.023  0.006 -0.036 -0.094  0.008 -0.054 -0.018  0.006 -0.007  0.010 -0.065 -0.099
P        0.095  0.000  0.107  0.117 -0.007  0.000  0.000  0.125  0.172  0.147  0.312  0.178  0.000  0.095  0.096  0.002  0.174  0.118  0.330  0.112  0.000
Q       -0.015 -0.028 -0.009 -0.041 -0.082  0.000 -0.037 -0.036 -0.024 -0.026 -0.004 -0.033 -0.005 -0.028 -0.030 -0.042 -0.012 -0.041 -0.076  0.008 -0.145
R       -0.035 -0.010  0.033 -0.032  0.009  0.000 -0.050 -0.032 -0.011  0.013  0.045 -0.012 -0.019 -0.050 -0.037 -0.031 -0.051 -0.027  0.017 -0.004 -0.152
S        0.000 -0.031  0.002 -0.021 -0.011  0.000 -0.027  0.011  0.018  0.007  0.112  0.028  0.014 -0.013 -0.022 -0.021  0.009 -0.025  0.031  0.050  0.246
T       -0.004 -0.102 -0.010  0.007 -0.006  0.000  0.120  0.062  0.013 -0.004  0.020 -0.022 -0.005 -0.010  0.055  0.021  0.045  0.049  0.092  0.012 -0.083
V        0.049  0.021  0.042  0.048  0.046  0.000  0.024  0.033  0.071  0.021  0.004  0.036  0.050  0.069  0.070  0.028  0.050  0.048  0.048  0.060  0.203
W        0.097 -0.015  0.014  0.049 -0.058  0.000 -0.170  0.060  0.041 -0.008 -0.066  0.091  0.031  0.048  0.036  0.051 -0.030  0.017  0.019  0.084  0.000
Y        0.034  0.080 -0.009  0.018 -0.084  0.000 -0.033  0.032 -0.008 -0.010 -0.090 -0.018  0.015 -0.042  0.021  0.027 -0.071 -0.022  0.004 -0.049  0.058
X        0.147  0.000  0.120  0.003  0.243  0.000  0.036 -0.038  0.089 -0.036  0.060 -0.078  0.205  0.086  0.059  0.000 -0.009  0.116  0.000  0.069 -0.024
