i-1/i     A      C      D      E      F      G      H      I      K      L      M      N      P      Q      R      S      T      V      W      Y      X
A       -0.017  0.030 -0.007  0.045  0.006 -0.006  0.130  0.035  0.018  0.045  0.033 -0.048  0.000  0.034  0.035  0.049 -0.062  0.004  0.042 -0.036  0.029
C        0.204 -0.051 -0.081  0.113 -0.045 -0.074 -0.011  0.339  0.350  0.197  0.240  0.155  0.000  0.210  0.288  0.165  0.199  0.337  0.066  0.129  0.000
D       -0.078  0.123 -0.037 -0.134 -0.358  0.023 -0.078 -0.198 -0.155 -0.191 -0.176 -0.056  0.000 -0.208 -0.152 -0.086 -0.013 -0.318 -0.072 -0.148 -0.235
E       -0.086 -0.056 -0.039 -0.060 -0.163 -0.069 -0.002 -0.061 -0.077 -0.019 -0.116  0.002  0.000 -0.095 -0.089 -0.036 -0.006 -0.243 -0.121  0.036 -0.322
F        0.125 -0.071  0.161  0.184  0.322  0.075  0.321  0.102  0.200  0.152  0.085  0.099  0.000  0.224  0.210  0.177  0.099  0.122  0.202  0.217  0.063
G       -0.027 -0.123  0.029  0.016  0.109  0.033 -0.150 -0.018 -0.007  0.066  0.164  0.125  0.000  0.087  0.082 -0.019  0.010 -0.072 -0.036  0.034 -0.161
H        0.058  0.162  0.089  0.002 -0.079 -0.014  0.163  0.166  0.053 -0.287 -0.013  0.141  0.000  0.102  0.028  0.057  0.036  0.050 -0.069  0.122 -0.402
I        0.192 -0.028  0.087  0.236  0.147  0.065  0.155  0.055  0.202  0.096  0.114  0.099  0.000  0.103  0.124  0.149  0.135  0.124 -0.138  0.090 -0.158
K       -0.055 -0.162 -0.073 -0.052 -0.050 -0.012 -0.046 -0.051 -0.106 -0.039 -0.048  0.044  0.000 -0.060 -0.122  0.035 -0.008 -0.165 -0.184 -0.162  0.180
L        0.162  0.097  0.148  0.196  0.035  0.062  0.123  0.124  0.208  0.133  0.154  0.068  0.000  0.180  0.170  0.137  0.156  0.112  0.081  0.091  0.011
M        0.112  0.012 -0.136  0.172  0.211  0.180  0.136  0.134  0.149  0.125  0.061  0.168  0.000 -0.029  0.143  0.186  0.090  0.140  0.329  0.136  0.084
N       -0.047  0.228 -0.063 -0.087 -0.057 -0.088 -0.057 -0.062 -0.093 -0.069 -0.062 -0.025  0.000 -0.087 -0.039 -0.101  0.014 -0.009  0.020  0.148  0.231
P       -0.475  0.000 -0.072 -0.334  0.000 -0.147  0.000 -0.323 -0.419 -0.248 -0.458 -0.442  0.000 -0.455 -0.424 -0.418 -0.402 -0.542  0.000  0.000  0.000
Q       -0.086  0.148 -0.107 -0.023 -0.056  0.018  0.046 -0.103 -0.051  0.010 -0.015 -0.037  0.000  0.015 -0.048  0.039  0.055 -0.007 -0.058  0.045  0.536
R       -0.037  0.067 -0.030 -0.052  0.047 -0.002 -0.114 -0.037 -0.109 -0.067 -0.043  0.005  0.000  0.023 -0.062 -0.035 -0.066 -0.066 -0.085 -0.157 -0.070
S       -0.014  0.028  0.069 -0.031 -0.005  0.070 -0.146 -0.012 -0.012 -0.031  0.065  0.030  0.000  0.010  0.016  0.051  0.000 -0.056  0.084 -0.043  0.141
T        0.134 -0.020  0.052  0.021  0.165 -0.003 -0.030  0.107  0.137  0.125  0.037 -0.027  0.000 -0.061 -0.052 -0.007  0.105  0.243  0.039 -0.004 -0.057
V        0.122  0.084  0.137  0.191  0.213  0.169  0.217  0.121  0.154  0.114  0.115 -0.008  0.000  0.098  0.175  0.071  0.015  0.039 -0.118  0.167  0.000
W        0.100  0.481  0.257  0.204  0.019  0.116  0.343  0.026  0.143  0.028  0.104  0.096  0.000  0.018  0.054  0.211  0.043 -0.081  0.252 -0.089  0.000
Y        0.049  0.014  0.002  0.046  0.071  0.004  0.228  0.081  0.205  0.049  0.090  0.125  0.000 -0.024  0.096  0.065  0.107  0.065 -0.027  0.184  0.000
X        0.360  0.000  0.080 -0.051  0.031  0.000  0.000  0.138  0.112  0.090  0.405 -0.110  0.000 -0.032  0.378 -0.007 -0.063  0.542  0.000 -0.111  0.283
