i-1/i     A      C      D      E      F      G      H      I      K      L      M      N      P      Q      R      S      T      V      W      Y      X
A        0.009 -0.013 -0.004  0.071 -0.031  0.093 -0.007  0.026  0.115  0.036  0.021  0.102  0.000  0.070  0.085  0.078  0.053 -0.025 -0.179 -0.153 -0.035
C        0.015  0.322 -0.156  0.127  0.067 -0.067  0.194  0.140  0.101  0.125 -0.094 -0.194  0.000  0.269  0.045  0.035 -0.068 -0.076 -0.041  0.205  0.000
D        0.010 -0.089  0.183  0.071  0.262  0.002  0.300 -0.036 -0.003  0.031  0.090  0.112  0.000  0.040  0.066  0.031  0.060 -0.123 -0.130  0.088  0.500
E        0.042  0.213  0.090  0.116 -0.122  0.029  0.159  0.105  0.036  0.022 -0.025  0.057  0.000  0.069  0.050  0.081  0.091  0.097 -0.023  0.015  0.085
F        0.001 -0.111 -0.238 -0.093  0.029  0.046 -0.100 -0.047 -0.009 -0.008  0.076 -0.003  0.000 -0.040  0.021  0.044 -0.093 -0.025 -0.040  0.006 -0.244
G        0.142  0.157  0.124  0.084  0.040 -0.002 -0.162  0.096  0.122  0.100  0.220  0.178  0.000  0.082  0.026  0.146  0.097  0.049 -0.029  0.107  0.110
H        0.063 -0.178 -0.142  0.015  0.005 -0.143 -0.411  0.047  0.017 -0.027  0.145 -0.170  0.000 -0.205 -0.005 -0.068 -0.026 -0.029 -0.154 -0.038  0.000
I        0.040  0.073 -0.175 -0.095  0.070  0.100  0.024 -0.050  0.071 -0.019  0.058 -0.117  0.000 -0.086  0.055  0.030 -0.017 -0.010  0.010 -0.014 -0.150
K        0.075  0.062  0.084  0.082  0.101 -0.026  0.216  0.124  0.111  0.122 -0.015 -0.000  0.000  0.066  0.080  0.096  0.070  0.058  0.080  0.039 -0.205
L        0.027  0.069 -0.104 -0.096  0.040  0.048  0.059 -0.011 -0.013  0.017  0.030  0.021  0.000 -0.062 -0.003 -0.008  0.005  0.002 -0.036  0.068  0.029
M       -0.060 -0.158 -0.367 -0.009  0.221  0.064  0.071  0.066 -0.061  0.131 -0.056 -0.299  0.000 -0.014 -0.057  0.062  0.040 -0.054  0.248  0.103 -0.205
N        0.067  0.034  0.221  0.021 -0.133  0.038  0.175  0.072  0.109  0.087  0.055  0.116  0.000  0.122 -0.013  0.017  0.053  0.039  0.120 -0.049 -0.146
P        0.067  0.000  0.115  0.034  0.000  0.000  0.000 -0.178  0.135  0.094  0.000 -0.194  0.000  0.007 -0.249 -0.024  0.000 -0.368  0.000  0.000  0.000
Q        0.017 -0.174  0.090  0.102 -0.017 -0.062  0.082  0.186  0.072 -0.038  0.052  0.156  0.000  0.021 -0.014  0.032  0.049  0.006  0.053  0.072  0.398
R        0.018  0.186  0.016  0.028  0.182  0.204  0.096  0.119  0.059  0.072 -0.058  0.044  0.000  0.117  0.146  0.088  0.039  0.013 -0.026  0.171  0.034
S        0.059 -0.130  0.086  0.099 -0.006  0.040  0.164  0.068  0.070  0.068  0.021  0.046  0.000  0.150  0.103  0.089  0.047  0.099 -0.325  0.074  0.242
T        0.041 -0.054  0.014  0.097  0.060  0.010  0.169  0.079  0.044  0.171  0.137  0.016  0.000 -0.048  0.168  0.071  0.101  0.073  0.105 -0.032 -0.151
V        0.057 -0.011 -0.085 -0.054  0.042  0.093  0.151  0.041 -0.034  0.025  0.035 -0.034  0.000  0.022 -0.014  0.091  0.080  0.104  0.051  0.060 -0.062
W       -0.022 -0.141  0.015 -0.174  0.199 -0.119  0.158  0.052 -0.121 -0.098  0.270 -0.147  0.000 -0.171 -0.001  0.126 -0.173 -0.112  0.276 -0.148  0.000
Y        0.019  0.024 -0.215 -0.023 -0.090  0.022  0.210 -0.030 -0.021 -0.012 -0.002  0.157  0.000 -0.007  0.008  0.028  0.019  0.091 -0.032 -0.000  0.536
X        0.206  0.000  0.259  0.000 -0.281  0.081  0.000  0.210  0.037 -0.066  0.000  0.306  0.000  0.235  0.018 -0.135  0.000  0.542  0.000  0.177 -0.245
