i-1/i     A      C      D      E      F      G      H      I      K      L      M      N      P      Q      R      S      T      V      W      Y      X
A       -0.035 -0.029 -0.072 -0.067  0.021 -0.010  0.065 -0.038 -0.031 -0.025  0.023 -0.063  0.000 -0.034 -0.043 -0.027 -0.064 -0.036  0.054  0.016 -0.129
C        0.051  0.297  0.038  0.016  0.135  0.014  0.129  0.125  0.016  0.058  0.193  0.007  0.000  0.169  0.030 -0.068  0.278 -0.116 -0.078  0.302  0.000
D       -0.057  0.071 -0.039 -0.041  0.035 -0.030 -0.134 -0.135 -0.074 -0.158 -0.140 -0.143  0.000  0.004 -0.044  0.005 -0.021 -0.097 -0.099 -0.040 -0.190
E       -0.050 -0.027 -0.117 -0.081  0.111 -0.022 -0.070 -0.069 -0.086  0.003 -0.045 -0.099  0.000 -0.114 -0.106 -0.056  0.024 -0.096  0.081 -0.015 -0.253
F        0.241  0.072  0.100  0.194  0.159  0.047  0.078  0.277  0.255  0.214  0.228  0.170  0.000  0.173  0.198  0.197  0.209  0.369 -0.176  0.136  0.119
G        0.018  0.093 -0.124 -0.077  0.053  0.087 -0.163 -0.001 -0.065  0.037 -0.039  0.028  0.000 -0.085 -0.043 -0.126 -0.095 -0.044 -0.001 -0.139 -0.224
H        0.228 -0.092 -0.014  0.078 -0.125  0.173  0.191  0.064 -0.007 -0.022  0.181  0.040  0.000  0.164  0.115  0.155  0.140 -0.011 -0.019  0.065  0.237
I        0.074 -0.028  0.053  0.058 -0.001  0.107  0.033  0.008  0.026  0.040  0.033  0.094  0.000  0.073  0.092  0.020  0.022  0.056  0.061  0.130  0.185
K       -0.101  0.099 -0.167 -0.143 -0.156 -0.098 -0.060 -0.092 -0.151 -0.089 -0.129 -0.127  0.000 -0.094 -0.151 -0.073 -0.128 -0.122 -0.140 -0.115 -0.098
L        0.044  0.077  0.049  0.062  0.021  0.036  0.161  0.055  0.122  0.053  0.058  0.073  0.000  0.085  0.115  0.051  0.059  0.055  0.110  0.057  0.139
M        0.052  0.085  0.093  0.136  0.059  0.005  0.046  0.030  0.019  0.060  0.035 -0.021  0.000  0.033  0.059  0.136  0.057  0.053  0.166 -0.065  0.536
N       -0.055 -0.088  0.038  0.031 -0.109  0.079  0.047  0.138  0.031 -0.021  0.073  0.123  0.000  0.074  0.060  0.002  0.017  0.079  0.021 -0.022 -0.248
P        0.001 -0.512  0.071  0.271 -0.528  0.020  0.067 -0.302 -0.088 -0.124 -0.458  0.133  0.000  0.113  0.247  0.040 -0.088 -0.193 -0.475 -0.404 -0.410
Q       -0.071 -0.024 -0.082 -0.046 -0.091  0.008  0.015  0.025 -0.029 -0.026 -0.049  0.022  0.000 -0.066 -0.088 -0.038 -0.067 -0.063  0.088 -0.025 -0.411
R       -0.101 -0.072 -0.012 -0.049 -0.024 -0.070 -0.111 -0.019 -0.095  0.001  0.006  0.020  0.000 -0.071 -0.089 -0.059 -0.102 -0.017 -0.094  0.013 -0.236
S        0.033 -0.206  0.144  0.008  0.047 -0.066 -0.193 -0.012 -0.020 -0.092 -0.099 -0.089  0.000 -0.029 -0.072 -0.041  0.067  0.014  0.099 -0.070  0.335
T        0.065 -0.138  0.166  0.212  0.018 -0.117 -0.003  0.070  0.118  0.069 -0.037 -0.015  0.000  0.135  0.068 -0.049  0.094  0.077 -0.180  0.041 -0.010
V        0.028 -0.048  0.016  0.028 -0.178 -0.010 -0.047 -0.002 -0.002 -0.028  0.052 -0.115  0.000 -0.059  0.007  0.031 -0.013  0.033  0.007  0.059  0.056
W        0.262  0.320  0.177  0.201  0.488  0.149  0.290  0.271  0.263  0.365  0.373  0.002  0.000  0.108  0.211  0.201  0.213  0.232 -0.062  0.274  0.000
Y        0.244  0.257  0.091  0.156  0.096  0.154  0.297  0.191  0.139  0.189  0.212  0.194  0.000  0.100  0.097  0.038  0.019  0.113  0.160  0.151  0.218
X        0.279  0.000  0.252  0.156  0.240  0.285  0.000  0.133  0.055  0.121  0.078  0.178  0.000 -0.254  0.138  0.119 -0.011  0.542  0.000 -0.552 -0.161
