i-1/i     A      C      D      E      F      G      H      I      K      L      M      N      P      Q      R      S      T      V      W      Y      X
A       -0.014 -0.227  0.328 -0.063 -0.382  0.000  0.687 -0.110  0.541 -0.076 -0.073  0.221 -0.310  0.534  0.485  0.105  0.260 -0.239  0.787  0.000  0.521
C        0.452  0.612  0.000  0.000 -0.078  0.000  0.000  0.000  0.000  0.000  1.085  0.000 -0.104  0.108  0.000 -0.284  0.000  0.000 -1.051  0.000  0.000
D        0.366 -0.554  0.130 -0.160  0.121  0.000 -0.163  0.534  0.127  0.040  0.601 -0.298 -0.163 -0.206  0.394 -0.162  0.004  0.109 -0.313  0.746  0.000
E        0.091  0.000  0.014  0.126  0.403  0.000  0.070  0.655  0.015 -0.005 -0.133  0.325  0.154  0.014  0.436 -0.022  0.411  0.306  0.088 -0.518  1.407
F        0.217  0.000  0.205  0.226  0.205  0.000  0.000  0.000  0.372  1.068  0.000  0.791 -0.014 -0.376  0.000  0.817  0.142  0.033  0.298  0.734  0.000
G       -0.029  0.423  0.120  0.105 -0.009  0.000 -0.172  0.260  0.384  0.358  0.535  0.196  0.075 -0.056  0.312  0.294  0.077 -0.048  0.258  0.282 -0.149
H       -0.126  0.000  0.450  0.199 -0.355  0.000 -0.313  0.000  0.682 -0.217  0.000 -1.229  0.311 -0.146 -0.126  0.235 -0.009  0.184  0.000  0.270  0.000
I        0.442  0.000  0.028  0.019  0.726  0.000  0.334  0.480 -0.121  0.465  0.405  0.496  0.163 -0.480  0.431  0.366 -0.234  0.341  0.000 -0.282  0.000
K        0.104  0.822  0.068  0.072  0.392  0.000  0.479 -0.019  0.442  0.367  0.000  0.130 -0.274 -0.106  0.356  0.113  0.276 -0.056 -0.183  0.730  0.000
L       -0.002  0.000 -0.061 -0.135 -0.004  0.000  0.048  0.725  0.288  0.024  0.417  0.599  0.280  0.150  0.452  0.067 -0.057  0.063  0.107 -0.225  0.000
M       -0.098  0.000  0.421  0.125  1.296  0.000  0.230 -0.070  0.497 -0.100  0.000  0.399 -0.180  0.353 -0.253 -0.036 -0.219  0.366  0.000  0.611  0.000
N        0.542  0.000 -0.123  0.269  0.587  0.000  0.623  0.221  0.425 -0.168 -0.610  0.004  0.262 -0.352  0.001 -0.011  0.902  0.758  0.000 -0.341  0.000
P        0.117  0.000  0.153  0.231  0.015  0.000  1.064  0.104  0.335  0.478  0.428  0.015  0.114  0.856  0.251  0.258  0.342  0.263 -0.372  0.000  0.483
Q       -0.152  0.000 -0.104  0.037  0.080  0.000  0.403  1.250 -0.294 -0.040 -1.051  0.046  0.059  0.151  0.348  0.056 -0.040  0.497 -0.098  0.297  2.361
R        0.345  0.197 -0.392  0.247  0.559  0.000  1.140  0.435  0.110  0.112  0.125 -0.174  0.016  0.167  0.185  0.295  0.002  0.261  0.000  0.514  0.000
S       -0.171  0.279  0.069 -0.140  0.458  0.000  0.504  0.622  0.422 -0.013  0.382 -0.165  0.081  0.068  0.290 -0.067  0.402  0.087 -0.296 -0.189  0.312
T        0.362  0.000  0.400 -0.021  0.446  0.000  0.292  0.717  0.521  0.512  0.642  0.334  0.006  0.346  0.914  0.155  0.230  0.018  0.025  0.176 -1.232
V        0.216  0.000 -0.437  0.494  0.355  0.000  0.432  0.851  0.580  0.733  0.000  0.419  0.020  0.003  0.408  0.299  0.320  0.444 -0.159  0.788  0.882
W       -0.251  0.000 -0.443 -0.704  0.000  0.000  0.000  0.505 -0.125 -0.373  0.000  0.721 -0.149  0.406  0.000 -0.044  0.000  0.000  0.000  0.000  0.000
Y       -0.675  0.000  0.743 -0.742  0.387  0.000  0.506 -0.515  0.000 -0.555  0.653  0.073 -0.552 -0.336  0.372  0.746 -0.528  0.268  0.000 -0.508  0.000
X        0.000  0.000  0.000  0.879  0.000  0.000  0.000  0.000  0.000  0.055 -0.554 -0.173  0.000  0.000  0.000 -0.248  0.000  0.000  0.000  0.000  0.000
