i-1/i     A      C      D      E      F      G      H      I      K      L      M      N      P      Q      R      S      T      V      W      Y      X
A        0.092  0.031  0.037  0.182  0.094  0.097 -0.343  0.256 -0.102  0.216  0.084  0.046  0.000  0.099 -0.151 -0.091  0.013  0.132  0.641  0.131  0.000
C       -0.227 -0.107  0.216  0.000  0.000 -0.017  0.000  0.000 -0.042 -0.106  0.000  0.000  0.000  0.000  0.285  0.182 -0.151  0.346  0.000 -0.613  0.000
D        0.167  0.000  0.040  0.095  0.188 -0.093 -0.472  0.228  0.033  0.218  0.000  0.032  0.000  0.128 -0.124 -0.058  0.105  0.149  0.553  0.396 -0.036
E        0.045  0.000 -0.013  0.052  0.036  0.047 -0.028  0.477 -0.057  0.093  0.183 -0.016  0.000  0.121 -0.075 -0.095 -0.002  0.003  0.135  0.131 -0.033
F       -0.078  0.000 -0.165 -0.390  0.474  0.046 -0.443  0.000 -0.087  0.253 -0.240  0.294  0.000 -0.008  0.009 -0.064  0.133  0.215  0.169 -0.112  0.000
G        0.113  0.000 -0.015  0.047  0.075  0.006 -0.139  0.261 -0.040  0.150  0.275 -0.059  0.000 -0.037  0.023 -0.077 -0.052  0.243  0.000  0.195  0.000
H       -0.129  0.000 -0.016 -0.064  0.000 -0.137  0.155  0.306 -0.074  0.325  0.287 -0.066  0.000  0.196 -0.233 -0.013  0.063  0.291  0.127  0.000  0.000
I        0.219  0.000  0.005 -0.151  0.257 -0.133  0.005  0.337 -0.089 -0.044 -0.206 -0.126  0.000 -0.053  0.029  0.014 -0.100 -0.191  0.177  0.313  0.000
K       -0.220 -0.160  0.027 -0.013  0.115 -0.020  0.019  0.324 -0.022  0.207  0.180  0.101  0.000 -0.199  0.012 -0.140  0.047  0.105  0.065  0.213  0.000
L        0.096  0.000  0.027  0.000  0.009 -0.208  0.114  0.049 -0.162 -0.199  0.064 -0.098  0.000 -0.128  0.068 -0.111 -0.102  0.181 -0.268 -0.087  0.000
M        0.037  0.144  0.007  0.272  0.000 -0.144 -0.114  0.126 -0.181 -0.003 -0.041 -0.093  0.000 -0.014  0.139 -0.048 -0.126  0.023  0.000 -0.298  0.008
N       -0.047  0.000  0.146 -0.093  0.705 -0.163 -0.408  0.273 -0.008  0.527  0.072  0.011  0.000  0.119 -0.035  0.070 -0.037  0.258  0.008 -0.397 -0.280
P       -0.070  0.145  0.014  0.009  0.105 -0.081  0.357 -0.098  0.027  0.177  0.051 -0.049  0.000 -0.113  0.046 -0.048 -0.061  0.058 -0.290  0.498  0.000
Q       -0.073 -0.036  0.047  0.062 -0.104 -0.049 -0.242  0.123  0.083  0.299  0.086  0.204  0.000 -0.019 -0.057  0.000 -0.062  0.143  0.377  0.174  0.000
R        0.259  0.000 -0.111 -0.009  0.189 -0.168 -0.081 -0.385 -0.033  0.149  0.213  0.070  0.000  0.142  0.087 -0.026  0.204  0.095  0.283  0.393  0.000
S        0.088 -0.216 -0.026  0.013  0.713 -0.038  0.094  0.201  0.132  0.158  0.282 -0.014  0.000  0.006  0.148  0.143  0.119  0.162  0.079  0.126  0.438
T        0.134 -0.227  0.112 -0.018 -0.036 -0.133  0.113  0.038 -0.082  0.234  0.028  0.086  0.000  0.098 -0.046  0.075  0.021  0.078 -0.056  0.188  0.000
V        0.039  0.000  0.116 -0.036 -0.112 -0.020 -0.028  0.348 -0.207  0.322 -0.144  0.018  0.000 -0.060 -0.114  0.142  0.148  0.085  0.000  0.019 -0.012
W       -0.013  0.046  0.118 -0.051 -0.574  0.092  0.000  0.000 -0.010 -0.305  0.000  0.000  0.000 -0.258  0.000 -0.166 -0.105  0.000  0.000  0.000  0.000
Y       -0.364  0.000  0.106 -0.168 -0.046  0.004 -0.034 -0.077  0.062  0.224  0.253 -0.092  0.000  0.120 -0.178  0.113 -0.052 -0.003  0.000  0.414  0.000
X       -0.106  0.000  0.000  0.413  0.000 -0.104  0.000  0.000  0.000  0.000  0.000  0.000  0.000  0.195  0.000  0.000  0.257  0.000  0.000  0.000  0.000
