i-1/i     A      C      D      E      F      G      H      I      K      L      M      N      P      Q      R      S      T      V      W      Y      X
A       -0.012  0.000 -0.060  0.009  0.224  0.003 -0.081  0.074  0.114  0.237  0.025 -0.201  0.000  0.206  0.220  0.010  0.046  0.080 -0.245  0.345 -0.034
C        0.430  0.000  0.000  0.056  0.000  0.024  0.428  0.309  0.463  0.472  0.000 -0.270  0.000  0.395  0.423  0.405  0.328  0.000  0.000  0.000  0.000
D       -0.105  0.040  0.171 -0.158  0.154  0.010 -0.077  0.113 -0.068 -0.032 -0.009  0.066  0.000  0.011 -0.091 -0.213 -0.106  0.015 -0.014  0.025 -0.056
E        0.107  0.228  0.114  0.019 -0.241  0.248 -0.002  0.340  0.116  0.153  0.039  0.131  0.000 -0.057  0.082  0.045  0.050  0.112  0.118  0.393  0.000
F        0.027  0.281  0.034  0.051  0.027  0.242  0.227  0.242  0.031 -0.149  0.000  0.049  0.000  0.172  0.144 -0.077  0.000  0.180  0.000  0.514  0.000
G       -0.010 -0.210 -0.121 -0.195 -0.098 -0.010 -0.325 -0.166 -0.195 -0.150 -0.160 -0.193  0.000 -0.207 -0.121 -0.096 -0.098 -0.116 -0.165 -0.167 -0.173
H        0.099  0.000 -0.069  0.007  0.000 -0.041  0.109  0.280 -0.007  0.165 -0.064  0.036  0.000  0.110  0.238 -0.046 -0.039  0.000  0.036 -0.339  0.000
I        0.243  0.402  0.086  0.126 -0.233  0.017  0.172 -0.053  0.128  0.137  0.367  0.154  0.000  0.297  0.131  0.130  0.139  0.339  0.000  0.328  0.000
K       -0.097 -0.032 -0.054 -0.022 -0.016  0.194 -0.362  0.211  0.049  0.177 -0.105 -0.110  0.000 -0.133 -0.018  0.096 -0.152  0.138  0.049  0.023  0.137
L       -0.082  0.209  0.029  0.045 -0.288  0.066  0.388 -0.298  0.044  0.103  0.330  0.038  0.000  0.087  0.294 -0.029  0.276  0.142  0.366 -0.207  0.000
M       -0.076  0.000  0.117  0.046 -0.536  0.073  0.090  0.463 -0.006  0.062 -0.086  0.158  0.000  0.365  0.129  0.145  0.179  0.289  0.069  0.000  0.000
N       -0.116 -0.126 -0.054 -0.023  0.394  0.032  0.000  0.065  0.021 -0.026 -0.035 -0.045  0.000 -0.264  0.003 -0.079  0.014  0.034 -0.113  0.065 -0.101
P        0.080  0.048 -0.082  0.224 -0.324  0.092 -0.178  0.099  0.057  0.279  0.155  0.008  0.000  0.257  0.167  0.082  0.180  0.162  0.275 -0.029  0.050
Q        0.106  0.421 -0.004 -0.012  0.183 -0.067  0.037 -0.049  0.120  0.113 -0.152  0.161  0.000 -0.005 -0.138  0.074 -0.058  0.240  0.109  0.298  0.000
R       -0.064  0.331  0.111  0.135  0.123 -0.033  0.011  0.186  0.117  0.173 -0.184  0.111  0.000  0.022  0.124  0.060  0.079  0.016  0.385  0.215  0.000
S        0.069  0.109  0.142  0.206  0.075  0.099  0.093  0.174  0.060  0.224  0.049  0.139  0.000  0.011  0.200  0.057  0.010  0.182  0.000  0.267  0.129
T        0.034  0.296  0.053  0.079  0.407 -0.013  0.003  0.327  0.070  0.159  0.153 -0.127  0.000  0.050  0.112 -0.098 -0.034  0.226  0.522  0.398 -0.112
V        0.091  0.064  0.091  0.008  0.323  0.087  0.300  0.218  0.191  0.411  0.119  0.176  0.000  0.126  0.202  0.094  0.082  0.312  0.403  0.387  0.000
W        0.000  0.000  0.140 -0.169  0.000 -0.070  0.000  0.356  0.000  0.159  0.000  0.379  0.000  0.246  0.000  0.000 -0.320  0.298  0.255  0.000  0.000
Y       -0.036  0.000  0.042  0.151  0.050  0.209 -0.352  0.414 -0.133  0.041  0.000  0.095  0.000  0.175 -0.112  0.306  0.301 -0.264  0.000  0.455  0.000
X        0.000  0.000  0.092  0.000  0.000  0.040  0.000  0.000  0.000  0.000  0.000  0.488  0.000  0.000  0.053  0.284  0.421  0.000  0.000  0.000  0.000
