i-1/i     A      C      D      E      F      G      H      I      K      L      M      N      P      Q      R      S      T      V      W      Y      X
A       -0.161  0.010 -0.132 -0.143  0.069 -0.113  0.118  0.138 -0.064 -0.122  0.048 -0.192 -0.035 -0.009 -0.168 -0.123  0.197  0.173 -0.016  0.142 -1.000
C       -0.091 -0.207  0.009  0.059 -1.073 -0.364  1.027  1.129  0.099  0.110 -1.054  0.754 -0.828  0.383  0.085 -0.883 -0.699  0.140  1.543  1.134  0.000
D       -0.188 -1.070  0.179 -0.166  0.260 -0.220 -0.004 -0.046 -0.346  0.004  0.234 -0.230 -0.682 -0.089 -0.082  0.159 -0.579 -0.076  0.203  0.189 -0.017
E       -0.004  0.679  0.049 -0.106  0.143 -0.079 -0.189  0.047 -0.448  0.029  0.271 -0.163  0.069 -0.136 -0.426 -0.039  0.205 -0.033  0.399 -0.141 -0.325
F        0.165  0.885  0.278  0.434  0.302  0.283  0.236  0.171  0.317 -0.009 -0.439  0.223  0.399  0.460  0.319  0.344  0.100  0.441 -0.044 -0.136  0.000
G       -0.241  0.143 -0.440 -0.204 -0.230  0.083 -1.130 -0.328 -0.243 -0.116 -0.208  0.276 -0.314 -0.565 -0.384 -0.546  0.267 -0.108  0.318 -0.332 -1.958
H        0.129 -0.895  0.294 -0.060 -0.468  0.030 -0.114  0.321 -0.024  0.268 -0.693  0.087  0.000 -0.224  0.217  0.146 -0.357  0.096 -0.019  0.219  0.896
I        0.401  1.247  0.344  0.324  0.337  0.215  0.246  0.310  0.512  0.196  0.019  0.392  0.567  0.396  0.654  0.299  0.597  0.658  0.314  0.295  0.525
K       -0.130  0.002 -0.171 -0.203 -0.097 -0.241 -0.770  0.243 -0.334 -0.103  0.108 -0.398  0.429 -0.142 -0.441 -0.165  0.052 -0.103 -0.798 -0.743 -0.779
L        0.136  0.751  0.231  0.226  0.221  0.176  0.509  0.341  0.351  0.178  0.223  0.289  0.795  0.219  0.385  0.176  0.185  0.210  0.391  0.016  0.567
M        0.006 -1.479  0.053  0.413  0.443  0.040  0.149 -0.210  0.201 -0.126 -0.275  0.181  0.579  0.019  0.092  0.150 -0.917  0.134 -0.237 -0.538  1.087
N       -0.005 -0.643  0.063 -0.271  0.030  0.037  0.017 -0.436 -0.138  0.195 -0.326 -0.053  0.000  0.021 -0.358  0.028  0.466  0.368  0.062  0.055 -0.024
P        0.148 -2.233 -0.156  0.460 -0.042  0.443  0.085 -0.617 -0.046  0.220  0.677  0.266  0.570  0.153 -0.235  0.221  0.338 -0.591  0.185  0.100  2.878
Q       -0.130 -0.603 -0.039 -0.100 -0.314 -0.187 -0.290  0.089 -0.219  0.058  0.741 -0.008  0.638 -0.134  0.003  0.028  0.188  0.044 -0.026 -0.164 -0.283
R       -0.074 -1.003 -0.038 -0.295 -0.797 -0.118 -0.543  0.141 -0.112 -0.162 -0.031 -0.352  0.159 -0.167 -0.383 -0.070  0.022  0.155 -0.350  0.113 -1.683
S       -0.131  0.093  0.027 -0.318  0.093 -0.468  0.228 -0.226 -0.435 -0.264 -0.568 -0.094 -0.402 -0.230 -0.276 -0.450 -0.671 -0.448 -0.453 -0.295 -0.728
T        0.277  0.767  0.423 -0.109 -0.445  0.059 -0.450  0.110  0.021  0.299  0.336  0.105  0.690  0.184 -0.041 -0.098 -0.813  0.164  0.025 -0.062 -1.254
V        0.283  1.084  0.364  0.470  0.251  0.119 -0.106  0.392  0.435  0.231  0.127  0.526  0.522  0.194  0.375  0.409  0.197  0.356  0.368  0.101  0.570
W        0.069  1.618  0.209  0.346  1.200 -0.396  1.136  0.378  0.123  0.119  0.872  0.211  0.629  0.402  0.432  0.450  1.056 -0.015  0.369 -0.149  0.000
Y        0.167  1.167 -0.021  0.174 -0.056 -0.100  0.645 -0.258  0.483  0.018  0.179 -0.183  0.405  0.078  0.282  0.107  0.623  0.338  0.237  0.267  1.072
X        0.780  0.000  0.671  0.192  0.796  0.000  0.000  1.276  0.848  0.302 -1.684  0.781  0.000  0.230  0.318 -0.170  0.616  0.455  0.000  1.379  0.000
