i-1/i     A      C      D      E      F      G      H      I      K      L      M      N      P      Q      R      S      T      V      W      Y      X
A       -0.194 -0.118 -0.187 -0.043  0.021  0.000  0.102  0.127  0.036 -0.115 -0.312 -0.253  0.046 -0.104 -0.058 -0.251 -0.262 -0.003  0.131 -0.264 -2.132
C        0.016  0.763  0.040 -0.136 -0.015  0.000 -0.595 -0.123 -0.058  0.349  1.185  0.287  0.530  0.393 -0.036 -0.123 -0.489 -0.116 -0.311 -0.060  0.000
D        0.079 -0.531 -0.108 -0.157 -0.037  0.000 -0.782 -0.207 -0.166 -0.327 -0.362  0.110  0.036 -0.114 -0.152 -0.234 -0.240 -0.132 -0.072 -0.161 -2.154
E       -0.122 -0.825 -0.144 -0.219 -0.069  0.000 -0.289 -0.111 -0.024 -0.159 -0.133 -0.208  0.206 -0.135 -0.005 -0.232 -0.081  0.018  0.229 -0.170 -0.421
F       -0.129 -0.050 -0.092  0.068 -0.162  0.000 -0.277  0.102  0.009  0.133  0.134 -0.188 -0.259 -0.044 -0.016 -0.080 -0.096 -0.057  0.096  0.112 -1.567
G       -0.101  0.211 -0.244 -0.240 -0.164  0.000 -0.328  0.048  0.071 -0.170 -0.007 -0.015 -0.048 -0.286  0.080 -0.099 -0.159 -0.250  0.519  0.358  0.000
H       -0.066 -0.744 -0.099 -0.040 -0.001  0.000 -0.385  0.051  0.062 -0.197  0.597 -0.268  0.043 -0.332 -0.226 -0.280  0.183  0.120 -0.375  0.051  0.000
I       -0.029 -0.548  0.087  0.132  0.056  0.000  0.081  0.067  0.004  0.209  0.504 -0.067 -0.375  0.140  0.042 -0.131 -0.266  0.069 -0.099  0.097  1.448
K       -0.028  0.381 -0.042 -0.097 -0.056  0.000  0.064 -0.068 -0.003 -0.177 -0.600 -0.167  0.112 -0.194  0.074 -0.055 -0.190 -0.015 -0.035 -0.179 -2.900
L        0.054 -0.089 -0.123  0.036  0.116  0.000  0.053  0.205  0.113  0.089  0.317 -0.120 -0.047  0.022 -0.036 -0.055 -0.215  0.004 -0.102  0.137  0.896
M        0.088 -0.203 -0.039  0.034  0.108  0.000 -0.103  0.142  0.024  0.142  0.301 -0.046 -0.658 -0.464  0.019 -0.094 -0.198 -0.055 -0.321  0.446  0.713
N       -0.072  0.833 -0.359 -0.104 -0.136  0.000 -0.239 -0.075 -0.040 -0.095  0.040 -0.364  0.118  0.101  0.167 -0.073  0.005  0.077  0.254  0.098  0.258
P       -1.838 -2.886 -0.457 -2.102 -2.658  0.000  0.000 -2.273 -1.698 -2.073 -3.509  0.000  0.000 -1.672 -1.685 -0.749 -2.041 -1.521 -0.868 -1.788  0.000
Q       -0.049 -0.240 -0.142 -0.115 -0.141  0.000 -0.455 -0.060  0.073 -0.052 -0.170 -0.339 -0.022 -0.062  0.042 -0.242 -0.152 -0.099 -0.100 -0.140 -0.504
R       -0.076 -0.001  0.095 -0.076 -0.049  0.000  0.666 -0.055  0.052 -0.052 -0.261 -0.210  0.137 -0.003 -0.046 -0.098 -0.247 -0.080 -0.328 -0.181 -1.377
S        0.007 -0.422 -0.006 -0.063 -0.114  0.000  0.287  0.023  0.065 -0.038 -0.519 -0.407  0.181 -0.058 -0.013 -0.083  0.010 -0.042  0.095 -0.023  2.019
T        0.056 -0.372  0.315 -0.006 -0.079  0.000  0.064  0.137 -0.050  0.050 -0.264 -0.289  0.118 -0.049  0.145 -0.017  0.139  0.052  0.281  0.140  0.660
V        0.107 -0.238 -0.027  0.036  0.073  0.000  0.247 -0.019  0.034  0.108  0.335  0.062  0.163  0.054 -0.011 -0.163 -0.010  0.052 -0.334 -0.094  1.077
W        0.137  0.000  0.086  0.110  0.215  0.000  0.385  0.272 -0.069  0.105 -0.311  0.086 -0.068  0.013 -0.147 -0.356 -0.182 -0.099  0.383  0.314  0.000
Y       -0.096 -0.039  0.207 -0.004 -0.063  0.000  0.145 -0.052  0.099 -0.029  0.031 -0.404 -0.254 -0.215 -0.023 -0.085  0.018  0.007  0.292  0.069  0.000
X       -0.191  0.000  0.213 -0.675  0.000  0.000  0.530  0.061  0.465  0.306  1.457 -0.753  0.613 -0.528  1.252  0.309 -0.611  0.037  0.000 -0.451  0.000
