i-1/i     A      C      D      E      F      G      H      I      K      L      M      N      P      Q      R      S      T      V      W      Y      X
A       -0.051 -0.349 -0.246 -0.163  0.030  0.000  0.316 -0.114 -0.103 -0.106 -0.042 -0.120  0.081 -0.104 -0.114 -0.160 -0.377 -0.027  0.217  0.023  1.284
C       -0.361  0.000  0.764 -0.061  0.144  0.000  0.354 -0.180 -0.039 -0.035 -1.375 -0.699  0.467 -0.226 -0.071 -0.184 -0.407  0.102  0.394  0.000  0.000
D       -0.036 -0.319  0.410 -0.068  0.116  0.000  0.362 -0.005  0.123 -0.087 -0.086  0.164  0.319  0.095  0.136 -0.065 -0.329 -0.027  0.294  0.070  0.277
E       -0.093 -0.332  0.175 -0.001 -0.079  0.000  0.100  0.062 -0.018 -0.160 -0.080  0.004  0.115 -0.152 -0.051 -0.073 -0.092 -0.113  0.005 -0.171 -4.186
F       -0.314 -0.417 -0.115 -0.236 -0.303  0.000 -0.575 -0.052 -0.094 -0.201 -0.570 -0.331 -0.434 -0.179  0.026 -0.205 -0.149  0.030 -0.180 -0.186  0.567
G       -0.013 -0.675  0.225  0.086  0.066  0.000  0.498 -0.250 -0.192 -0.198 -0.121 -0.041  0.232 -0.079  0.158  0.220 -0.525 -0.042  0.244  0.187  0.000
H       -0.298  0.234 -0.473 -0.025  0.000  0.000 -0.008 -0.081 -0.022 -0.056  0.047 -0.381  0.046  0.000 -0.336 -0.242 -0.280 -0.023 -0.223  0.081  0.000
I       -0.215 -0.377 -0.229 -0.110  0.200  0.000 -0.247  0.004 -0.026 -0.129  0.119 -0.338 -0.177 -0.306 -0.094 -0.344 -0.291  0.117 -0.065 -0.092 -2.297
K       -0.022 -0.096  0.174  0.078 -0.074  0.000  0.234 -0.038  0.003 -0.081 -0.197  0.094  0.273  0.033  0.044 -0.243 -0.195 -0.122  0.085 -0.100 -1.077
L       -0.243 -0.134 -0.172 -0.154 -0.309  0.000 -0.230 -0.197 -0.031 -0.179 -0.226 -0.327 -0.172 -0.173 -0.025 -0.339 -0.184 -0.095 -0.478 -0.222 -2.784
M       -0.072 -0.551 -0.198 -0.085 -0.220  0.000 -0.055 -0.032  0.075 -0.134 -0.315 -0.169 -0.145 -0.229 -0.152 -0.376 -0.251  0.093 -0.736  0.095  0.151
N        0.010  1.293 -0.089 -0.097 -0.128  0.000 -0.545 -0.131  0.013  0.062 -0.134 -0.157  0.176  0.109 -0.059 -0.087 -0.203  0.041  0.125  0.259  1.292
P        1.507  0.000  0.310  1.255  0.967  0.000  0.000  0.933  1.175  1.009 -1.953  0.958  1.640  0.841  0.733  0.643  0.826  0.903  0.079  0.140  0.000
Q        0.040 -0.434  0.048 -0.120 -0.132  0.000  0.056 -0.135  0.027 -0.012 -0.153 -0.217  0.286 -0.144  0.048 -0.045 -0.389 -0.085 -0.288 -0.150  1.699
R       -0.016 -0.355 -0.229 -0.102 -0.074  0.000  0.406  0.071 -0.002 -0.096  0.264 -0.472  0.171  0.097 -0.074 -0.130 -0.412 -0.096 -0.391 -0.212 -0.324
S        0.065 -0.070  0.269  0.168 -0.026  0.000 -0.125  0.028  0.043 -0.065 -0.078 -0.103 -0.095  0.029  0.055  0.044 -0.170 -0.025  0.032  0.100 -0.368
T        0.028 -0.058  0.313 -0.081  0.082  0.000 -0.190  0.056 -0.132  0.019 -0.050 -0.101  0.143  0.006 -0.059 -0.102  0.166 -0.002  0.332 -0.114  2.801
V       -0.107 -0.559 -0.048 -0.197 -0.096  0.000 -0.008 -0.001  0.071 -0.149  0.359 -0.325 -0.070 -0.098 -0.057 -0.304 -0.164 -0.068 -0.472 -0.102  0.549
W        0.097  0.386 -0.489  0.103 -0.632  0.000  0.009 -0.292  0.089 -0.176 -0.232 -0.339  0.094 -0.347 -0.004 -0.093 -0.468  0.095 -0.018 -0.404  0.000
Y       -0.124 -0.325  0.042 -0.067 -0.000  0.000 -0.213  0.281 -0.009 -0.141 -0.235 -0.395  0.010 -0.056 -0.045 -0.307 -0.433 -0.198 -0.410 -0.116  0.000
X       -0.005  0.000 -0.559 -0.340  0.000  0.000 -1.071  0.229  0.499 -0.176 -0.101  0.800  0.000 -0.369 -0.059  0.000  0.009 -0.204  1.516 -0.088  0.000
