i-1/i     A      C      D      E      F      G      H      I      K      L      M      N      P      Q      R      S      T      V      W      Y      X
A       -0.010 -0.663  0.294 -0.162 -0.043  0.082  0.465  0.060  0.388  0.281  0.041 -0.278  0.174  0.417  0.145  0.217 -0.139  0.111  0.192  0.092 -0.473
C       -0.099  0.162  0.000  0.123 -0.135  0.319  0.173 -0.130  0.740  0.231  0.603 -0.325  0.000  0.467  0.020  0.139  0.484 -0.152  0.209  0.106  0.000
D        0.065  0.022  0.039 -0.663  0.293 -0.182 -0.987  0.511 -0.329  0.284 -0.085  0.284  0.906 -0.017 -0.103 -0.126 -0.346  0.472 -0.670 -0.607  0.812
E       -0.136 -0.414  0.203 -0.193 -0.075 -0.312  0.116  0.391  0.001  0.340 -0.506  0.091 -0.642  0.003 -0.037  0.019 -0.024  0.860  0.357  0.197  0.000
F       -0.188 -0.048  0.125  0.019 -0.006  0.368  0.541 -0.244 -0.059 -0.043  0.226  0.152 -0.192  0.159 -0.060  0.335  0.346 -0.086 -0.141 -0.154 -0.695
G        0.058 -0.157  0.602  0.440  0.354 -0.096  0.439  0.312 -0.117  0.214  0.191  0.039 -0.082 -0.097  0.042  0.390 -0.030  0.375 -0.327  0.654 -0.157
H        0.101  0.271  0.390 -0.409  0.751 -0.118 -0.494  0.017 -0.471  0.506 -0.391  0.303 -0.480 -0.049 -0.469 -0.089 -0.044  0.316  0.124 -0.442  0.000
I       -0.280 -0.138  1.209  0.183 -0.051  0.269 -0.332  0.011 -0.063  0.016 -0.156 -0.054 -0.170  0.096  0.027  0.436  0.623 -0.368 -0.564 -0.175  0.224
K        0.117 -0.564 -0.299  0.216  0.022 -0.315 -0.425  0.605  0.274  0.095  0.281  0.113  0.029 -0.116  0.186  0.098  0.278  0.377  0.114 -0.051  0.301
L       -0.085 -0.487  0.180 -0.020 -0.198  0.138  0.447  0.080 -0.209 -0.220  0.118  0.124 -0.161 -0.098  0.001  0.288  0.849 -0.260  0.418 -0.176  0.421
M       -0.186  1.052  0.015  0.878  0.553 -0.234  0.409 -0.298  0.286 -0.089  0.149  0.495 -0.077 -0.481  0.161 -0.254 -0.143  0.352  0.165  0.243  0.000
N        0.066 -0.020 -0.147 -0.375  0.112 -0.539  0.666  0.253 -0.232 -0.173 -0.799  0.241 -0.477 -0.022 -0.100  0.126 -0.296  0.432  0.352  0.252 -0.036
P       -0.465 -1.053  0.037  0.101 -0.026 -0.149 -0.048 -0.112  0.074 -0.190  0.068 -1.364  0.194  0.146  0.164  0.353  0.131 -0.400  0.653 -0.101  0.615
Q        0.559  0.222 -0.173 -0.168  0.027  0.023  0.019  0.192  0.031  0.376  0.000  0.456  0.459  0.086 -0.247 -0.057  0.139  0.364  0.428  0.273  1.150
R        0.014 -0.125 -0.305 -0.096  0.017  0.026  0.316  0.019  0.166  0.142  0.017 -0.003 -0.176  0.198  0.132 -0.137  0.144  0.463  0.651 -0.296 -0.335
S        0.344  0.015  0.007  0.217 -0.204 -0.004 -0.615  0.524  0.227 -0.018  0.504  0.464 -0.273 -0.114 -0.166 -0.040  0.062  0.654  0.480  0.268  0.464
T        0.171 -0.197 -0.434 -0.085 -0.251 -0.270 -0.772  0.291 -0.069  0.213 -0.272  0.147 -0.122  0.134  0.083 -0.366  0.068  0.226 -0.248  0.046  0.314
V       -0.200 -0.373  0.698  0.121 -0.262  0.207  0.310 -0.150 -0.085 -0.057  0.071  0.103  0.307  0.188 -0.111  0.377  0.416 -0.413 -0.532  0.154  0.048
W        0.118  0.000 -0.109 -0.420  0.480  0.086 -0.022 -0.504  0.029  0.278  0.000 -0.645 -0.449 -0.305  0.225  0.713  0.314  0.096 -0.798  0.273  0.000
Y       -0.067 -0.349  0.404 -0.187 -0.303 -0.138  0.195  0.111  0.107  0.050  0.198 -0.267  0.024 -0.250  0.238  0.029  0.723 -0.174  0.144  0.040  0.847
X       -0.003  0.000  0.000 -0.618 -0.175 -0.305  0.000  0.021 -0.124 -0.169  0.000 -1.067  0.000 -0.417  0.774  0.070  0.901 -1.191  0.000  0.133  0.424
