i-1/i     A      C      D      E      F      G      H      I      K      L      M      N      P      Q      R      S      T      V      W      Y      X
A       -0.231 -0.357 -0.045 -0.191 -0.038 -0.291 -0.676  0.044 -0.103 -0.279  0.169 -0.287  0.165 -0.199 -0.467 -0.421 -0.273 -0.210 -0.152 -0.417  0.848
C        0.150 -0.523  0.219 -0.137 -0.069  0.086 -0.129  0.140 -0.209  0.226 -0.925 -0.677  0.000  0.203  0.018 -0.236  0.584 -0.019  0.345  0.479  0.000
D        0.127 -0.249  0.359  0.320  0.557  0.241  0.745  0.146 -0.145  0.058  0.289  0.773  0.000  0.287  0.105  0.214  0.217  0.437  0.400  0.740  0.000
E        0.105 -0.299  0.219  0.430 -0.008  0.194 -0.004  0.171  0.349  0.103  0.008 -0.003  0.454  0.369  0.393  0.258 -0.119  0.186  0.187  0.190  0.678
F       -0.293  0.039 -0.130 -0.362 -0.101  0.210 -0.468 -0.240 -0.108 -0.174 -0.161 -0.303 -0.383 -0.226 -0.034 -0.327 -0.352 -0.103 -0.312 -0.250 -0.377
G       -0.072  0.037  0.211 -0.204 -0.056  0.017  0.445 -0.188  0.000  0.022 -0.051  0.811 -0.323  0.229 -0.347  0.110  0.146 -0.193  0.604 -0.224  0.408
H        0.010 -0.047 -0.056 -0.530  0.009  0.380 -0.058  0.424  0.113 -0.240 -0.103 -0.218 -0.287  0.431  0.057 -0.249 -0.348  0.252 -0.390  0.169 -0.419
I       -0.303  0.003 -0.442 -0.080 -0.302 -0.270 -0.176 -0.176 -0.120  0.005 -0.371  0.089 -0.239 -0.350 -0.213 -0.252 -0.056 -0.089 -0.626 -0.283 -0.486
K        0.089 -0.396  0.020  0.407  0.146 -0.036  0.125 -0.034  0.548  0.089  0.197  0.189  0.145  0.546  0.584  0.028 -0.020  0.178  0.146 -0.024  0.142
L       -0.008 -0.303 -0.471 -0.156 -0.222 -0.094 -0.190  0.049 -0.107 -0.119  0.341  0.012 -0.312 -0.116  0.066 -0.012  0.033 -0.004  0.033  0.194 -1.048
M        0.489  0.643 -0.483  0.080 -0.136 -0.146 -0.088 -0.508 -0.402  0.174 -0.341 -0.673 -0.209 -0.152 -0.204  0.304 -0.164 -0.006  0.695  0.138 -0.715
N        0.143  0.327  0.158 -0.212  0.463  0.762  1.121  0.396  0.449  0.049  0.191  0.128  0.262  0.203  1.179  0.089  0.689  0.085 -0.288  0.493 -0.081
P        0.302  0.000  0.282  0.545  0.053  0.242 -0.191 -0.086  0.172 -0.139  0.000  0.717  0.872 -0.774 -0.406 -0.676 -0.269 -0.301  0.000 -0.016  0.000
Q       -0.399  0.218 -0.088  0.488  0.314  0.192  1.216  0.059  0.234 -0.000  0.570  0.350 -0.141  0.580  0.414  0.268  0.251  0.356  0.433  0.491  0.245
R        0.001  0.178  0.155  0.095  0.167  0.253  0.277  0.193  0.397  0.007  0.126 -0.059 -0.477  0.084  0.159  0.152  0.022  0.053  0.086  0.082  0.287
S        0.177 -0.427  0.343  0.297 -0.046  0.632  0.191  0.266  0.302  0.240  0.294 -0.030  0.723  0.004 -0.048  0.161 -0.060 -0.105  0.259  0.290  0.512
T        0.078  0.294 -0.036 -0.038 -0.057  0.174 -0.538 -0.106  0.067 -0.201  0.049  0.432  0.197  0.206 -0.043  0.410 -0.205 -0.400 -0.207 -0.035  0.345
V       -0.266 -0.168 -0.313 -0.184 -0.186 -0.142 -0.255 -0.060  0.028 -0.040 -0.521 -0.196  0.173  0.021 -0.123 -0.258 -0.194 -0.274 -0.322  0.013 -0.161
W        0.446  0.017 -0.189 -0.482  0.079 -0.218  0.550  0.012 -0.081  0.062  0.034 -0.294  0.824 -0.473 -0.005 -0.106 -0.394 -0.740  0.000  0.079 -0.420
Y       -0.372  0.489 -0.812 -0.350  0.052 -0.223 -0.102 -0.012 -0.174 -0.087 -0.434 -0.137 -0.124 -0.275 -0.142 -0.552  0.007 -0.046 -0.291 -0.025  0.000
X        0.194  0.000 -0.733  0.144  0.365 -0.520  0.000 -1.189  0.106 -0.857  0.620  0.553  0.000 -0.185  0.108 -0.225 -0.360 -1.093  0.524  0.340  0.584
