i-1/i     A      C      D      E      F      G      H      I      K      L      M      N      P      Q      R      S      T      V      W      Y      X
A        0.480  0.381 -0.196 -0.150 -0.057  0.000 -0.282 -0.516 -0.382 -0.009  1.781 -0.215  0.339 -0.447  0.021 -0.302  0.095  0.074 -0.485 -0.573 -2.786
C        0.923  0.504  0.498  0.525  0.536  0.000 -0.181  0.069  0.269  0.438  0.737 -0.938 -0.083 -0.687 -0.299  0.221 -0.400  0.215 -0.153 -0.284  0.000
D        0.124  0.000  1.000  0.161 -0.119  0.000  0.349  0.219  0.036 -0.375  0.684  1.545  0.368  0.304 -0.121  0.084 -0.229  0.452 -0.148 -0.349  0.000
E       -0.372 -0.059 -0.417 -0.080 -0.112  0.000 -0.079  0.109  0.212 -0.513  0.931  0.260 -0.067 -0.166  0.292 -0.167  0.169 -0.002 -0.314 -0.101  2.750
F        0.219 -0.141  0.298  0.525  0.111  0.000  0.136  0.371  0.040 -0.154  0.571 -0.914 -0.095 -0.115  0.334 -0.209 -0.030  0.052 -0.542 -0.124 -1.640
G        0.548 -0.783  0.292  0.392 -0.595  0.000  0.437  0.528  0.971  0.273  0.517  0.754  0.285  0.649  0.556  0.310  0.195 -0.214  0.584  0.250 -1.852
H        0.485 -0.946 -0.056  0.267  0.579  0.000 -0.573 -0.116  0.546  0.434 -1.338  1.478 -0.150  0.367  0.663 -0.904 -0.538  0.450  0.814 -0.955  0.000
I        0.240 -0.717  0.256  0.211 -0.081  0.000  0.879 -0.269  0.085 -0.159  0.403 -0.017  0.019 -0.260  0.323 -0.094 -0.138 -0.081  0.128 -0.318 -0.051
K       -0.136 -0.255  0.311  0.307  0.360  0.000 -0.677 -0.242  0.334 -0.169 -1.043 -0.652  0.129  0.479  0.176 -0.121 -0.272  0.203  0.063  0.228  0.793
L       -0.024  0.538 -0.335 -0.019 -0.027  0.000  0.726  0.289 -0.231 -0.045  0.280 -0.562  0.009 -0.074  0.253 -0.293 -0.105  0.039 -0.419  0.284  3.587
M       -0.218 -0.141  0.225 -0.706  0.039  0.000 -1.290  0.146 -0.060  0.165  0.028  1.259 -0.627  0.000  0.516  0.417 -0.183 -0.027  1.383  0.287  0.000
N        0.056 -0.869 -0.201  0.214 -0.531  0.000 -0.152  0.216  0.189 -0.002  0.958 -0.748 -0.221 -0.065 -0.071  0.207  0.317  0.229  0.368  0.023  0.497
P       -0.560  0.000 -0.476 -0.040  0.521  0.000 -0.057  0.001 -0.196 -0.177  1.356 -1.365 -0.655  0.000  0.417  0.159  0.339 -0.190  0.518 -0.276  0.000
Q       -0.227 -0.340 -0.584  0.161 -0.107  0.000  0.363  0.209  0.998 -0.407  0.611  0.281 -0.165  0.548 -0.360 -0.217 -0.016  0.436 -0.015  0.480  0.490
R        0.180  0.077  0.379  0.360  0.337  0.000  0.145  0.457  0.033 -0.509 -0.485 -0.301 -0.341  0.529  0.031  0.170  0.096  0.066  0.051  0.344  0.672
S       -0.094  0.525  0.151  0.422  0.263  0.000 -0.168  0.252  0.200  0.348  0.683  0.138 -0.240  0.847  0.030 -0.038  0.058  0.111  1.069  0.184 -0.002
T       -0.457 -0.281  0.316 -0.124 -0.361  0.000 -0.130  0.114  0.129  0.193 -0.210  0.129  0.156  0.021  0.028  0.187 -0.008  0.034 -0.585 -0.054 -1.838
V        0.344  0.125  0.108  0.221 -0.217  0.000  0.343 -0.126  0.153 -0.015 -0.262 -0.187  0.165  0.151  0.069  0.037 -0.107 -0.151 -0.106  0.168  2.256
W       -0.025 -0.466 -1.018 -0.528  0.100  0.000  0.584  0.394 -0.037 -1.038  0.986 -0.559 -0.539  0.215 -0.377 -0.061 -0.041 -0.027  0.128  0.088  0.000
Y       -0.184 -0.082  0.343 -0.268  0.169  0.000 -0.823 -0.448 -0.157  0.511  0.121 -0.110 -0.053 -0.106 -0.080  0.019  0.105 -0.319  0.155  0.189  0.442
X        1.414  0.000 -0.655  0.000 -1.076  0.000  0.000 -0.969  0.052  0.234  0.000 -0.344  0.231  1.718 -0.206 -0.694 -1.056 -1.197  0.000 -0.235  0.000
