i-1/i     A      C      D      E      F      G      H      I      K      L      M      N      P      Q      R      S      T      V      W      Y      X
A        0.872 -1.181  0.783 -0.174  0.120  0.000  1.075 -0.079  0.075 -0.131  0.017  0.846  0.398 -0.324  0.400 -0.051  0.153 -0.104  0.044  0.370  1.931
C       -0.509  0.085 -0.713  0.130  0.100  0.000 -1.038  0.497  0.481 -0.157  1.199 -0.098 -0.015 -0.308 -0.209 -0.074 -0.307  0.153 -1.156  0.176  0.000
D       -0.236 -0.208  1.100  0.125 -0.112  0.000  0.448 -0.532  0.520 -0.566  0.888  0.472 -0.481 -0.202 -0.110  0.585  0.342 -0.402 -0.110 -0.465  2.759
E       -0.267 -0.553  0.411  0.034 -0.198  0.000 -0.461 -0.684 -0.177 -0.543 -0.737 -0.410 -0.017  0.101  0.320  0.110 -0.011 -0.570 -0.200  0.072  0.000
F        0.398 -0.156  0.748  0.123  0.311  0.000  0.181  0.510  0.302  0.763  0.850  1.726  0.078 -0.177 -0.062 -0.055  0.051  0.209  1.019  0.292 -0.070
G        0.384 -1.616 -0.802 -0.280 -0.634  0.000 -0.672  0.092 -0.259  0.269 -0.583  0.981 -0.140  0.221 -0.247  0.204  0.046 -0.075  0.454 -0.345  0.000
H        0.754 -0.474 -0.832  0.460 -0.291  0.000 -0.346  0.242 -0.087 -0.427  0.285 -0.432 -0.454  0.244  0.515 -0.265  0.145 -0.219 -0.434 -1.013  0.000
I        0.685 -0.079 -0.190 -0.125  0.525  0.000 -0.043  0.504  0.122  0.396  0.164  0.497  0.566  0.060  0.056  0.216  0.241  0.538  1.098  0.375 -1.344
K       -0.162 -0.148  0.536 -0.052 -0.002  0.000 -0.078 -0.704 -0.060 -0.164  1.095 -0.131 -0.314  0.296  0.101 -0.080 -0.060 -0.327  0.306  0.066  0.000
L        0.424  0.435 -0.169  0.342  0.378  0.000  0.138  0.442  0.068  0.527  0.110  0.227 -0.381  0.294  0.111  0.024  0.095  0.521  0.483  0.675  0.027
M       -1.058  0.788  0.181  0.055 -0.474  0.000 -0.506  0.085 -0.451  0.350 -0.978 -0.223  0.321 -0.014 -0.808  1.029 -0.128 -0.018  0.954  0.034  0.000
N       -0.044  1.323  0.682  0.536 -0.001  0.000  0.405 -0.202  0.061 -0.323 -1.175  1.232 -0.699 -0.008  0.156  0.326  0.227 -0.565 -0.530 -0.263  1.054
P       -0.591 -0.139 -0.092 -0.853  0.386  0.000  0.103  0.236  0.089 -0.274  0.035 -1.391 -0.002  0.258  0.080 -0.199  0.029  0.055 -0.536 -0.228 -2.197
Q       -0.559 -1.238 -0.195  0.230  0.453  0.000 -0.192 -0.289  0.152 -0.638  0.000 -0.250  0.435  0.713 -0.386  0.235  0.233 -0.209 -0.121 -0.210  0.823
R        0.146  0.362  0.666  0.707  0.511  0.000  0.432 -0.488  0.160  0.246  0.542 -0.333  0.242  0.064 -0.204  0.149  0.128 -0.511 -0.744 -0.146  1.238
S        0.287 -0.285  0.113 -0.015  0.179  0.000  0.270 -0.111 -0.212  0.094 -0.152  0.789 -0.382 -0.072 -0.040 -0.246  0.227 -0.484 -0.986 -0.367  3.152
T       -0.617 -0.601  0.005  0.210  0.434  0.000 -0.079 -0.163  0.111  0.253 -0.308  0.448  0.014  0.105 -0.309  0.234  0.087 -0.006 -0.290  0.094  2.743
V        0.615  0.379 -0.210 -0.038  0.424  0.000  0.177  0.526 -0.073  0.283  0.741  0.286  0.326  0.011  0.055  0.265 -0.003  0.608  0.643  0.506 -2.545
W       -0.082 -0.559 -0.841  0.839  0.366  0.000  1.625  0.711  0.865  0.003 -0.771  0.882 -0.237  0.155  0.128 -0.127  0.169  0.274  1.332  0.627  0.000
Y        0.565 -0.947  1.006  0.158  0.443  0.000  1.324  0.412  0.326  0.651  0.971  1.149  0.295  0.669  0.330  0.208  0.191  0.278  0.264  0.124  1.198
X        1.309  0.000  0.000  0.644  0.513  0.000  0.000  0.658 -1.389  1.269  0.000  0.000  0.000  1.307  1.222  0.153  0.919  0.951  0.000  1.032  2.927
