i-1/i     A      C      D      E      F      G      H      I      K      L      M      N      P      Q      R      S      T      V      W      Y      X
A       -0.058  0.056 -0.032  0.043  0.584  0.000  0.061  0.197  0.389  0.315  0.499 -0.680 -0.014  0.280  0.492  0.229  0.188  0.135 -0.417 -0.114  1.407
C        0.211 -0.539 -0.011  0.560  0.207  0.000  0.048  1.244  0.113 -0.585  1.269  0.710  0.000 -0.165 -0.192  0.284 -0.084  0.476 -1.380  0.533  0.000
D       -0.138  0.488 -0.301 -0.193 -0.538  0.000  1.665 -0.432 -0.171 -0.057 -0.195  0.485 -0.709 -0.839  0.143 -0.030  0.296  0.020 -0.081  0.425  0.000
E        0.147 -0.607  0.378 -0.609 -0.420  0.000 -0.095 -0.094 -0.410 -0.156  0.493 -0.434  0.084 -0.266  0.029 -0.026 -0.025 -0.151 -0.184  0.190 -0.367
F        0.413 -0.305  0.077  0.375 -0.462  0.000  0.476  0.569  0.058  0.255 -1.123  0.131 -0.304  0.088  0.042  0.258  0.202  0.091 -0.250 -0.357  1.133
G       -0.430  0.443 -0.060  0.533  0.959  0.000 -0.082  0.351  0.726  0.411  0.425  0.396  0.345  0.078  0.558  0.143  0.470  0.440 -0.096  0.475  0.874
H        0.298  0.539 -0.466 -0.323 -0.688  0.000 -0.965 -0.037 -0.050  0.261  0.356  1.259  0.024  0.062 -0.065 -0.067  0.015 -0.212  0.809 -0.102 -2.017
I       -0.074 -0.164  0.153  0.187 -0.280  0.000 -0.151 -0.125 -0.007 -0.393 -0.073  0.437 -0.002 -0.019  0.219 -0.075 -0.214 -0.170 -0.193 -0.020  0.202
K        0.057  0.696 -0.099 -0.717  0.283  0.000  0.339 -0.099 -0.385 -0.086 -0.449 -0.711  0.073 -1.064 -0.316 -0.260 -0.091 -0.117 -0.265 -0.182 -1.849
L       -0.279  0.262  0.073  0.123  0.102  0.000  0.018 -0.336  0.320  0.016  0.049 -0.012 -0.301  0.139  0.039 -0.244 -0.024 -0.094 -0.237 -0.580  0.381
M       -0.662  0.396 -0.343  0.081 -0.270  0.000 -1.121 -0.146  0.422 -0.957 -0.266 -0.211  0.140 -0.074 -0.251 -0.687 -0.123 -0.116  0.342 -0.040  0.235
N        0.228 -0.002  0.483  1.065  0.144  0.000 -0.434 -0.123 -0.893 -0.157 -0.808 -0.344 -0.073  0.306 -0.701 -1.050 -0.678 -0.002 -0.477  0.357  0.000
P        0.888  0.000  0.000 -0.959  0.353  0.000  0.234 -0.729  1.767 -0.198 -0.015 -1.963 -0.195  0.247  0.061 -0.271  1.099  0.306 -1.134  0.374  0.000
Q        0.341  0.865  1.060 -0.242  0.124  0.000  0.463 -0.163 -0.722 -0.158  0.284 -0.022  0.011 -0.919 -0.194  0.002 -0.854 -0.285  0.350  0.551  3.142
R       -0.033 -0.484 -1.309 -0.351 -0.006  0.000  1.260 -0.374 -0.273 -0.264  0.338  0.270 -0.141 -0.174  0.025 -0.027 -0.034 -0.134  0.034 -0.192 -2.000
S        0.342  0.234 -0.128 -0.144  0.257  0.000  0.109  0.917 -0.035  0.661  0.384  0.349  0.120  1.199  0.647  0.004 -0.128  0.403  0.508  0.721  2.251
T       -0.088 -0.603 -0.165 -0.094  0.029  0.000  0.513  0.266 -0.164  0.149 -0.090  0.637  0.115  0.186  0.067 -0.026 -0.135  0.135  0.254  0.323 -2.772
V        0.029 -0.050  0.005 -0.031 -0.273  0.000  0.117 -0.021 -0.186 -0.215  0.043 -0.180 -0.048 -0.093  0.052 -0.104 -0.195  0.004  0.295 -0.014 -2.381
W        0.008  0.080  0.004  0.616 -0.123  0.000 -0.053  0.863  0.427  0.532  2.089 -0.856  0.271  0.620  0.459  0.469  0.552  1.144  0.646  1.216 -0.519
Y        0.293 -0.308  0.304  0.411  0.233  0.000 -0.523  0.606  0.396  0.228  0.588 -0.050  0.063  0.550 -0.127  0.231  0.076  0.036 -0.184  0.061 -1.992
X        1.070  0.000  0.667  0.311  1.383  0.000  0.000  0.443  0.364  0.469  0.690  0.629  0.000  0.500 -0.174  0.832  0.206  1.286 -1.250 -0.382  2.425
