i-1/i     A      C      D      E      F      G      H      I      K      L      M      N      P      Q      R      S      T      V      W      Y      X
A       -0.189  1.039  0.636 -0.142 -0.254 -0.525  0.059  0.161  0.456  0.180 -0.449  0.178  0.296 -0.194  0.332  0.231  0.216  0.124  0.379 -0.341 -0.163
C       -0.340 -0.113  0.155 -0.175  1.028 -1.581 -1.471  0.430  0.156 -0.041 -0.118  0.256  0.000  0.838  0.831  0.499  1.112  0.163  0.000  0.034  0.000
D        0.074 -1.633 -0.114 -0.016 -1.266 -0.361 -0.016 -0.368  0.146 -0.031 -0.828 -0.171  0.718 -0.843 -0.189  0.151 -0.436 -0.368 -0.423  0.008  0.000
E       -0.127  0.339  0.037  0.163 -0.730  0.033  0.171  0.274 -0.205  0.831  0.558  0.190 -0.140  0.296 -0.000  0.347  0.188  0.125  0.290  0.234  0.000
F        0.275 -0.280 -0.017 -0.022  0.087 -0.569  0.493 -0.464 -0.171 -0.177 -0.403 -0.376  0.741 -0.373 -0.265  0.661  0.200 -0.052  0.201 -0.302  1.083
G       -0.309 -0.197  0.202 -0.239 -0.343 -0.458 -0.258 -0.202 -0.186  0.053 -0.355 -0.090 -0.253 -0.301 -0.203 -0.303 -0.486  0.214 -0.261  0.268  0.677
H       -0.063 -0.728  0.058  0.000 -0.594 -1.238  0.378  0.206  0.242 -0.278 -0.876 -0.813  0.447 -0.552  0.190  1.601 -0.338 -0.122  0.000  1.373  0.000
I        0.041  0.391 -0.359 -0.017  0.714  0.377 -0.142  0.287  0.212 -0.117  0.097  0.087  0.255 -0.015  0.402 -0.322  0.232 -0.014 -0.488  0.200 -0.049
K        0.347 -0.075  0.367 -0.000 -0.276 -0.160  0.161  0.132  0.344  0.025  0.382 -0.352 -0.969  0.036 -0.088  0.115 -0.149  0.033  0.014  0.064  0.121
L        0.224  0.249 -0.161 -0.032  0.079 -0.428 -0.419 -0.029  0.118  0.063 -0.254  0.462  0.270  0.433  0.127  0.155 -0.305  0.023 -0.726  0.045  0.000
M       -0.070 -0.969 -0.722  0.143  0.498 -0.304  0.000 -0.085  0.535 -0.114  0.048 -0.584 -0.564  0.000 -0.169  0.077 -0.210  0.399  0.000 -0.403  0.000
N       -0.538  1.121  0.092 -0.127 -0.469 -0.684 -0.648 -0.141  0.385  0.541  0.260  0.579  0.000  0.352  0.090  0.474  0.250  0.214  1.218  1.259  1.232
P        0.118  0.310  1.492  0.368 -0.366 -0.313  0.608 -0.214  0.359  0.560 -0.475 -0.607 -0.283  0.118  0.191  0.667  0.318  0.290  1.326  0.953  0.000
Q        0.226  0.049  0.326  0.344 -0.060  0.127 -0.412  0.193 -0.039  0.316 -0.134  0.372  0.551  0.391 -0.013 -0.321  0.023 -0.092  0.558  0.404 -0.481
R       -0.575 -0.720 -0.309 -0.329 -0.226 -0.235  0.575  0.501  0.018  0.410  0.454  0.112 -0.943 -0.439 -0.035 -0.380  0.565  0.077  0.335 -0.176  0.549
S        0.698 -1.663  0.667 -0.076  0.267 -0.094  0.199  0.117  0.419  0.073  0.129  0.617  0.752  0.178  0.349  0.232 -0.162 -0.116 -0.400  0.013  0.194
T        0.132 -0.967  0.415 -0.145  0.086 -0.227  0.429 -0.009  0.180  0.155 -0.009  0.129  0.276  0.223 -0.208  0.346  0.005  0.259  0.547  0.933  0.071
V        0.025 -0.197  0.146 -0.005  0.357  0.256  0.058 -0.112 -0.008 -0.201  0.267  0.178 -0.448 -0.168 -0.016 -0.515 -0.026  0.185 -0.123 -0.202 -0.747
W        0.502  0.000  0.792  0.735  0.118  0.728  0.000 -0.338 -0.020  0.029 -0.817  0.250  1.170  0.176 -0.038  0.256  0.706  0.041  0.711  0.542  0.000
Y        0.628  0.000  0.975  0.202  0.377 -0.824  0.720  0.121  0.040 -0.092  0.092 -0.423 -0.416  0.057  1.121  0.594  0.289  0.101  0.289  0.173 -0.232
X       -0.301  0.000  0.000  0.000 -0.984 -1.171  0.000  1.068  0.096 -0.724  0.000  1.480 -0.596  0.000  0.828 -0.682  1.534  0.658  0.000  1.511  0.819
