i-1/i     A      C      D      E      F      G      H      I      K      L      M      N      P      Q      R      S      T      V      W      Y      X
A       -0.473 -1.507 -0.957 -0.205 -0.308 -1.235 -0.271 -0.279 -0.115  0.099 -0.068 -0.676 -0.302 -1.162 -0.436 -0.719 -0.565 -0.258 -0.866 -0.559  0.184
C       -0.196 -0.635 -0.348 -0.038 -0.057 -0.702 -0.748 -0.410  0.415 -0.040  1.430 -1.135  0.000 -0.030 -0.325 -1.153  0.210  0.276 -0.211 -0.008  0.000
D       -0.324 -0.350  0.581  0.256 -0.322 -0.412  0.121 -0.537  0.087 -0.348  0.098 -0.592  0.000 -0.230 -0.203 -0.203 -0.415 -0.449 -0.151  0.192  0.522
E       -0.307 -0.920 -0.516 -0.246  0.079 -0.660 -0.370 -0.039 -0.319 -0.147 -0.166 -0.472 -0.707 -0.351 -0.215  0.062  0.263 -0.292 -0.399 -0.211  0.376
F       -0.038 -0.898 -0.648 -0.240 -0.573 -0.451 -0.420 -0.414 -0.292 -0.374 -0.466 -0.437  0.467 -0.148 -0.221 -0.580 -0.239 -0.289 -0.450 -0.407 -0.713
G        0.310  0.098 -0.191  0.410  0.533  0.677 -0.332  0.323  0.587  0.768  0.860  0.658  0.415  0.199  0.336  0.513  0.104  0.248  0.371 -0.058  0.660
H       -0.478 -0.827 -0.072 -0.058 -0.655 -0.636 -0.302 -0.123 -0.292  0.032 -1.192  0.224 -0.429  0.914  0.221 -0.114 -0.756 -0.382  0.482  0.088  0.000
I       -0.081 -0.490 -0.434 -0.163 -0.031 -0.524  0.274  0.294 -0.260 -0.190 -0.032 -0.072 -0.395  0.088 -0.005 -0.466 -0.265  0.356  0.321  0.122  0.825
K        0.082 -1.096 -0.009  0.018 -0.362 -0.306 -0.350 -0.168 -0.026 -0.118 -0.362  0.119 -0.698 -0.069 -0.125  0.197 -0.075 -0.185 -0.009 -0.196  0.091
L       -0.046 -0.320 -0.982 -0.466 -0.105 -0.521 -0.566 -0.106 -0.429 -0.497 -0.221 -0.269 -0.743 -0.295 -0.143 -0.825 -0.420 -0.143  0.033 -0.337 -0.428
M       -0.210  0.000 -0.551  0.066 -0.467 -1.168  0.335  0.498  0.355  0.046 -0.495 -0.538 -0.254  0.079 -0.402 -0.837  0.198 -0.174 -0.272  0.302  0.000
N       -0.226  0.492 -0.043 -0.247  0.016 -0.384 -0.580 -0.627 -0.310 -0.393 -0.633 -0.397  0.000 -0.023  0.245  0.498 -0.360 -0.558 -0.442 -0.646  0.059
P       -0.388  0.000 -0.192 -1.292  0.000  0.717  0.000 -0.914  0.000  0.000  0.000  0.000  0.000  0.000 -0.621 -0.350 -1.112 -1.134 -0.139 -1.308  0.000
Q       -0.554  0.828 -0.288 -0.607  0.005 -0.136 -0.047 -0.212 -0.350 -0.232  0.000  0.034  0.541  0.307 -0.423 -0.413  0.091 -0.196 -0.319 -0.136 -0.065
R       -0.472 -0.789 -0.389 -0.062  0.014 -0.572 -0.493 -0.328 -0.045 -0.122  0.052  0.034  0.044  0.071 -0.061  0.433 -0.301 -0.323  0.670 -0.049 -0.409
S        0.037 -0.881 -0.155 -0.038  0.055 -0.438 -0.371 -0.079  0.467  0.397 -0.283 -0.435 -0.495 -0.012  0.277 -0.121  0.101  0.124  0.705  0.349 -0.423
T        0.288 -0.888 -0.385  0.120  0.066  0.199  0.338  0.400  0.224  0.257 -0.256 -0.184 -0.865  0.027  0.102  0.264 -0.227  0.205  0.190  0.190 -0.229
V       -0.123 -0.321 -0.282  0.132  0.157 -0.422 -0.092  0.151  0.018 -0.064  0.114 -0.410 -0.160  0.194 -0.059 -0.250 -0.035  0.265  0.298  0.214 -0.564
W       -0.257 -1.670 -0.487 -0.509 -0.386 -0.382 -0.364 -0.363  0.406 -0.460  0.597 -0.689 -0.499  0.244 -0.904 -0.372  0.001 -0.018 -0.448  0.020 -1.432
Y       -0.819 -0.522 -0.629 -0.071 -0.478 -0.959  0.108 -0.405 -0.727 -0.654 -0.217 -0.706 -1.090 -0.555 -0.650 -0.077 -0.184 -0.181 -0.015 -0.202 -0.062
X        0.000  0.000 -0.253  0.629  0.000 -0.162 -1.400 -0.525 -0.613  0.571  0.000  0.000  0.000 -0.569  0.846 -0.281  0.509 -0.636  0.000  1.355 -0.771
