i-1/i     A      C      D      E      F      G      H      I      K      L      M      N      P      Q      R      S      T      V      W      Y      X
A       -0.054  0.169  0.115  0.137  0.073  0.159  0.263 -0.069  0.066 -0.018 -0.096  0.002  0.000  0.201  0.035 -0.157  0.058 -0.030 -0.305 -0.081 -0.021
C        0.456  0.461  0.215  0.170 -0.024  0.053  0.257  0.363  0.456  0.273  0.284  0.345  0.000  0.231  0.136  0.245  0.276  0.098  0.273  0.234  0.000
D        0.036  0.007 -0.422  0.010 -0.039  0.087 -0.267 -0.091 -0.103 -0.089  0.186 -0.020  0.000  0.091 -0.092  0.091 -0.162 -0.053  0.322  0.116 -0.136
E        0.206  0.137  0.109  0.088  0.105  0.164  0.185  0.126  0.059  0.101  0.223  0.061  0.000  0.220  0.200 -0.111  0.038  0.130  0.177  0.135  0.179
F        0.309 -0.221  0.079  0.170  0.043  0.089  0.052  0.101  0.310  0.085  0.301 -0.018  0.000  0.136  0.232  0.184  0.101  0.068  0.270  0.250 -0.138
G       -0.351 -0.057 -0.222 -0.018 -0.240 -0.269 -0.113 -0.093 -0.139 -0.316 -0.252 -0.153  0.000  0.045 -0.023 -0.093 -0.104 -0.162 -0.106 -0.263  0.332
H       -0.031  0.194  0.054  0.184  0.142  0.200 -0.007  0.050  0.143  0.038  0.228  0.223  0.000 -0.030  0.175  0.161  0.050 -0.006  0.302  0.142 -0.031
I        0.118  0.191  0.174  0.144  0.127  0.288  0.243  0.121  0.177  0.059  0.102  0.143  0.000  0.162  0.197  0.176  0.218  0.144  0.364  0.304  0.113
K        0.009  0.044 -0.054 -0.074  0.019  0.084  0.052  0.117  0.043  0.012 -0.082 -0.089  0.000 -0.093  0.068  0.169 -0.035  0.138  0.065  0.004  0.215
L        0.086  0.016  0.107  0.102  0.237  0.164  0.193  0.165  0.152  0.141  0.012  0.197  0.000  0.292  0.189  0.133  0.209  0.196  0.113  0.182 -0.093
M       -0.008  0.293  0.050  0.238  0.221  0.351  0.589  0.162  0.219 -0.034  0.417 -0.058  0.000  0.391  0.206 -0.050  0.173  0.216 -0.095  0.228 -0.017
N        0.138  0.072  0.278 -0.009  0.257 -0.048 -0.187  0.147  0.071  0.134 -0.037 -0.006  0.000 -0.178  0.115 -0.047  0.094  0.156 -0.241  0.209 -0.099
P        0.100  0.000  0.000 -0.296 -0.045  0.289 -0.088 -0.094  0.158 -0.074 -0.022 -0.005  0.000  0.325  0.296  0.100 -0.176 -0.039  0.061  0.119  0.000
Q        0.059  0.200  0.106  0.136  0.111 -0.043 -0.337  0.124  0.001  0.126 -0.001  0.232  0.000  0.117  0.014  0.019 -0.063  0.049  0.162  0.244  0.028
R        0.075  0.028  0.117  0.005  0.089 -0.139 -0.105  0.107  0.094  0.059  0.059  0.095  0.000  0.240  0.163  0.114 -0.054  0.090  0.119  0.047 -0.043
S        0.048  0.054  0.080  0.057 -0.129 -0.017  0.034 -0.013  0.037  0.019 -0.116  0.038  0.000  0.132  0.166  0.097  0.191  0.034 -0.023 -0.013 -0.034
T        0.161  0.106 -0.032  0.053  0.226  0.214  0.184  0.202  0.068  0.244  0.180 -0.257  0.000  0.248  0.130  0.066  0.051  0.204  0.119  0.162 -0.060
V        0.172  0.145  0.113  0.184  0.182  0.084  0.085  0.152  0.215  0.117  0.160  0.101  0.000  0.217  0.207  0.184  0.152  0.160  0.294  0.136  0.031
W        0.431  0.183  0.235  0.397  0.186  0.222  0.170 -0.080  0.515  0.370  0.566  0.324  0.000  0.496  0.310  0.399  0.462  0.294  0.361  0.482  0.098
Y        0.167  0.032  0.120  0.169  0.081  0.302  0.247  0.096  0.261  0.088  0.244 -0.037  0.000  0.173  0.178  0.178  0.047  0.055  0.193  0.159 -0.201
X        0.435  0.000  0.527  0.465  0.263  0.000  0.000  0.413  0.429  0.300 -0.040  0.346  0.000  0.529  0.575  0.458 -0.171  0.141  0.587  0.243  0.224
