i-1/i     A      C      D      E      F      G      H      I      K      L      M      N      P      Q      R      S      T      V      W      Y      X
A       -1.364 -0.941 -0.233  0.008 -0.406 -0.602 -2.119 -0.186 -0.155  0.267  0.579 -1.341  0.000 -0.952 -0.110 -0.477 -1.379 -0.133  0.921 -0.218 -2.188
C       -0.147 -0.733 -2.419  0.416  0.871 -1.253  1.437 -0.629 -0.380 -0.131 -1.092 -0.084  0.000  0.020 -0.274  2.808  2.286  0.737 -0.970  0.437  0.000
D        0.223 -0.653 -3.537  0.196 -1.726 -0.494 -2.477 -0.263 -0.522  1.542 -0.632  0.662  0.000  1.275  0.066 -2.314 -1.881  0.352 -2.034 -0.985 -0.436
E       -0.111 -1.264 -0.009 -0.403 -1.596  0.844  1.478  0.387 -0.005  0.309  0.280 -0.184  0.000 -0.254 -0.988 -1.148  0.050  0.578 -3.092 -0.057  0.000
F       -0.261 -3.042 -0.132 -0.535 -0.591 -0.319  0.055  0.376 -1.116 -0.455  0.549 -2.142  0.000  0.450  0.448  1.069  1.555 -0.402 -0.620 -0.392  1.090
G       -0.283 -1.695 -1.763  0.616  0.173 -1.045 -0.666  0.669  0.401  0.188  0.248  0.042  0.000  0.100 -0.446 -0.053  0.277  0.137  2.317  0.524 -2.972
H       -0.769  2.869 -0.519  0.067  1.289 -0.026 -0.761  0.433 -1.113  0.246 -1.982 -3.792  0.000 -0.271 -0.292  0.864 -1.054 -0.264  0.341  1.549  0.000
I       -0.334 -2.185 -1.311  0.035 -1.379 -0.857 -0.805 -0.247 -0.032 -0.370  0.062  0.526  0.000 -0.045 -0.161 -0.050  0.377 -0.948  0.405 -1.746  0.483
K       -0.182 -0.940 -1.043  0.032 -0.133  0.958 -0.454  0.129 -0.652 -0.058  2.034 -1.823  0.000 -0.748  0.003 -1.044 -0.472 -0.020 -1.098 -0.697 -3.550
L       -0.324 -2.321 -1.475  0.236 -1.213  0.064  0.051  0.046 -0.502 -0.032 -0.188 -1.387  0.000 -1.649  0.139 -0.262  1.219 -0.753 -0.293 -1.516  1.758
M       -0.407 -0.206 -1.071 -0.517 -0.093 -0.884 -4.054  0.684  1.131  0.510  1.841  1.450  0.000 -1.851 -0.900  1.901  0.166 -0.413 -0.530  0.464  0.000
N       -0.678 -0.392 -0.232 -0.698 -0.457  0.815 -1.507  1.714  0.344  0.400 -0.660 -1.810  0.000 -0.191 -1.051 -2.257 -1.693  0.047 -3.721 -0.861 -0.164
P        1.306  2.158 -0.167 -1.045 -0.335  0.045 -1.790 -0.787 -1.978 -1.640 -1.850 -0.002  0.000 -1.877 -1.182  1.231 -0.925 -1.669 -0.820  0.602  2.277
Q       -1.088 -2.732 -1.455 -1.283 -2.344  0.443 -0.372 -0.970 -0.041  1.116 -2.473 -2.782  0.000  1.089  1.706 -2.305  0.234 -0.189 -0.964 -0.545 -2.808
R        0.167 -1.889 -1.494 -1.224 -0.102 -0.341  0.399 -0.225 -0.369 -0.159  1.021 -1.127  0.000 -0.459 -0.885 -0.327  0.533 -0.288 -1.829 -1.228  0.080
S       -0.970  0.420 -0.458 -0.588 -0.137 -0.286  1.277  0.703  0.692  0.406 -0.805 -1.018  0.000  0.544  1.025 -0.517  0.632  0.299  1.205 -0.862 -1.088
T        1.023 -1.299 -0.461 -0.660  0.041 -0.422  0.324 -0.326 -0.743 -0.244  1.053 -1.214  0.000 -0.806  0.731 -0.599 -0.315  0.272 -0.417 -0.671  1.148
V       -0.858 -1.878 -1.163 -0.361 -0.272 -0.881 -0.746 -0.567 -0.065 -0.501 -0.913 -0.596  0.000 -0.824 -0.279 -0.085  0.034 -0.824 -0.133 -0.681  1.775
W       -0.555 -1.371  0.203 -1.577 -0.776  0.312  0.705  1.892  0.577 -0.100 -1.627  1.488  0.000 -1.881 -1.008 -1.604 -1.095  1.539 -3.573  0.286  0.000
Y       -0.528 -1.090 -1.732 -1.125 -1.270 -0.406 -1.670 -0.355 -0.146  0.395 -0.900 -0.787  0.000 -1.644 -0.203  0.434  0.795 -0.623  0.512 -0.367 -0.533
X       -3.361  0.000  0.000 -3.963 -2.743 -0.613  0.000 -0.893 -1.012  0.068  0.000 -3.222  0.000 -1.534 -3.078  1.225 -2.911 -4.077  0.000  0.447  2.896
