i-1/i     A      C      D      E      F      G      H      I      K      L      M      N      P      Q      R      S      T      V      W      Y      X
A       -2.047 -3.241 -1.385 -1.667 -2.406 -2.694 -1.544 -2.206 -2.216 -2.510 -2.899 -3.787  0.000 -2.545 -2.592 -3.062 -2.647 -2.530 -3.764 -2.717 -0.801
C       -0.978  1.298  0.434  0.685 -0.469 -0.745  1.104  0.984 -0.080  1.000  3.531  0.325  0.000 -2.777  1.811  0.265  3.641 -1.176  1.263 -0.781  0.000
D       -1.408 -3.948  0.000 -1.748 -1.092 -1.631 -2.795 -1.692 -3.053 -1.967 -0.900 -2.242  0.000 -1.011 -2.816 -1.722 -3.138 -1.435 -0.849 -1.442  0.132
E       -0.182 -0.409 -0.513  0.802  0.925 -0.405  1.524  0.526  0.510  0.629  0.709 -2.121  0.000  1.381  1.392 -0.868 -0.282  0.395  0.683  0.779  1.050
F       -1.075  1.367 -1.243 -0.848 -1.239 -0.715 -1.100 -0.590 -0.476 -1.446 -0.981  0.518  0.000  0.172 -0.279 -0.185 -1.223 -0.817  0.790 -0.624 -0.491
G       -2.250 -3.219 -3.067 -2.108 -3.438 -1.885 -3.589 -3.124 -2.456 -2.879 -2.357  0.000  0.000 -2.678 -1.900 -2.633 -2.067 -2.417 -2.511 -2.972 -2.769
H       -1.800 -0.130 -1.654  1.452  0.477  0.580  0.032  0.075  0.028  0.760  0.761  0.071  0.000  0.785 -0.154 -0.011  0.098  0.887  0.149  1.020 -0.475
I        3.237  3.679  3.065  2.950  3.629  2.929  3.822  2.698  2.579  2.865  0.000  2.489  0.000  3.394  2.444  2.861  2.867  2.575  0.000  4.014  2.701
K       -0.157 -0.462  0.013 -0.023 -0.408 -0.820  0.569  0.575  0.679  0.161  0.726 -0.256  0.000  0.673  0.666 -0.176 -1.078  1.007 -0.772  0.954  2.244
L        0.450 -0.295  0.426  0.074  1.064  0.347  0.914  0.763  0.264  0.262  0.103  0.701  0.000  1.613  0.550 -0.155  0.634  0.864  1.238  1.042  0.082
M       -0.248  1.714 -0.659  1.335 -0.239  1.122  1.500 -0.084  0.228 -0.337 -1.962 -0.214  0.000 -0.015  0.273  0.288 -0.903  0.692  0.960  1.045  0.983
N       -0.982  3.182  0.754 -2.624 -0.462 -1.342 -2.107 -0.069 -0.320 -0.552  0.004 -3.563  0.000 -2.872 -0.142 -1.248  0.769 -0.073 -2.206 -0.001 -0.367
P        0.039  0.000 -3.599 -2.703 -2.903  0.670 -2.020 -1.778 -0.892 -0.945  0.711 -1.977  0.000  0.507  0.012 -1.400 -2.093 -2.770 -3.052 -1.677  0.000
Q        0.832  0.731  0.439  1.562  0.655 -0.417  0.758  0.348  0.748  0.800  0.919 -0.191  0.000  1.189  0.896  0.566  0.416  0.720 -0.375  1.191 -2.004
R        0.277  0.195  0.421 -0.105  0.210 -0.250 -1.082  0.843  1.082  0.137 -0.430 -0.721 -1.196  0.389  0.819  0.281 -1.118  0.468  0.576  0.346  2.143
S       -1.038 -2.281 -0.380 -0.383 -1.488 -1.182 -1.401 -1.236 -0.382 -0.776 -0.900 -0.144  0.000 -1.169 -0.001 -0.290 -0.578 -0.016 -0.231 -1.020  0.519
T        1.572  2.569 -0.515  1.791  1.744  0.972  0.816  1.909  1.900  2.046  0.779  1.471  0.000  0.777  1.823  1.392  0.954  1.418  0.896  1.617  4.044
V        3.193  2.187  2.144  2.450  3.347  1.910  2.855  3.050  2.472  2.509  2.349  2.197  0.000  3.138  2.562  2.492  2.817  2.328  3.473  3.072  2.791
W       -1.191 -3.351 -0.244 -1.447  0.020 -1.866  0.952 -2.724 -0.356 -1.311 -1.442 -2.657  0.000 -1.861 -0.395 -0.485 -1.804 -3.040  1.438 -1.480  0.000
Y       -0.219  1.920  1.327 -1.309 -0.543 -2.251 -0.880 -1.414 -0.495 -0.500 -0.038  0.789  0.000 -0.581 -0.629 -0.030  0.132 -1.071 -1.135 -2.777 -4.159
X       -0.140  0.000  0.011  0.527 -2.572  1.254  0.000 -0.643  0.790  1.530 -1.187 -0.179  0.000  1.378  0.233  3.741 -0.098 -2.620 -0.836 -0.887  0.000
