i-1/i     A      C      D      E      F      G      H      I      K      L      M      N      P      Q      R      S      T      V      W      Y      X
A       -0.170  0.000 -0.629 -0.466  0.000  0.000  0.000  0.000 -0.881 -0.452  0.000  0.000  0.035 -0.160 -0.705 -0.603  1.413 -0.136  0.000  0.000  0.000
C        0.000  0.000  0.000  0.000  0.000  0.000  0.000  0.000 -0.519  0.000  0.000  0.000  0.000  0.000  0.000  0.000  0.000  0.000  0.000  0.000  0.000
D        0.695  0.000  0.000 -0.662  0.000  0.000  0.000  0.000  0.000  0.775  0.000  0.000 -0.119  0.000  0.000  0.112  0.000  1.316  0.000  0.000  0.000
E        0.000  0.000  0.465  0.000 -0.880  0.000  0.000  0.356  0.611  0.672  0.000 -1.897  0.017  0.018  0.125  0.356 -0.365  0.230  0.000  0.082  0.000
F       -1.022  0.000 -0.240  0.001  0.000  0.000  0.000  0.585 -0.207  0.000  0.000  0.000 -0.029  0.000 -0.223 -0.434  0.000 -0.975  0.000  0.000  0.000
G        1.155  0.000  0.506 -0.739  0.000  0.000  0.000 -1.058  0.000  0.497  0.000  2.334  1.162 -0.065 -0.889 -0.844  0.000  0.108  0.000  0.000  0.000
H        0.000  0.000  0.000  0.000  0.000  0.000  0.000  0.000  0.000 -0.675  0.000  0.150  0.600  0.000  0.000  0.000  0.000 -1.002  0.000  0.000  0.000
I       -0.549  0.000  0.148 -0.721  0.000  0.000  0.000 -0.130 -0.751 -0.037  0.000 -0.151  0.190 -0.978 -1.171 -0.132  0.000 -0.837  0.000 -2.983  0.000
K       -0.818 -0.869 -0.559 -0.242 -1.206  0.000 -0.921 -0.236 -0.702 -0.431  0.000  1.265 -0.170  0.000 -0.429  0.284  0.610  0.269  0.575 -0.338  2.870
L       -0.720  0.000 -0.755 -0.746  2.441  0.000  0.258  0.680 -1.459  0.495  0.000 -0.278 -0.084 -0.397 -0.720 -0.756  0.265 -0.506  0.000 -0.476  0.000
M       -0.682  0.000  0.000 -0.184  0.000  0.000  0.000  0.000  0.000 -2.076  0.000  0.000 -0.345 -0.001 -0.677  0.404  0.000 -0.013  0.000  0.000  0.000
N        0.000  0.000  0.000  0.000  0.000  0.000  0.000  0.000  0.000 -1.334  0.000  0.000 -0.112  0.148  0.000 -0.653 -1.278 -0.713  0.000  0.000  0.000
P       -0.420  0.000  0.918 -0.063  0.004  0.000  0.000  0.760 -0.372  0.003  0.000 -0.830 -0.205 -0.908 -0.471 -0.129 -0.051 -0.534  0.000 -0.306  0.000
Q        0.633  0.000 -0.437  0.268  0.000  0.000  0.000 -0.251  0.000 -0.415  1.206  0.000  0.151  0.000  0.000  0.000  0.817  0.000  0.000  0.000  0.000
R        0.745  0.000 -0.293 -0.718  0.000  0.000  0.000 -0.685  0.628 -0.438  0.000 -0.793  0.188  0.000 -0.349  0.174 -1.292 -0.341  0.000  0.000  2.358
S       -1.178  0.000  0.170  0.000 -1.176  0.000  0.000  0.128  0.774  0.000  0.138  0.000  0.267  0.000  0.000 -0.991  0.714  0.039  0.972  1.699  0.000
T       -0.713  0.000 -0.053  0.661  0.662  0.000  0.406 -0.064  0.607  0.000  0.000  0.000  0.080 -0.201 -0.162  0.451 -0.046 -0.308 -1.153  0.000 -1.854
V        0.456  0.514 -0.076  0.153 -2.202  0.000  0.000  2.219  0.000 -0.495 -1.510 -0.214 -0.185  0.808  0.200 -0.146 -0.276 -0.710  0.000 -1.047  0.000
W        0.000  0.000  0.000 -0.471  0.000  0.000  0.000  0.000  0.000  0.000  0.000 -0.154  0.032  0.000  0.000  0.000  0.000  0.000  0.000  0.000  0.000
Y        0.000  0.000  0.000 -0.808  0.000  0.000  0.000  0.000  0.000  0.330  0.032  0.000  0.008  0.000  0.000  0.000  0.000  0.000  0.000  0.000  0.000
X        0.000  0.000  0.000  0.000  0.000  0.000  0.000  0.000 -1.307  0.000  0.000  0.000 -0.271  0.000  0.000  0.000  0.000  0.000  0.000  0.000  0.000
