i-1/i     A      C      D      E      F      G      H      I      K      L      M      N      P      Q      R      S      T      V      W      Y      X
A        0.242  0.000  0.000  0.876  0.000  0.169  0.189  0.016 -0.551  0.693  0.000  0.000 -0.422 -0.823  0.086  0.390  0.083  0.028  0.000  0.189  0.000
C        0.000  0.000  0.000  0.000  0.000  0.000  0.000 -0.020  0.000  0.000  0.000  0.000  0.000  0.000  0.000  0.000 -0.575  1.553  0.000  0.000  0.000
D       -0.086 -0.032 -0.937 -0.691  0.013  0.000  0.000  0.616 -0.552 -1.161  0.740  0.125 -0.261 -0.152  0.000 -0.143 -1.411 -0.565  0.000  0.000  0.000
E       -0.345  0.000  0.226  0.347 -0.870  0.312  0.000  0.582 -0.547 -0.242  0.000  0.000 -0.490  0.219  0.077  0.116  0.386 -0.220 -0.495  0.000  0.000
F        0.000  0.000  0.000  0.000  0.000  0.000  0.000 -0.866  1.181 -0.210  0.000 -1.018 -0.246 -1.140 -0.739  0.000 -0.881  0.000  0.000  0.000  0.000
G        1.031  0.000  0.000  0.430  0.000  0.000  0.000  0.000  0.000  0.000  0.000  0.000  0.343  1.325  0.000  0.000  2.511 -0.239  0.000  0.000  0.000
H        0.000  0.000  0.000  0.594  0.000  0.000  0.000  0.000  0.000  0.443  0.000  0.000  0.190  0.000  0.000  0.000  0.000  0.000  0.000  0.000  0.000
I        0.000  0.000  0.000  0.849  0.000 -0.008  0.000  0.000 -0.125 -0.524  0.000 -1.120 -0.435  0.000 -0.436 -0.518 -0.043  0.275  0.000  0.000  0.000
K       -0.068  0.000  1.433 -0.716  1.540  1.915  0.000  0.566 -0.198  0.441  0.000  0.000  0.252  0.000 -0.448  0.060  0.195  0.486  0.000  0.000  0.117
L       -0.243 -0.734  0.118  0.028  0.000 -0.627  0.000 -0.394 -0.348 -0.140 -0.235 -0.742  0.352 -0.514 -0.342 -0.649  0.216  0.703  0.000  0.000  0.000
M       -0.892  0.000  0.000 -0.109  0.000  0.000  0.000  0.000 -0.181  0.000  0.000  0.054  0.202  0.000  0.000  0.186  0.556  0.000  0.000  0.000  0.000
N        0.000  0.000  0.000  0.282  0.000  0.000  0.000 -0.837  1.398  0.302  0.000  0.000 -1.618 -0.793  0.000 -0.019  0.000 -0.037 -0.615  0.072  0.000
P       -1.712  0.000 -1.674 -1.122 -0.820 -1.429  0.128 -1.371 -0.658 -1.712 -1.163  0.000  0.000 -0.779 -1.102 -1.292 -1.256 -1.179  0.000  0.000  0.000
Q        0.853  0.000  0.415  0.000  0.000 -1.072  0.000  0.000  0.212  0.003  0.000  0.000 -0.339  0.000 -0.388  1.421  0.000 -0.597 -2.474  0.000  0.000
R       -0.533  0.000  0.541 -0.328  0.000 -1.017  0.000  0.229 -0.184 -0.072  0.000  0.000  0.417  0.000 -0.917 -0.010  1.590  0.102  0.000  0.000  0.000
S       -0.163  0.000  1.253  1.211  1.143  0.000  0.684 -0.037 -0.126  0.908 -0.018  0.000 -0.113  0.000 -0.064  0.190  0.003  0.050  1.275 -0.098  0.000
T       -0.399  0.000 -0.161 -0.935 -0.655  2.015  0.000  0.576  0.454  0.586  0.000 -1.308 -1.330  1.846  0.330  0.053  0.320 -0.367  0.000  0.344  0.000
V        0.548  0.000 -0.976  0.039  0.000  0.000  0.000  0.000  0.289  0.923  0.923  0.173 -0.260  0.424  0.000 -0.552 -0.615  0.089  0.000 -1.300  0.000
W        0.000  0.000  0.000  0.046  0.000  0.000  0.000  0.000  0.000  0.000  0.000  0.000  0.514  0.000  0.000  0.675  0.000  0.000  0.000  0.000  0.000
Y        0.000  0.000  0.115  0.000  0.000  0.000  0.000  0.000  1.104  0.939  0.000  1.547 -0.288  0.000  0.615  0.000  0.000  0.000  0.000  0.000  0.000
X        0.000  0.000  0.000  0.000  0.000  0.000  0.000  0.000  0.000  0.000  3.077  0.000  0.000  0.000 -0.052  0.000  1.317  0.000  0.000  0.000  0.000
