i-1/i     A      C      D      E      F      G      H      I      K      L      M      N      P      Q      R      S      T      V      W      Y      X
A       -0.354  0.000  0.135  0.275  0.000  0.871  0.000  0.000 -0.735  0.164 -0.753  0.000  0.408  1.175  0.127  0.134 -0.355  0.132  0.000  0.000  0.000
C        0.000  0.000  1.926  0.000  0.000  0.000  0.000  0.000  0.000  0.000  0.000  0.000  1.002  0.000  1.299  0.000  0.000  0.000  0.000  0.000  0.000
D        0.000  0.000  0.380  0.388  0.000  0.000  0.000  0.000  1.257  0.509  0.000  0.000  0.047  0.483  1.572  0.868  0.517 -0.249  0.000 -0.922  0.000
E        0.980  0.000  0.331  0.838  0.000  0.000  0.000  0.000  0.195  0.188  0.006  0.982 -0.037  0.000 -0.197 -0.043 -0.961  0.181 -0.063  0.000  0.000
F        0.000  0.000 -2.208  0.000  0.000  0.000  0.000  0.000  1.518  0.000  0.000  0.000 -0.866  0.000  0.000 -0.535 -0.473  0.000  0.000  0.000  0.000
G        0.646  0.000  0.000  0.269  0.000  0.000  0.000  1.232  0.191 -0.923  0.000  0.000  0.597 -0.499 -1.768  0.000  0.413  0.000  0.000  0.000  0.000
H       -1.292  0.000  0.000  0.000  0.000  0.000  0.000  0.000  0.000  0.000  0.000  0.000 -1.005  0.000  0.000  0.079  0.000  0.000  0.000  0.000  0.000
I       -0.166 -1.544  0.328  0.233 -1.552  0.000  0.000  0.000  0.611  0.864  0.000 -0.960 -0.229  0.000  0.405  0.106  0.057  0.000  0.000  0.000  0.000
K       -0.445  0.000  2.193  0.658  1.280  0.000  0.000  0.205  0.368 -0.642  0.421  0.636  0.184  0.630  0.982 -0.252  0.915 -0.279  0.000 -0.450  0.000
L       -1.117  0.000 -0.213  0.253 -0.600  0.000  0.284  0.940 -0.029 -0.268  0.000  0.000 -0.547 -1.211 -1.051  0.518  0.308 -1.227  0.000  0.072  0.000
M        0.000  0.000  2.056  0.000  0.000  0.000  0.000  0.000  0.000 -1.076  0.000  0.000 -0.950  0.000  0.000 -0.286  0.000  1.335  0.000  0.000  0.892
N        0.000  0.000 -0.934  0.000  0.000  0.000  0.000 -1.305  0.000 -0.617  0.247  0.000  1.999  0.000  0.000  0.000 -0.229  0.000  0.000  0.130  0.000
P        0.088  0.000 -0.532 -0.131 -0.260  1.060  0.423  0.509  0.193  0.423 -0.372  0.851  0.254  0.387  0.466  1.029 -0.015  0.222  1.309  0.403  0.000
Q       -0.698  0.000 -1.959 -0.191  0.000  0.152  0.000  0.000  0.000 -0.182  0.000 -0.161  0.011  0.000  0.000  0.000 -0.152  0.401  0.000  0.000  0.000
R        0.116  0.000  0.000  1.099  1.987  0.000  0.000 -1.871 -0.524  0.764  0.000  0.000 -0.181 -0.089 -0.184 -0.283  0.000  0.000  0.000  0.000  0.000
S        2.729  0.000  0.540  0.587  0.000  0.000  0.000  0.463  0.044  0.302  0.799  0.869  0.638  0.506  3.106 -0.575  0.443  0.809 -0.528  0.000  0.000
T        1.839 -0.389 -0.339  0.423  0.000  0.985  0.000  0.466  0.077  0.659  2.257  0.000 -0.244  0.000  1.398 -1.472  0.675 -0.023  0.000  0.000  1.049
V        0.318 -0.032 -0.109 -0.938  0.000  0.000  0.000 -0.622  0.545  0.647  0.000 -0.061 -0.184 -0.784 -0.527  0.017 -0.432  0.145  0.000  0.000  0.000
W        0.000  0.000  0.000  0.445  0.000  0.000  0.000  0.000  0.000  0.000  0.000  0.000  0.000 -0.517  0.000 -0.801  0.000  0.000  0.000  0.000  0.000
Y        0.154  0.000  0.000  0.000  0.000  0.000  0.000  0.000  0.000  0.000  0.000  0.000  0.844  0.000  0.000  0.000  0.000 -0.578  0.000  0.000  0.000
X        0.000  0.000  0.000  0.000  0.000  0.000  0.000  0.000  0.717  0.000  0.000  0.000  0.000  0.000  0.000  0.000  0.000  0.000  0.000  0.000  0.000
