i-1/i     A      C      D      E      F      G      H      I      K      L      M      N      P      Q      R      S      T      V      W      Y      X
A       -0.026  0.000 -0.204  0.087  0.000 -0.296  0.000  0.017 -0.204  0.169  0.000 -0.181  0.000  0.421 -0.037  0.156  0.009  0.275  0.000  0.391  0.339
C        0.000  0.000  0.000  0.000  0.000  0.000  0.000  0.127  0.000 -0.348  0.000  0.000  0.000  0.000  0.000  0.000 -0.125  0.324  0.000  0.000  0.000
D       -0.082  0.497  0.358 -0.128 -0.763  0.000  0.000  0.231  0.180  0.132  0.308  0.162  0.000  0.164  0.215 -0.296  0.019  0.015  0.000 -0.639  0.798
E       -0.437  0.000  0.106  0.155 -0.515 -0.376  0.000  0.334  0.003 -0.205  0.000  0.000  0.000 -0.184 -0.113  0.126 -0.012 -0.085  0.000  0.000  0.000
F        0.000  0.000 -0.359 -0.491  0.000  0.000  0.000 -0.550  0.023 -0.012  0.000  0.089  0.000 -0.539  0.165 -0.978  0.454  0.000  0.000  0.000  0.000
G       -0.055  0.000 -0.071  0.011  0.000  0.000  0.000  0.000  0.000 -0.306 -0.061  0.000  0.000 -0.651  0.000  0.000  0.069  0.259  0.000  0.000  0.000
H        0.000  0.000  0.000 -0.099  0.000  0.000  0.000  0.000  0.000  0.193  0.000  0.000  0.000  0.000  0.044 -0.069  0.000 -0.113  0.000  0.012  0.000
I        0.121  0.000  0.014 -0.462  0.000 -0.124  0.000  0.257  0.092  0.052 -0.128 -0.373  0.000  0.448  0.141 -0.157 -0.129 -0.226  0.000 -0.058  0.000
K       -0.133  0.000 -0.469 -0.244 -0.490  0.378  0.000  0.247 -0.139  0.054  0.000  0.000  0.000 -0.028  0.045 -0.026 -0.192  0.132  0.000 -0.345 -0.133
L       -0.043 -0.248 -0.383  0.166  0.000 -0.274  0.000  0.071  0.109 -0.046  0.000  0.180  0.000  0.070 -0.459 -0.014 -0.275  0.024  0.000 -0.647 -0.250
M        0.294  0.000  0.000 -0.166  0.000  0.162  0.104  0.000  0.323  0.000  0.000 -0.125  0.000  0.000  0.000 -0.911  0.196  0.000  0.000  0.000  0.000
N       -0.066  0.000  0.000 -0.009  0.000  0.000  0.000 -0.525  0.148  0.300  0.000  0.000  0.000  0.792  0.000 -0.325  0.000  0.140  1.154 -0.053  0.000
P       -0.224  0.175 -0.064 -0.059  0.078  0.064  0.008  0.069 -0.184 -0.162  0.055 -0.388  0.000 -0.229 -0.089  0.059 -0.050 -0.112  0.000  0.001  0.093
Q        0.167  0.000  0.035  0.000  0.000  0.989  0.000  0.000  0.327  0.113 -0.345  0.000  0.000  0.000 -0.087  0.379  0.000 -0.483 -0.582  0.000 -0.436
R       -0.377  0.000  0.258  0.078  0.173 -0.064 -0.758 -0.322  0.098  0.121  0.000 -0.354  0.000 -0.119  0.211  0.113  0.022  0.087  0.000  0.158  0.361
S        0.020  0.408  0.193  0.004  0.270  0.843  0.000 -0.322 -0.218  0.081  0.057  0.000  0.000  0.474  0.053 -0.031  0.163  0.102 -0.048 -0.632 -0.511
T        0.334  0.000 -0.195  0.052 -1.045 -0.054  0.000  0.145  0.004  0.108 -0.018  0.230  0.000  0.053 -0.544 -0.213 -0.188 -0.231  0.000 -0.271  0.000
V        0.217  0.000  0.253 -0.164 -0.013 -1.076  0.000 -0.240 -0.081  0.190 -0.178 -0.163  0.000  0.199 -0.180 -0.092 -0.229 -0.036  0.000  0.057 -0.393
W        0.334  0.000  0.000 -0.293  0.000  0.000  0.000  0.000  0.000  0.000  0.000  0.000  0.000  0.000  0.000  0.186  0.000  0.000  0.000  0.000  0.000
Y        0.000  0.000 -0.417 -0.732  0.000  0.000  0.000  0.000  0.745 -0.080  0.000  0.422  0.000  0.000  0.285  0.000  0.000 -0.076  0.000  0.000  0.000
X        0.000  0.000  0.000  0.000  0.000  0.000  0.000 -0.285 -0.306  0.000  0.220  0.755  0.000  0.000 -0.221  0.000 -0.150 -0.623  0.000  0.000  0.341
