i-1/i     A      C      D      E      F      G      H      I      K      L      M      N      P      Q      R      S      T      V      W      Y      X
A       -0.116  0.000 -0.177 -0.191  0.000 -0.079  0.000  0.048 -0.099 -0.216  0.125 -0.255  0.000  0.168  0.000 -0.000  0.018  0.265 -0.084  0.000  0.000
C        0.000  0.000 -0.561  0.000  0.000  0.000  0.000  0.000  0.000  0.330  0.000  0.000  0.000  0.000  0.000  0.594  0.000  0.000  0.000  0.000  0.000
D       -0.026  0.000  0.103 -0.361  0.553 -0.430  0.000  0.010 -0.037 -0.007  0.000  0.000  0.000  0.335  0.368  0.148 -0.170  0.200  0.000 -0.055  0.000
E       -0.069  0.000  0.053  0.029 -0.247  0.288 -0.023  0.335  0.106  0.209  0.031 -0.393  0.000  0.000  0.044  0.115 -0.139  0.015  0.441 -0.756  0.000
F        0.000  0.000  0.814  0.365  0.000  0.000  0.000  0.000 -0.168  0.000  0.000  0.000  0.000  0.000 -0.377  0.161  0.109 -0.063  0.000  0.000  0.000
G       -0.038  0.000  0.000 -0.526  0.000  0.000  0.000 -0.353 -0.355 -0.070  0.523  0.000  0.000  0.639 -0.225 -0.244  0.289 -0.161  0.000  0.000  0.000
H        0.000  0.000  0.000  0.000  0.000  0.000  0.000  0.000  0.000  0.000  0.128  0.000  0.000  0.000 -0.158 -0.185  0.000  0.000  0.000  0.000  0.000
I        0.053 -0.053  0.051  0.204 -0.699  0.000  0.000  0.284  0.521  0.551  0.000  0.374  0.000  0.000  0.061  0.113 -0.032  0.022  0.000  0.000 -0.651
K       -0.047  0.000  0.308  0.151  1.055  0.000  0.000 -0.108  0.045  0.096 -0.231  0.014  0.000 -0.463  0.086 -0.070 -0.081  0.043  0.000  0.961 -0.129
L        0.111  0.364 -0.035  0.030  0.133  0.527  0.455  0.053 -0.062  0.047  0.000  0.077  0.000  0.148  0.038  0.315  0.260  0.325  0.000  0.286  0.000
M        0.000  0.000 -0.162  0.000  0.000  0.275  0.000  0.000  0.000  0.000  0.000  0.000  0.000 -0.534  0.000  0.162 -0.178  0.013  0.000  0.000  0.793
N        0.125  0.000  0.222  0.000  0.739  0.000  0.000 -0.129  0.000  0.242 -0.128  0.000  0.000  0.000  0.154  0.000 -0.748  0.074  0.000 -0.029  0.487
P        0.010  0.246 -0.057  0.060  0.720  0.031 -0.148  0.043 -0.074  0.148  0.090  0.413  0.000  0.049  0.383 -0.057  0.010  0.043  0.010 -0.009 -0.169
Q        0.214  0.000  0.228  0.141 -0.204  0.845  0.000  0.273  0.086 -0.236  0.000  0.222  0.000  0.000  0.164 -0.018 -0.015  0.108  0.000  0.000  0.000
R        0.111  0.000 -0.110 -0.256  0.032  0.000  0.280  0.036 -0.079 -0.064  0.000 -0.631  0.000  0.464 -0.207 -0.251  0.179  0.005  0.000 -0.221  0.141
S        0.312  0.000 -0.035  0.164  0.000  0.000  0.000  0.032  0.079  0.015 -0.055 -0.023  0.000  0.189  0.258  0.229 -0.018  0.246  0.009  0.000  0.000
T        0.013  0.014  0.439  0.313  0.701  0.562  0.000  0.157  0.147 -0.056  0.181  0.000  0.000  0.000 -0.165  0.004 -0.135 -0.010  0.000  0.000 -0.076
V        0.249  0.497 -0.176  0.035  0.000 -0.245  0.098  0.186  0.048  0.168  0.000  0.255  0.000  0.034 -0.114 -0.248 -0.125 -0.126  0.000  0.083  0.166
W        0.000  0.000  0.000  0.000  0.000  0.000  0.000  0.000  0.000  0.000  0.000  0.000  0.000 -0.167  0.000  0.706  0.000  0.000  0.000  0.000  0.000
Y        0.317  0.000 -0.245  0.000  0.000  0.000  0.796  0.000 -0.053  0.382  0.000  0.171  0.000  0.000 -0.098  0.320  0.000 -0.818  0.000  0.000  0.000
X        0.419  0.000  0.210  0.000  0.000  0.000  0.000  0.000 -0.101  0.520  0.000  0.000  0.000  1.154 -0.041  0.036  0.000  0.259  0.000  0.000  0.556
