i-1/i     A      C      D      E      F      G      H      I      K      L      M      N      P      Q      R      S      T      V      W      Y      X
A        0.181 -0.373  0.710  0.268  0.071 -0.096 -0.137  0.222  0.299  0.398  0.226  0.004  0.645 -0.107  0.002  0.586 -0.249  0.242  0.110 -0.114  0.506
C       -0.029 -0.153 -0.268  0.274  0.439 -0.275 -0.226 -0.010  0.057  0.239  0.489 -0.310  0.000 -0.169 -0.017  0.233 -0.105  0.574  0.446  0.537  0.000
D        0.271  0.666  0.000  0.538  0.225 -0.292  0.670  0.267  0.189  0.204 -0.152  0.796  0.000  0.623 -0.315  0.521 -0.069  0.327 -0.194  0.040  0.000
E        0.183  0.552  1.095  0.341  0.046  0.154 -0.431  0.150  0.136  0.190  0.423  0.272  0.000  0.171 -0.005  0.309  0.352 -0.066  0.163 -0.091 -0.636
F        0.079 -0.414 -0.014 -0.084  0.114 -0.129 -0.691 -0.298 -0.137 -0.056  0.288 -0.023 -0.030 -0.090  0.152 -0.200  0.043  0.160  0.509 -0.093 -0.556
G        0.274 -0.033  0.322 -0.069 -0.102 -0.072 -0.170 -0.215  0.126  0.067  0.058  0.607  0.000 -0.014 -0.167 -0.140 -0.497 -0.173 -0.034 -0.324 -0.782
H       -0.060  0.109 -0.409  0.543  0.119  0.423  0.063  0.075  0.095  0.266  0.393  0.197  0.313  0.682  0.021 -0.087 -0.078 -0.196  0.460  0.355  0.000
I        0.117 -0.460  0.515  0.188  0.187 -0.063  0.336  0.299 -0.048  0.201  0.157  0.312  0.170  0.101  0.158  0.234  0.285  0.665  0.209  0.173 -0.382
K        0.139 -0.261  0.761  0.380 -0.002  0.017 -0.014  0.369  0.106  0.208  0.179  0.389  0.797  0.307  0.416  0.471  0.229  0.084  0.083  0.460 -0.770
L       -0.015 -0.131  0.513  0.198  0.388  0.196 -0.057  0.433  0.169  0.212 -0.320  0.298  0.443  0.166  0.170  0.222  0.402  0.475 -0.143  0.064  1.081
M        0.224 -1.029 -0.123 -0.104 -0.094 -0.379 -0.616 -0.035  0.226  0.305 -0.435  0.454  0.324  0.150  0.390  0.204  0.101  0.504  0.738  0.708 -0.355
N        0.408  0.119  1.107  0.066  0.018  0.067 -0.481  0.149 -0.229  0.022  0.134  0.450  0.000 -0.003  0.150  0.669  0.272 -0.018  0.587 -0.051 -0.710
P        0.000  0.000 -0.451  0.000  0.000 -0.893  0.000  0.000  0.000  0.000  0.000  0.000 -0.202  0.000  0.000 -0.668  0.000  0.000 -0.387  0.000  0.000
Q       -0.207  1.352  0.982  0.145  0.064 -0.249  0.000  0.363 -0.170  0.014 -0.089  0.506  0.000  0.311  0.467  0.655 -0.027  0.378 -0.280  0.183  0.419
R        0.013  0.297  0.000  0.160  0.024  0.028  0.448  0.126  0.107  0.135  0.101  0.280  0.416  0.550  0.001  0.427  0.144 -0.134 -0.258  0.001  1.160
S        0.386 -0.014  1.017  0.307 -0.055 -0.104  0.625 -0.017  0.202  0.373  0.715  0.616  0.909  0.426  0.104  0.525  0.162 -0.019  0.619 -0.265  0.000
T        0.353 -0.272  1.084  0.356  0.308  0.105  0.096  0.164  0.309  0.162  0.227  0.458  0.000  0.185  0.139  0.503  0.390 -0.006  0.433  0.299  0.333
V        0.431 -0.165  0.544  0.213  0.214  0.096  0.207  0.354  0.238  0.207  0.240  0.252 -0.054  0.264  0.298  0.285  0.362  0.572  0.033  0.107  0.479
W        0.508 -1.329  0.167  0.156 -0.303 -0.111 -0.075  0.222 -0.252  0.425  0.042 -0.068 -0.389  0.277  0.075  0.118  0.038  0.277  0.675  0.280  1.506
Y       -0.038 -0.356 -0.134  0.179  0.211  0.160 -0.252  0.059  0.229 -0.128  0.238  0.218  0.103 -0.307 -0.378  0.273 -0.030  0.205  0.317 -0.119 -0.636
X       -0.059  0.000 -0.831  0.171  0.036  0.361  0.565 -0.086 -0.137  0.839  0.416  0.353  0.000 -0.313  0.008 -0.593  0.553 -0.291  1.157  0.631  0.734
