i-1/i     A      C      D      E      F      G      H      I      K      L      M      N      P      Q      R      S      T      V      W      Y      X
A        0.070  0.007 -0.014 -0.087 -0.056  0.000 -0.019 -0.091 -0.126 -0.038 -0.034  0.107  0.080  0.068 -0.072 -0.129 -0.094 -0.107 -0.134  0.007 -0.123
C       -0.141 -0.130  0.000 -0.255 -0.017  0.000 -0.444 -0.155 -0.115 -0.052 -0.381  0.026  0.000 -0.145 -0.138 -0.323  0.000  0.014 -0.198 -0.204  0.000
D       -0.100 -0.213  0.048  0.014 -0.108  0.000  0.019 -0.064  0.003 -0.093 -0.049 -0.008 -0.428 -0.161  0.047 -0.016  0.030 -0.075 -0.143  0.072 -0.033
E       -0.087  0.091 -0.048  0.020 -0.011  0.000  0.031 -0.216 -0.116 -0.138 -0.087 -0.128  0.085  0.003 -0.027 -0.041  0.022 -0.164 -0.119 -0.020  0.000
F       -0.117 -0.110  0.002 -0.279 -0.077  0.000 -0.310 -0.060 -0.284 -0.100 -0.156 -0.161 -0.031 -0.177 -0.187 -0.161 -0.181 -0.082 -0.060 -0.163  0.318
G       -0.141 -0.367 -0.257 -0.123 -0.195  0.000 -0.131 -0.049 -0.184 -0.083 -0.298 -0.033 -0.346 -0.074 -0.095 -0.108 -0.085 -0.100 -0.030 -0.202  0.000
H       -0.122 -0.159 -0.180 -0.184 -0.131  0.000  0.132  0.042 -0.109 -0.211  0.000 -0.337 -0.102 -0.216  0.126 -0.269 -0.026 -0.120  0.161 -0.110  0.000
I       -0.047  0.070 -0.262 -0.295  0.112  0.000  0.010 -0.012 -0.101 -0.042 -0.225  0.118  0.037 -0.212 -0.187 -0.122 -0.195 -0.015  0.321 -0.000 -0.055
K       -0.063  0.209  0.026 -0.111  0.051  0.000  0.078 -0.146 -0.003 -0.027  0.012  0.047 -0.045  0.001  0.043 -0.078 -0.127 -0.001 -0.106  0.053 -0.042
L       -0.035  0.190 -0.085 -0.122  0.007  0.000 -0.064 -0.049 -0.099 -0.078 -0.063  0.047 -0.290 -0.137 -0.134 -0.100 -0.183 -0.080  0.026  0.023 -0.296
M       -0.171 -0.045  0.290 -0.113 -0.169  0.000 -0.294 -0.113 -0.074 -0.011 -0.185 -0.061 -0.234  0.028 -0.079  0.000  0.022 -0.066 -0.227 -0.308  0.000
N       -0.229  0.195 -0.032  0.037 -0.044  0.000 -0.095 -0.076 -0.137 -0.005 -0.201  0.024  0.000  0.012  0.030 -0.065 -0.053 -0.026 -0.373  0.124  0.118
P        0.098  0.000  0.142 -0.250  0.215  0.000 -0.247  0.186 -0.087  0.100  0.000 -0.273 -0.204  0.053 -0.055 -0.088 -0.024  0.141  0.190  0.185 -0.050
Q       -0.137 -0.053 -0.358  0.048  0.049  0.000 -0.012 -0.068 -0.047 -0.098  0.000 -0.050 -0.217  0.152  0.010 -0.013  0.068 -0.110 -0.210 -0.168 -0.189
R       -0.092  0.085 -0.150 -0.130  0.039  0.000 -0.000 -0.044 -0.005 -0.103  0.115 -0.189 -0.157 -0.170  0.036 -0.138 -0.016 -0.063 -0.228 -0.033  0.226
S       -0.114  0.013 -0.122 -0.144 -0.041  0.000  0.007 -0.137  0.028 -0.081 -0.305  0.106 -0.076 -0.036 -0.112 -0.011  0.039 -0.110 -0.290  0.006  0.040
T       -0.053  0.316 -0.025  0.052  0.028  0.000  0.036 -0.028  0.103 -0.019 -0.057  0.105 -0.031 -0.099  0.010  0.059 -0.020 -0.085  0.006  0.105  0.036
V       -0.005  0.051 -0.212 -0.207 -0.077  0.000 -0.220 -0.031 -0.130 -0.065 -0.118 -0.145 -0.131 -0.125 -0.088 -0.164 -0.211 -0.023 -0.029 -0.061  0.000
W        0.009  0.000 -0.135  0.321  0.029  0.000  0.076  0.233  0.139 -0.086  0.039  0.034 -0.126  0.000 -0.116 -0.372 -0.090 -0.023  0.086  0.070  0.000
Y       -0.113 -0.182  0.011 -0.128 -0.125  0.000 -0.085 -0.035 -0.220  0.024 -0.131  0.110  0.058 -0.191 -0.098 -0.100 -0.118 -0.032 -0.295 -0.031 -0.091
X       -0.043  0.000  0.000 -0.010  0.038  0.000  0.000  0.046  0.102 -0.230  0.000  0.000  0.000  0.151 -0.262 -0.341 -0.156  0.079  0.000  0.271  0.162
