i-1/i     A      C      D      E      F      G      H      I      K      L      M      N      P      Q      R      S      T      V      W      Y      X
A        0.427  1.505 -0.608  0.672  0.058 -0.876  0.028  0.858  0.105  0.592 -0.064 -1.084  0.000  1.556  0.786  0.319 -0.169  0.871  1.092  0.679  1.055
C       -2.482 -0.714 -2.617  1.153 -1.901 -0.774  2.246 -0.085 -0.400  0.194  0.246  2.337  0.000  0.000 -0.339  1.237 -3.303  0.141 -0.834  2.797  0.000
D        1.059  0.000  1.136  2.420  1.469 -0.986 -0.681  1.095  0.278 -0.107  2.398 -1.989  0.000  3.298  0.314  1.863  1.500 -0.672 -1.513 -0.687  0.000
E        1.474  1.020  0.310  1.064  1.451 -1.142  3.261  0.407  0.425  0.293 -0.393 -0.259  0.000  1.165  2.453  1.145  0.150  1.578  3.192  0.553  2.358
F        0.557  0.027  0.341  0.461  0.738 -0.462 -0.397  0.071  2.599  0.095 -1.264  1.277  0.000  1.738  2.066  1.038 -0.490  0.406 -1.125  2.535  0.169
G        1.456  0.666  2.159  0.143 -0.219  0.656 -1.049  0.130  0.147  0.710  0.315 -0.031  0.000 -0.021 -1.538  1.123 -0.446 -0.103 -0.387  1.395  3.443
H        1.174  2.600 -0.028  0.491 -0.797  0.290  0.911  1.226 -0.697  0.446  1.677 -0.841  0.000  1.318  0.711 -0.049  3.484  1.818 -2.059  2.012  0.000
I        0.165  2.647 -1.036  0.169  1.369 -0.821  0.532  0.526  0.127  0.700  0.688 -0.870  0.000  0.970  0.449 -0.892 -0.117  0.739  2.093  1.268  3.416
K        0.556 -0.428  2.549  0.751  0.811 -0.439  2.219  1.138 -0.108  0.942  1.236  0.513  0.000  1.117  0.881  0.709  1.814  0.623  1.275  2.027  2.655
L        0.349  0.680 -0.786 -0.013  0.983 -0.119 -1.209  0.769  0.376  1.021  0.543 -1.767  0.000  2.574  1.330 -0.324 -1.092  0.861 -0.641  1.418  1.546
M        2.674  0.429  0.552  0.812  2.621  0.122  0.000  1.191  2.685  0.293 -3.193  0.306  0.000  0.000  0.003  0.894  0.077  0.411 -4.051  0.241  0.000
N       -0.368 -0.608 -1.310  2.336  3.232  0.175 -1.004  1.261  0.530  0.327  1.968  0.789  0.000  2.068  1.269 -0.132  1.914  0.390 -1.827  2.219  0.000
P        0.577  4.317 -1.743  0.498 -0.073 -2.227 -1.061 -0.127 -0.085  0.855 -3.167  0.426  0.000  3.198 -1.328  0.158 -0.945  0.960  3.736  0.592  0.000
Q        1.245  1.080  0.211  0.065  0.262 -0.301  0.172  1.269  0.091  1.344 -0.526  0.168  0.000 -0.731  1.464  2.266  0.240  0.869  3.608  1.650 -0.772
R        1.596  1.676  1.314  1.702  1.169  0.291  1.015  0.596  2.076  1.209 -0.005  1.903  0.000  1.072  1.023 -0.026 -0.295  0.421 -2.352  0.520 -0.212
S        1.154 -1.110  1.151  0.869  0.540 -1.786  3.176  0.017  0.800  0.371 -0.906  0.616  0.000  0.948  1.744  0.887  0.726 -0.357 -0.168 -0.328  0.894
T        0.458 -3.544  0.328  1.180  1.041 -0.026  0.292  0.683  1.142 -0.671 -0.272  0.047  0.000 -0.172  1.248 -0.435  0.556  0.894  1.996  0.159 -1.443
V       -0.375  0.373 -0.681 -0.667  0.948 -0.181  0.941  0.480  0.066  0.427  0.064 -1.755  0.000  0.280 -0.481 -0.773 -0.217  1.264  1.318 -0.183  0.000
W        1.582  0.000  0.615  0.546 -0.548  1.112 -2.886  0.634  1.398 -0.154 -2.192 -2.103  0.000  0.643 -0.283  1.256 -1.535  0.567 -1.271  0.080  0.000
Y        1.109  2.959 -0.104  1.704 -0.653  0.741  0.314  0.892  2.330  0.354 -0.311  2.113  0.000  3.006  0.071  0.710 -0.256  0.569  2.920  1.759 -1.465
X       -1.081  0.000 -0.013  0.000 -0.478  0.000  0.000  0.216 -2.204  1.799  0.000 -2.036  0.000  0.000 -0.597 -1.770 -0.252  2.231  0.000  1.901  0.945
