i-1/i     A      C      D      E      F      G      H      I      K      L      M      N      P      Q      R      S      T      V      W      Y      X
A       -0.792 -1.203 -0.945 -0.180 -1.828 -0.624 -2.986 -1.023  0.217 -0.076 -0.354 -1.699  0.000 -0.034 -0.982 -1.276 -1.751 -0.392 -1.930 -0.598  0.817
C        1.820  0.209 -2.379 -0.626 -0.584 -1.319 -2.078  1.008  1.077  0.694 -3.723 -0.438  0.000  0.004 -1.049 -3.546 -1.290 -1.020  1.884 -0.312  0.000
D        1.477 -0.579 -0.555  0.833  0.445 -1.162 -0.447  0.148  1.036  1.081 -2.301 -0.339  0.000 -0.740 -0.941 -0.042  0.490  0.061 -1.170  0.328  0.119
E        0.457 -0.248 -1.819 -0.528 -0.007  0.042  1.330  0.354  0.126 -0.062 -1.303 -1.421  0.000  2.239  0.262  0.760 -0.313 -0.932 -1.383 -0.620  1.958
F       -1.209 -4.027 -1.237  0.044  0.719 -1.754 -1.358 -0.620 -0.858 -0.909  1.104 -1.041  0.000 -0.713 -0.439 -0.964 -0.178 -0.339 -0.885 -1.305  0.000
G        0.112 -0.730 -0.604 -1.124 -0.474 -1.775  0.424 -0.343 -0.476 -1.174  0.763 -0.614  0.000 -0.671  1.538 -0.710 -0.716 -0.524 -1.630 -1.388 -1.475
H       -2.653  0.999  2.151 -0.055 -1.050 -2.067  0.612  0.235  0.543 -0.203  1.865 -2.683  0.000 -1.049 -0.822 -1.003  1.883 -0.551  0.026  1.453  0.000
I        0.387 -2.723 -1.807 -0.091 -0.054 -0.666 -0.827 -0.255 -0.545 -0.107 -0.452 -1.615  0.000  0.547  0.044 -1.478 -0.344  0.595  0.827 -0.901  1.343
K       -0.909 -4.021 -1.216 -0.744 -0.806 -0.923  0.424 -0.040  0.102 -0.209  1.366 -2.772  0.000 -0.900  0.589 -0.093  0.336 -0.885 -0.159  0.209 -0.431
L        0.530 -1.717 -1.065 -0.022  0.121 -0.817 -0.236 -0.087 -0.494  0.066 -0.133 -1.030  0.000 -0.180 -0.320 -1.579  0.316  0.686 -0.650 -0.322  1.491
M        1.804  3.963 -0.691 -0.285 -0.551  0.648  0.853  1.639  1.662  0.082 -1.681 -1.526  0.000  0.623 -1.339 -1.104 -0.644  0.109  0.289  2.476 -3.637
N        0.938 -0.894 -0.305  0.029  0.707 -0.943 -0.105  0.131  0.163 -0.749  2.396  0.029  0.000  2.051 -0.556 -2.828  1.639 -0.360 -0.243  0.985 -3.625
P        0.508  0.000  0.000  0.444 -2.329 -0.394 -2.162  0.071 -1.334  0.505 -0.508 -3.498  0.000 -0.574 -1.532  0.211  2.344 -1.215  2.974 -2.652  0.000
Q       -0.485  0.449 -0.242  0.547  0.550 -0.146 -0.385  0.279  0.438 -0.017  0.729 -3.248  0.000 -0.681  0.349  0.661 -0.429 -0.536 -0.276 -1.454 -3.636
R       -0.569  0.800 -1.983 -0.070  0.419 -0.755 -2.959 -0.115 -0.111 -0.648 -1.478  0.325  0.000  1.511 -0.223  1.187 -0.404 -0.773 -0.375  0.817  0.000
S        0.828 -3.644 -1.257 -0.326 -0.613  0.468  0.140 -0.120 -0.236  1.083 -0.153 -1.825  0.000  0.407  1.201  1.119  0.754  0.264 -0.369  0.230  0.000
T       -0.244  1.599 -2.054 -0.253  0.348 -1.108  0.859  0.649  0.497  0.461 -0.204 -1.822  0.000 -0.214 -0.420 -0.430  1.070  1.211  0.701  1.150  3.225
V       -0.539 -0.952 -1.695 -0.093 -0.113 -0.810 -0.004  0.152 -0.069 -0.472  0.179 -1.347  0.000 -0.680 -0.205 -0.293  0.659  0.693 -0.398  0.053  1.675
W       -1.781 -2.751 -3.128 -2.134  2.530 -1.306 -2.354  1.008 -0.863  0.084 -2.885 -3.035  0.000 -1.513 -1.654 -2.297 -1.563 -0.636 -1.494 -2.688 -2.102
Y       -2.439 -1.462 -0.766 -0.500 -0.689 -0.769 -0.686  0.256 -1.258 -0.992 -1.045 -1.607  0.000 -2.158 -0.618 -1.222 -1.036 -0.960 -1.462 -0.301 -2.824
X        0.025  0.000 -3.363 -1.667 -1.667 -2.964 -2.301  0.000 -3.742  2.408  0.693  0.000  0.000 -3.165 -0.644  0.869 -0.825 -1.914 -0.246 -2.100  2.175
