i-1/i     A      C      D      E      F      G      H      I      K      L      M      N      P      Q      R      S      T      V      W      Y      X
A        0.128  0.156 -0.520 -0.156 -0.141  0.304  0.022  0.065 -0.069 -0.062  0.525  0.271 -0.362 -0.126 -0.065 -0.312  0.047 -0.021  0.076 -0.172  0.254
C       -0.022 -0.275 -0.169  0.587 -0.177  0.335  0.634 -0.028 -0.389  0.289 -0.063  0.000 -0.112  0.016  0.267 -0.071  0.227 -0.227  0.000 -0.346  0.437
D        0.225  0.581 -0.048  0.025 -0.026 -0.348 -0.803  0.116 -0.261 -0.013  0.300  0.353 -0.278 -0.123 -0.391  0.032  0.180 -0.517 -0.250  0.049 -0.808
E        0.166 -0.342 -0.261 -0.130  0.103 -0.055 -0.296  0.016 -0.042  0.263 -0.098 -0.164 -0.295  0.021 -0.064 -0.297  0.086  0.091 -0.534 -0.169  0.783
F       -0.433  0.067  0.217 -0.038  0.122  0.138 -0.191 -0.201  0.059  0.160 -0.119 -0.064  0.079 -0.020  0.246 -0.052 -0.606 -0.017 -0.649 -0.158 -0.923
G       -0.200 -0.073 -0.136  0.126 -0.205  0.176 -0.183 -0.087  0.044  0.139 -0.106  0.366 -0.094  0.016  0.037 -0.090 -0.232 -0.050 -0.184  0.078  0.502
H       -0.178  0.462  0.018 -0.208 -0.370  0.135  0.402  0.544 -0.149 -0.103 -0.145  0.231  0.000  0.029 -0.068  0.194  0.116  0.131 -0.112  0.180  0.000
I       -0.038  0.056 -0.095  0.168  0.102 -0.097 -0.301 -0.024  0.049 -0.222  0.003 -0.092  0.093  0.188  0.087 -0.088 -0.380 -0.049  0.047 -0.169 -0.235
K        0.067  0.231  0.431 -0.204  0.166  0.156 -0.166  0.249 -0.024  0.154  0.186  0.289  0.168 -0.084 -0.137 -0.071  0.092  0.123  0.093  0.236 -0.524
L       -0.137 -0.293 -0.380 -0.028 -0.124 -0.096  0.082 -0.101  0.028 -0.201 -0.241  0.088  0.376 -0.274 -0.160 -0.045 -0.435 -0.179 -0.209 -0.456  0.029
M       -0.625 -0.013 -0.411 -0.227  0.212  0.220  0.015 -0.048  0.058 -0.060 -0.068 -0.272  0.177 -0.278  0.148 -0.126 -0.292  0.050 -1.122 -0.249  0.000
N       -0.098  0.158  0.053  0.348  0.036 -0.388 -0.745  0.115 -0.070  0.009  0.081  0.062  0.000 -0.182  0.037  0.035  0.184  0.164 -0.092 -0.086 -0.197
P        0.075  0.071 -0.448 -0.027 -0.207  0.089  0.234  0.088  0.161 -0.100 -0.115  0.349 -0.229 -0.202 -0.003  0.188  0.210 -0.052  0.085 -0.339 -0.494
Q        0.386  0.415 -0.053 -0.016 -0.046 -0.075  0.083  0.061 -0.074  0.079  0.427 -0.342  0.119  0.268 -0.298 -0.119  0.105  0.190  0.083  0.258  1.445
R        0.097  0.158 -0.324 -0.063  0.192  0.216 -0.170 -0.200 -0.033  0.227 -0.266 -0.554 -0.185  0.124  0.010  0.147 -0.064  0.074  0.485  0.367  0.000
S        0.143  0.475 -0.488 -0.318  0.003 -0.005 -0.111 -0.010  0.080  0.104  0.119 -0.185 -0.113 -0.096  0.171 -0.051 -0.012  0.005  0.522  0.328  0.066
T       -0.106 -0.154 -0.214 -0.114 -0.127 -0.228  0.181 -0.070 -0.222  0.012  0.019  0.079  0.044 -0.096 -0.249 -0.036  0.153  0.196 -0.101  0.300  0.683
V        0.025 -0.027  0.322  0.121  0.176 -0.157 -0.028 -0.036  0.103 -0.150 -0.110 -0.138 -0.105  0.010  0.129 -0.022 -0.247 -0.083 -0.068 -0.346 -0.452
W        0.129  0.026  0.587  0.192  0.379 -0.044  1.313 -0.024  0.269  0.380 -0.067 -0.033 -0.222  0.581  0.103  0.050 -0.406  0.292  1.217  0.281  0.000
Y       -0.078  0.218  0.034 -0.119 -0.059 -0.050  0.369  0.157  0.311 -0.161 -0.208  0.295  0.619 -0.035 -0.313 -0.544 -0.371  0.069 -0.009 -0.092 -0.422
X        0.476  0.000  0.000  0.976 -0.188  0.074  0.000  0.722  0.091  0.631  0.000 -0.114  0.000 -0.922 -0.328 -0.048 -0.241  0.389  0.000 -0.406  0.038
