i-1/i     A      C      D      E      F      G      H      I      K      L      M      N      P      Q      R      S      T      V      W      Y      X
A        0.186  0.230  1.202  0.104 -0.278  0.000  0.797 -0.141  0.207  0.049  0.267  0.075  0.163 -0.042  0.517  0.083 -0.139  0.039  0.438  0.249 -0.389
C        0.290 -0.144  0.118 -0.265 -0.416  0.000 -0.893  0.620  0.682  0.010  0.432  0.042 -0.325 -0.220 -0.266  0.211 -0.084  0.086 -0.388 -1.244  0.000
D        0.015 -0.685  0.390  0.148 -0.510  0.000  0.361 -0.542  0.256 -0.204  0.208  0.170 -0.241 -0.105 -0.004 -0.157  0.411 -0.169 -0.961 -0.344  0.102
E       -0.348 -0.795  0.245  0.106 -0.200  0.000 -0.432 -0.139  0.060 -0.317 -0.261 -0.767 -0.116 -0.151  0.013  0.008 -0.051 -0.194 -0.047 -0.276 -1.706
F        0.324  0.875  0.386  0.344  0.242  0.000  0.560  0.242  0.798  0.617  0.063  1.398  0.105 -0.162  0.259  0.230  0.011 -0.007  0.515  0.312  0.000
G       -0.076 -0.749 -0.195 -0.114 -0.308  0.000 -0.113  0.219  0.113 -0.039 -0.903  0.314 -0.159 -0.369 -0.096  0.196  0.022 -0.058  0.013 -0.269  0.344
H       -0.159 -0.779 -0.763  0.131 -0.183  0.000 -0.365 -0.115  0.235  0.103 -0.401  0.566  0.000 -0.118  0.452 -0.030 -0.144 -0.158 -0.312 -0.295  1.883
I        0.510 -0.174  0.654 -0.058  0.256  0.000  0.321  0.291  0.098  0.306 -0.055  0.070 -0.229 -0.149  0.004  0.043  0.091  0.335  0.603  0.321 -3.173
K       -0.458 -0.401  0.262 -0.158 -0.244  0.000  0.037 -0.132 -0.180  0.243 -0.446  0.499 -0.103  0.076  0.078 -0.304 -0.005  0.106 -0.377 -0.060 -1.177
L        0.332  0.176  0.432  0.320  0.103  0.000  0.525  0.361  0.061  0.253  0.683  0.493  0.032  0.232 -0.107  0.063  0.214  0.138  0.410  0.312  1.651
M        0.561  0.081  0.063  0.310 -0.225  0.000  0.407 -0.078 -0.322  0.157 -1.099 -0.395  0.127  0.382 -0.315  0.226 -0.110  0.140  0.584  0.404  0.000
N       -0.196  0.955  0.390  0.495  0.088  0.000 -1.113 -0.349  0.113 -0.438  0.202 -0.015 -0.161  0.194  0.149 -0.432  0.023 -0.050  0.423 -0.027 -0.708
P       -0.513 -0.398 -0.626 -0.890 -0.471  0.000 -0.362 -0.671 -0.610 -0.603 -0.963 -0.840  0.167 -0.768 -0.148 -0.217  0.024 -0.508 -0.422 -0.392  0.000
Q       -0.455 -1.044  0.256  0.044  0.089  0.000 -0.263 -0.268  0.056 -0.297 -0.920  0.715 -0.016  0.148 -0.246 -0.191 -0.081 -0.235 -0.179 -0.342  0.000
R       -0.410 -0.481  0.421  0.279 -0.054  0.000  0.042 -0.154 -0.045  0.034  0.522 -0.270  0.132  0.368 -0.322  0.003  0.042 -0.167  0.101 -0.229 -0.075
S       -0.064  0.564  0.694  0.061  0.076  0.000 -0.658 -0.179  0.070 -0.316 -0.604  0.061 -0.042  0.052  0.133  0.149 -0.040 -0.477 -0.398  0.092  1.814
T       -0.335  0.623  0.404 -0.058  0.266  0.000 -0.222 -0.131  0.017 -0.173  0.266  0.176  0.164  0.118 -0.331  0.263  0.081 -0.143 -0.202 -0.097  0.155
V        0.288  0.303 -0.305  0.113 -0.037  0.000  0.137  0.200  0.003  0.100  0.414  0.549  0.239  0.067  0.033  0.169  0.003  0.316  0.014  0.424  0.780
W        0.670 -0.848  0.144 -0.034  0.506  0.000  0.081  0.152 -0.112  0.265  0.309  1.592  0.000 -0.234 -0.263  0.382  0.129 -0.040 -0.057 -0.698  0.000
Y        0.455 -0.404  0.455 -0.029  0.114  0.000  0.780  0.206  0.427  0.604  0.234  0.586  0.513  0.302  0.457  0.487 -0.209 -0.041 -0.080 -0.093 -0.272
X        0.317  0.000  0.329 -0.003  0.110  0.000  0.000  0.584 -1.170  0.288  0.000  0.000  0.000 -0.185  0.000 -0.138 -0.143  0.784  0.251  0.607 -0.229
