i-1/i     A      C      D      E      F      G      H      I      K      L      M      N      P      Q      R      S      T      V      W      Y      X
A        0.160 -0.112 -0.218  0.216  0.296  0.000 -0.192  0.112  0.028  0.223 -0.098 -0.235  0.068  0.260  0.277  0.394  0.361  0.064  0.109  0.346 -0.598
C       -0.617 -0.658  0.011 -0.109  1.002  0.000  0.334  0.287 -0.346 -0.219 -0.597  0.663 -0.112 -0.495  0.254  0.135  0.585 -0.051  0.153  0.722  0.000
D        0.183 -0.024 -0.518  0.045 -0.140  0.000 -0.028  0.317 -0.042  0.065  0.719  0.298  0.077  0.049 -0.171 -0.097 -0.002  0.100  0.516  0.151  1.363
E        0.008  0.165 -0.343 -0.148 -0.176  0.000  0.709  0.382 -0.129  0.151  0.077 -0.041  0.053  0.051  0.236 -0.091  0.066  0.262  0.058  0.009  0.968
F        0.398 -0.008 -0.107  0.041 -0.333  0.000 -0.203 -0.031  0.168  0.337  0.013 -0.088  0.089  0.064  0.566  0.129 -0.004 -0.213 -0.107 -0.217  0.312
G       -0.045  0.143  0.292 -0.114 -0.248  0.000 -0.572  0.209 -0.009 -0.387 -0.412 -0.048  0.303 -0.097  0.160  0.245  0.088  0.104 -0.087 -0.376 -0.089
H        0.012 -0.413  0.192  0.392  0.159  0.000  0.285 -0.095  0.309 -0.095 -0.350 -0.261  0.000  0.516 -0.004  0.015 -0.168  0.040  0.215 -0.011 -1.426
I       -0.557 -0.046  0.149  0.042  0.150  0.000 -0.002 -0.053  0.053 -0.129 -0.141 -0.185 -0.030  0.146 -0.015 -0.209 -0.053 -0.233 -0.189 -0.246  0.075
K        0.215  0.753 -0.395  0.029  0.095  0.000  0.255  0.042  0.293  0.202  0.738  0.201 -0.150 -0.167  0.215  0.018 -0.046  0.294 -0.149  0.136 -0.655
L       -0.232 -0.176  0.012  0.108 -0.194  0.000 -0.294 -0.273 -0.074 -0.233 -0.668 -0.401 -0.064 -0.096 -0.048 -0.108 -0.156 -0.151  0.015 -0.221  0.000
M        0.077  1.053 -0.586 -0.149 -0.424  0.000 -0.857 -0.928 -0.149  0.003  0.041  0.628 -0.326 -0.381 -0.582 -0.018 -0.204 -0.079 -0.059 -0.301  0.000
N       -0.012 -0.338 -0.493  0.177  0.457  0.000  0.178 -0.047  0.212 -0.198 -0.101 -0.131  0.021 -0.069  0.108  0.257 -0.104  0.108 -0.390  0.361  1.005
P       -1.409 -0.428 -0.441 -0.911 -0.938  0.000 -1.475 -0.154 -0.966 -0.246 -1.258 -0.739  0.000 -0.668 -0.542 -0.618 -0.042 -0.271 -0.257 -0.791  0.000
Q        0.930  0.212  0.236  0.083 -0.183  0.000  1.548  0.001  0.308  0.060  0.228  0.586 -0.065 -0.009 -0.019 -0.022  0.055  0.189  0.024 -0.004 -1.844
R        0.358  0.338  0.236  0.194  0.416  0.000 -0.127  0.171  0.328  0.175  0.109  0.134  0.179  0.040 -0.153  0.143  0.218  0.115  0.339  0.105  0.359
S        0.560 -0.242  0.202  0.254  0.112  0.000  0.568  0.052 -0.003  0.205  0.638  0.019  0.083  0.217 -0.281  0.010 -0.042  0.107  0.596  0.139  0.207
T        0.038 -0.117  0.211  0.062  0.061  0.000 -0.147  0.072  0.067  0.246  0.957  0.267  0.218  0.025  0.139  0.312 -0.062 -0.095 -0.075  0.230  0.319
V       -0.362 -0.259  0.055 -0.267 -0.306  0.000 -0.139 -0.348 -0.252 -0.296 -0.462 -0.374 -0.192 -0.284 -0.346 -0.332 -0.133 -0.229 -0.393 -0.093  0.165
W       -0.074  0.107  0.229  0.264 -0.300  0.000 -0.643 -0.014  0.493  0.505  0.975  0.605 -0.110  0.928  0.441  0.341  0.235  0.077 -0.020  0.366  0.000
Y        0.327 -0.340 -0.210 -0.050 -0.189  0.000  0.249 -0.073  0.240  0.027  0.360  0.625  0.198  0.236  0.099 -0.007 -0.037 -0.176  0.083 -0.232 -0.560
X        0.055  0.000  0.000  0.005 -0.393  0.000  0.833  1.284 -0.047  0.135 -0.013  0.000  0.000 -0.640 -0.412  0.217  0.299  0.774  0.073  0.481 -1.098
