i-1/i     A      C      D      E      F      G      H      I      K      L      M      N      P      Q      R      S      T      V      W      Y      X
A        0.016  0.194 -0.031 -0.046 -0.061  0.000 -0.032  0.035 -0.028  0.052 -0.111 -0.054 -0.085  0.066  0.010  0.007 -0.021 -0.076  0.030  0.006  0.050
C        0.291  0.047 -0.008 -0.263 -0.059  0.000  0.151  0.177  0.088 -0.028  0.019  0.000  0.043 -0.143  0.169  0.249 -0.082  0.081  0.000  0.083  0.068
D       -0.079 -0.254 -0.030 -0.042 -0.098  0.000  0.210 -0.137 -0.060 -0.014 -0.008 -0.191 -0.064 -0.156  0.023 -0.029 -0.127  0.011 -0.014 -0.026  0.070
E       -0.094  0.028  0.111  0.091 -0.117  0.000 -0.071 -0.104  0.005 -0.105  0.063  0.063  0.188  0.029 -0.035  0.066 -0.018 -0.090  0.009  0.117 -0.005
F        0.036 -0.067 -0.050  0.018  0.040  0.000 -0.029  0.159  0.033  0.063  0.231 -0.111 -0.128 -0.065  0.012  0.030  0.055  0.086  0.371 -0.052 -0.242
G        0.003 -0.042 -0.016 -0.074  0.030  0.000 -0.157 -0.042  0.098 -0.049 -0.073 -0.144 -0.054 -0.093 -0.000  0.022 -0.067  0.016  0.014 -0.070  0.088
H       -0.090  0.084  0.108  0.075  0.088  0.000 -0.099 -0.198 -0.079  0.071  0.165 -0.168  0.000 -0.030  0.123 -0.041 -0.026 -0.041 -0.089 -0.126  0.000
I        0.090  0.029 -0.068 -0.038  0.054  0.000  0.088  0.051  0.043  0.040  0.062  0.098 -0.015 -0.005  0.015 -0.110  0.040  0.062  0.033  0.192  0.039
K       -0.024  0.109  0.024  0.073 -0.186  0.000  0.010 -0.125  0.048 -0.057 -0.114 -0.012  0.025  0.060 -0.010 -0.011 -0.054 -0.118 -0.250 -0.163  0.086
L        0.064 -0.061 -0.013 -0.027  0.062  0.000 -0.031  0.077 -0.027  0.080  0.061 -0.052 -0.162  0.074  0.035  0.047 -0.009  0.043 -0.088  0.150 -0.039
M        0.226 -0.156 -0.078  0.188 -0.117  0.000  0.142 -0.054 -0.068  0.055  0.155  0.101 -0.023  0.132 -0.114 -0.045 -0.012 -0.001  0.000  0.071  0.000
N       -0.036 -0.220  0.169 -0.126  0.057  0.000  0.012  0.057  0.016 -0.105  0.129 -0.027  0.000 -0.147 -0.098  0.062 -0.042 -0.058 -0.027 -0.157 -0.064
P        0.045 -0.084  0.051  0.064  0.081  0.000  0.232  0.001 -0.036  0.090  0.169  0.076  0.000  0.213  0.190  0.221  0.001  0.053 -0.118  0.236 -0.239
Q       -0.182  0.162 -0.065  0.016 -0.082  0.000 -0.071 -0.085  0.031 -0.085 -0.017  0.127 -0.265 -0.015  0.010 -0.033  0.046 -0.144 -0.051  0.004  0.189
R        0.056 -0.054  0.084 -0.034 -0.070  0.000  0.167 -0.042  0.024 -0.102 -0.136  0.147  0.180  0.087 -0.010 -0.053  0.004 -0.027 -0.025 -0.082  0.000
S       -0.018 -0.105  0.111  0.062  0.040  0.000 -0.003 -0.068  0.022  0.015  0.134  0.060  0.016  0.068 -0.043  0.018  0.051 -0.060  0.083 -0.132 -0.375
T       -0.084  0.004  0.094  0.096 -0.077  0.000  0.035 -0.095  0.110  0.024 -0.009  0.087  0.067  0.085  0.028  0.051 -0.051 -0.057  0.038 -0.005 -0.172
V        0.024  0.035 -0.140  0.014 -0.013  0.000  0.091  0.011  0.012 -0.003  0.070 -0.024  0.036  0.053  0.015 -0.042  0.088  0.036  0.030  0.027 -0.262
W        0.188  0.258  0.213 -0.033  0.220  0.000 -0.207  0.255 -0.120 -0.015  0.148  0.321  0.202 -0.086 -0.078 -0.209 -0.064 -0.020 -0.048 -0.127  0.000
Y       -0.069  0.037  0.145  0.098  0.180  0.000 -0.029  0.061  0.033  0.004  0.195  0.049  0.211 -0.056  0.073  0.007  0.189  0.035  0.098  0.109 -0.164
X       -0.148  0.170  0.000 -0.330  0.296  0.000  0.000  0.042 -0.084  0.038  0.000 -0.235  0.000  0.261  0.202 -0.380  0.108  0.116  0.000  0.180  0.144
