i-1/i     A      C      D      E      F      G      H      I      K      L      M      N      P      Q      R      S      T      V      W      Y      X
A       -0.023 -0.171  0.099  0.019 -0.013  0.000  0.088  0.025  0.093  0.027  0.051 -0.098 -0.039  0.061  0.057 -0.055 -0.064  0.026 -0.168  0.067  0.092
C       -0.124  0.242 -0.105 -0.009  0.022  0.000 -0.132 -0.002  0.073  0.033  0.345  0.174  0.000  0.141  0.001  0.139  0.044  0.008 -0.123 -0.028  0.000
D        0.060  0.128 -0.238  0.009 -0.092  0.000  0.112 -0.030  0.019  0.064  0.187 -0.099  0.000 -0.043 -0.084  0.026  0.073 -0.066 -0.106 -0.099  0.000
E        0.023 -0.121 -0.083 -0.024 -0.059  0.000 -0.110 -0.007 -0.062 -0.056  0.020  0.192  0.041 -0.043 -0.065 -0.095  0.024 -0.061 -0.006  0.017  0.140
F        0.073 -0.087  0.101  0.088  0.054  0.000  0.077  0.062  0.014  0.065  0.035  0.051 -0.054  0.097  0.117  0.053  0.032 -0.034  0.066  0.040 -0.229
G       -0.035  0.169  0.048 -0.013  0.141  0.000  0.136  0.111 -0.028  0.063  0.137  0.156 -0.035 -0.068 -0.006  0.128  0.073  0.099  0.082  0.186  0.375
H        0.107  0.248 -0.033  0.032 -0.091  0.000 -0.034  0.012  0.096  0.067 -0.106  0.198 -0.149  0.261  0.016  0.015  0.030 -0.060 -0.002  0.003 -0.075
I       -0.002 -0.026  0.017 -0.023  0.069  0.000  0.087 -0.031 -0.046 -0.043  0.068 -0.033 -0.046 -0.017  0.037 -0.086 -0.072 -0.017  0.174  0.014  0.098
K        0.003 -0.033 -0.093  0.017 -0.031  0.000  0.020  0.021  0.027 -0.019 -0.108  0.013 -0.027 -0.039 -0.072  0.017  0.097 -0.017 -0.105 -0.043 -0.091
L       -0.012  0.101  0.027  0.004 -0.003  0.000 -0.100  0.066  0.040  0.030  0.059 -0.031  0.064  0.022  0.065 -0.011 -0.024 -0.022 -0.046 -0.067  0.064
M        0.055  0.051  0.052  0.041  0.004  0.000  0.184  0.063  0.083 -0.187  0.179  0.032  0.067 -0.056 -0.077 -0.121 -0.093 -0.004  0.000 -0.072  0.000
N        0.183  0.094 -0.028  0.045 -0.089  0.000  0.028 -0.025 -0.032 -0.030 -0.086 -0.042  0.145 -0.087 -0.015  0.150  0.009 -0.004 -0.085 -0.104  0.216
P       -0.102 -0.087 -0.014 -0.239 -0.201  0.000 -0.163 -0.157 -0.182 -0.116 -0.157  0.069  0.000 -0.250 -0.275  0.124 -0.138 -0.089 -0.258 -0.237  0.000
Q        0.036 -0.120  0.098  0.053 -0.009  0.000 -0.042 -0.038  0.036  0.003  0.092  0.041  0.135 -0.079 -0.087 -0.021  0.018 -0.061  0.045  0.007 -0.082
R       -0.057  0.069 -0.031 -0.014  0.092  0.000 -0.040  0.004  0.001 -0.019  0.115 -0.068 -0.057  0.007  0.066  0.050  0.073  0.044 -0.117  0.098  0.117
S       -0.059 -0.265 -0.097 -0.002  0.063  0.000 -0.141  0.006 -0.043  0.014  0.016  0.103 -0.072  0.196 -0.125  0.043  0.115  0.028  0.096  0.059 -0.170
T       -0.049 -0.074  0.134 -0.071 -0.101  0.000  0.094 -0.054  0.010 -0.030 -0.075 -0.076  0.008 -0.013 -0.021 -0.065  0.007 -0.020  0.054 -0.031 -0.164
V       -0.023 -0.084 -0.050 -0.010  0.001  0.000 -0.013 -0.081 -0.003  0.005 -0.019 -0.073 -0.072 -0.020 -0.025 -0.008 -0.048 -0.002  0.005  0.025  0.127
W        0.092  0.128  0.108  0.045 -0.061  0.000 -0.050 -0.026  0.034 -0.010  0.084  0.023 -0.073  0.037  0.004 -0.192 -0.026  0.203  0.059 -0.096  0.000
Y        0.011  0.068 -0.121  0.027  0.020  0.000  0.022 -0.018 -0.058  0.034 -0.274  0.005  0.098 -0.091 -0.001  0.103  0.017  0.106 -0.092 -0.098  0.064
X       -0.099  0.000 -0.192 -0.196  0.213  0.000 -0.264  0.096 -0.184 -0.181  0.000  0.000  0.000 -0.067 -0.084 -0.143 -0.329 -0.040 -0.110 -0.144 -0.258
