i-1/i     A      C      D      E      F      G      H      I      K      L      M      N      P      Q      R      S      T      V      W      Y      X
A       -0.024 -0.253  0.055  0.026 -0.091  0.030  0.088 -0.050 -0.014 -0.026 -0.117  0.065  0.000  0.156  0.002 -0.006 -0.042 -0.013  0.088 -0.107  0.163
C       -0.132 -0.200 -0.046  0.054 -0.083  0.192 -0.011  0.048 -0.019  0.052 -0.035 -0.306  0.000 -0.053  0.004 -0.080  0.055 -0.054  0.192 -0.080  0.000
D        0.124 -0.027 -0.228  0.011 -0.002 -0.055  0.199  0.065  0.079  0.180  0.093  0.141  0.000  0.001  0.180  0.130  0.109  0.078 -0.076  0.057 -0.077
E        0.091  0.254  0.172  0.035 -0.087  0.080  0.117 -0.003  0.057  0.058  0.009 -0.089  0.000  0.027 -0.060 -0.032 -0.013  0.028 -0.104 -0.034 -0.137
F       -0.228 -0.205 -0.115 -0.110 -0.099 -0.075 -0.040 -0.165 -0.234 -0.111 -0.171 -0.156  0.000 -0.257 -0.069 -0.204 -0.260 -0.208 -0.269 -0.137 -0.245
G       -0.009 -0.214  0.075 -0.059 -0.051  0.014  0.092  0.013 -0.053 -0.182  0.005 -0.041  0.000  0.018  0.003  0.002  0.049 -0.067  0.036 -0.065 -0.006
H       -0.081  0.245 -0.073  0.102  0.102 -0.052  0.302 -0.018  0.179  0.023  0.259 -0.081  0.000  0.115 -0.001  0.106  0.182  0.114 -0.009  0.157  0.000
I       -0.062  0.046 -0.067 -0.006 -0.025 -0.023  0.030 -0.040  0.043 -0.014 -0.016  0.015  0.000  0.053  0.024 -0.088 -0.029 -0.073  0.034 -0.048  0.101
K        0.154  0.126 -0.118  0.042  0.104  0.047  0.027 -0.040  0.160  0.048 -0.003  0.156  0.000 -0.020 -0.042  0.142  0.069  0.116  0.119  0.041 -0.177
L        0.052  0.000  0.053  0.003  0.038  0.088 -0.105 -0.039  0.024 -0.051 -0.041 -0.152  0.000  0.018  0.072  0.054  0.012 -0.022  0.112 -0.006  0.000
M        0.052  0.469 -0.030  0.083  0.013  0.078  0.437 -0.132 -0.010  0.171  0.009  0.178  0.000 -0.139 -0.004 -0.002  0.153  0.055 -0.067  0.064  0.000
N        0.163  0.112  0.209  0.057  0.044  0.143 -0.061 -0.034  0.207  0.026  0.146  0.102  0.000  0.278  0.016  0.204  0.105  0.022 -0.015  0.075  0.183
P        0.086 -0.069  0.150  0.165  0.075 -0.062  0.060  0.259  0.095  0.093  0.132  0.081  0.000 -0.015 -0.018  0.104 -0.043  0.242  0.458  0.070  0.000
Q        0.258 -0.186  0.023  0.278 -0.099  0.100 -0.089 -0.071 -0.124  0.098  0.074  0.060  0.000  0.022  0.128 -0.015  0.140 -0.003  0.049 -0.103  0.040
R        0.111  0.197  0.059 -0.077  0.103  0.245  0.066  0.015  0.215  0.075 -0.095  0.116  0.000  0.047  0.028  0.087  0.225  0.023  0.001  0.037  0.114
S       -0.023 -0.250  0.096  0.117 -0.055 -0.058  0.049  0.107 -0.109  0.087 -0.038 -0.087  0.000  0.144  0.081 -0.037  0.026  0.062  0.048  0.040  0.031
T       -0.025  0.049  0.120 -0.017  0.013  0.056  0.039  0.105  0.029  0.065  0.065  0.048  0.000 -0.084 -0.063 -0.023  0.039  0.013  0.108  0.185  0.096
V       -0.030 -0.009 -0.065 -0.057 -0.043 -0.112  0.015 -0.008 -0.055 -0.132 -0.008  0.101  0.000 -0.064 -0.033  0.038 -0.035 -0.064  0.026  0.032  0.049
W       -0.322 -0.202 -0.152 -0.244  0.063 -0.127 -0.057  0.071 -0.152  0.105  0.243 -0.218  0.000 -0.189 -0.089  0.056 -0.029 -0.089 -0.403  0.002  0.000
Y       -0.154  0.044 -0.130 -0.014  0.085 -0.159 -0.237 -0.135 -0.128 -0.159 -0.104 -0.066  0.000 -0.049 -0.208 -0.092 -0.071 -0.122 -0.257 -0.165 -0.119
X        0.020  0.000  0.000 -0.001  0.260  0.000 -0.347 -0.111 -0.184 -0.261 -0.130  0.000  0.000 -0.225  0.107 -0.191  0.025  0.146  0.000 -0.024 -0.278
