i-1/i     A      C      D      E      F      G      H      I      K      L      M      N      P      Q      R      S      T      V      W      Y      X
A       -0.019 -0.221 -0.056  0.007 -0.106 -0.083 -0.016 -0.160  0.027 -0.179 -0.153 -0.091  0.000 -0.155 -0.067 -0.169 -0.098 -0.069 -0.174 -0.097 -0.225
C       -0.008 -0.098 -0.152 -0.123 -0.037 -0.153 -0.005  0.254  0.047  0.001 -0.464  0.062  0.000  0.057 -0.024  0.001 -0.001  0.032  0.188 -0.078  0.000
D       -0.229 -0.244 -0.460 -0.205 -0.122 -0.301 -0.411 -0.252 -0.178 -0.190 -0.048 -0.119  0.000 -0.292 -0.215 -0.278 -0.408 -0.275 -0.151 -0.277  0.000
E        0.174  0.057 -0.133 -0.068  0.046  0.021 -0.025 -0.031 -0.025  0.015  0.044 -0.112  0.000 -0.117 -0.010 -0.060 -0.009  0.016 -0.160 -0.022 -0.029
F        0.118 -0.222  0.018  0.207  0.102  0.114  0.085  0.101  0.201  0.052 -0.011  0.116  0.000  0.130  0.200  0.058  0.059  0.087  0.217  0.129 -0.032
G       -0.491 -0.116 -0.298 -0.407 -0.272 -0.280 -0.457 -0.447 -0.527 -0.315 -0.353 -0.308  0.000 -0.502 -0.494 -0.272 -0.280 -0.389 -0.394 -0.379  0.000
H       -0.066 -0.219 -0.204 -0.014  0.020  0.096 -0.152  0.015  0.148 -0.097 -0.089 -0.063  0.000 -0.260 -0.238 -0.106  0.075 -0.244 -0.194  0.197  0.000
I        0.058  0.029  0.185  0.141  0.009  0.149  0.069  0.011  0.094  0.021  0.104 -0.036  0.000  0.064  0.103  0.058  0.110  0.053  0.240  0.148  0.305
K       -0.197 -0.111 -0.172 -0.144  0.007 -0.088 -0.302 -0.059 -0.028 -0.000 -0.118 -0.097  0.000 -0.153 -0.031 -0.226 -0.174 -0.021  0.013 -0.059 -0.118
L       -0.057  0.111  0.064  0.062  0.123  0.163  0.128  0.095  0.092  0.030  0.029  0.122  0.000  0.186  0.140  0.123  0.089  0.095  0.191  0.160  0.000
M        0.034  0.020  0.044  0.053  0.064  0.131  0.171  0.128  0.041 -0.140  0.024  0.132  0.000 -0.167  0.129 -0.105 -0.002  0.117  0.000  0.256  0.000
N       -0.236  0.009 -0.306 -0.230 -0.070  0.055 -0.338 -0.011 -0.418 -0.050  0.026 -0.053  0.000 -0.504 -0.270 -0.267 -0.370 -0.128 -0.264 -0.176  0.000
P       -0.194  0.176 -0.062 -0.224 -0.110 -0.028 -0.175 -0.242 -0.110 -0.350  0.008  0.008  0.000 -0.329  0.029 -0.058 -0.177 -0.169 -0.289 -0.536  0.000
Q        0.059 -0.042 -0.030 -0.142 -0.115 -0.205 -0.085 -0.001 -0.300  0.041  0.098  0.049  0.000 -0.165 -0.224 -0.206 -0.158 -0.081  0.050  0.130 -0.329
R        0.023 -0.084 -0.010 -0.018 -0.015 -0.037 -0.064  0.048 -0.083  0.008 -0.018 -0.012  0.000  0.051 -0.160 -0.119 -0.166  0.058  0.074 -0.103  0.047
S        0.004  0.091 -0.150 -0.237 -0.190 -0.100  0.072 -0.108 -0.222 -0.035 -0.150  0.022  0.000 -0.046 -0.059  0.003  0.018 -0.074 -0.182 -0.215  0.013
T        0.158  0.054 -0.112 -0.031  0.109 -0.067 -0.072  0.172 -0.086  0.168  0.091  0.029  0.000  0.054  0.016 -0.048 -0.028  0.119  0.224  0.062  0.111
V        0.053  0.058  0.031  0.081  0.069  0.054  0.101  0.060  0.137  0.067  0.121  0.055  0.000  0.116  0.009  0.084  0.082  0.037  0.169  0.048  0.145
W        0.298  0.402 -0.120  0.267  0.140  0.111  0.358  0.014  0.392  0.398  0.143  0.140  0.000  0.342  0.370  0.313  0.472  0.367  0.049  0.376  0.000
Y        0.153  0.022  0.069  0.108  0.151  0.117  0.138  0.008  0.056  0.066  0.183 -0.151  0.000  0.137  0.138  0.200  0.094 -0.007  0.012  0.183 -0.309
X        0.511  0.000  0.460  0.215  0.221  0.521  0.450  0.008  0.425  0.196  0.000  0.000  0.000  0.429  0.041  0.344  0.226  0.281 -0.010  0.354 -0.025
