i-1/i     A      C      D      E      F      G      H      I      K      L      M      N      P      Q      R      S      T      V      W      Y      X
A       -0.456 -1.181 -0.413  0.550  0.089 -0.116  0.006 -0.214 -0.817 -0.597  0.581 -0.769  0.000 -0.255 -0.301 -1.384  0.031 -0.051  1.213  0.119  0.000
C       -1.134 -1.617  1.901 -0.685 -0.423  1.126 -1.202 -0.765 -2.139  0.197  0.716 -2.704  0.000  0.167 -1.478  0.337  0.442  0.212 -0.761 -1.561  0.000
D        1.268  1.767 -1.874 -0.308  0.291 -0.745 -1.535  0.179 -0.338  0.554  0.566 -0.073  0.000 -0.660  0.098  0.129 -0.818  0.057 -1.594  0.034  0.683
E       -0.740  0.777 -1.084 -0.592 -0.186  0.746 -0.385 -0.747  0.011  0.466 -1.771  0.886  0.000 -0.139 -0.705 -0.029 -0.839  0.057 -1.067  0.030  2.353
F       -0.151 -0.639 -0.546 -0.235  0.045  0.541 -0.448  0.123 -0.766 -0.523  1.303 -1.590  0.000  0.339  0.148  1.573  0.731  0.220 -1.097  0.257  0.000
G        0.222 -2.021 -0.867 -0.065  1.016 -0.131  3.174  0.637  0.107  0.220 -0.877 -0.688  0.000  2.040 -0.889 -0.294 -0.974  0.507  0.978  0.232 -2.046
H       -0.583  2.175 -0.501  0.029  0.993  0.951 -1.802 -0.121 -0.298 -0.109 -0.566 -3.603  0.000 -1.057 -0.197 -1.010  0.161 -0.411 -1.948 -0.846 -1.220
I       -0.436 -0.524 -1.022  0.028 -0.530 -0.437  0.810 -0.079 -0.225  0.066 -0.084 -0.691  0.000  0.540 -0.383  0.443  1.179 -0.380 -1.332 -0.811  0.000
K        0.852  0.966 -1.513  0.624  0.153  1.992 -1.302  0.092 -0.641  0.538  0.724 -0.461  0.000  0.394  0.078  0.352 -0.244 -0.079 -0.450 -0.102 -0.351
L       -0.533 -0.401 -1.064 -0.477 -0.015 -0.013 -0.519 -0.129 -0.051  0.045  0.651 -0.781  0.000 -1.117 -0.163 -0.158  0.478  0.029  0.290 -0.784 -3.674
M        0.792  1.475  0.127 -2.597 -1.148 -2.324  0.540  1.399  1.539  0.359 -0.279  1.959  0.000 -1.374 -2.386 -0.196  1.313  0.869 -0.895  0.932  0.000
N       -0.921 -1.449  1.254 -0.682 -0.888  0.883 -0.032  0.387  0.280  0.235 -1.590 -1.229  0.000 -0.569  0.157 -0.894 -0.388  0.648  0.894  0.429  1.536
P        0.394  1.337 -0.125 -1.485  0.234  0.106 -0.240  0.036 -0.031 -0.618 -3.279  1.851  0.000  0.010 -0.378  0.017 -1.499 -0.046 -0.800  0.703  0.000
Q       -1.411  4.239 -0.388  0.322  0.328  1.061 -1.094 -0.177 -0.307 -0.953  0.238  1.504  0.000  1.003  0.723 -1.728  0.621 -0.363  0.829 -0.700  0.000
R        0.573  0.274 -1.163 -0.480 -0.562  0.147  0.710 -0.221 -0.811 -0.384  1.176 -0.951  0.000 -1.218 -0.166 -0.290 -0.444 -0.286 -1.365  0.269  0.828
S        0.368 -2.258  0.197 -0.150 -0.033  0.441  1.033  0.756  0.058 -0.101 -0.454  1.008  0.000 -0.970  0.067 -0.475  0.203  0.384  2.223 -0.139  0.294
T        0.003 -1.585 -1.449  0.039 -0.481 -1.004 -0.561 -0.406 -0.190  0.496 -0.426 -0.062  0.000 -0.143  0.705 -0.563 -0.346 -0.585 -0.657  0.187 -0.029
V       -0.285 -1.598 -1.040 -0.136 -0.065 -0.928 -0.233 -0.333  0.244 -0.086 -0.025 -0.023  0.000  0.155  0.027 -0.359  0.076 -0.215 -0.583  0.017 -2.120
W        0.638  2.712  0.610 -0.353 -0.695  0.658  0.017  0.698  0.417 -0.243 -0.108 -0.464  0.000 -0.368 -0.206 -0.259  1.136  1.998 -2.871  0.527  0.000
Y        0.620  0.418 -1.063 -1.126  1.542 -1.530  1.287  0.446 -0.324  0.004 -0.226  0.237  0.000 -0.805  0.807  0.567  1.401  0.313  1.315  0.905 -0.605
X        0.083  0.000 -3.361  0.497 -0.115  1.076  0.000 -0.058 -1.203 -2.487  0.000  0.000  0.000  0.462  0.000  0.897  1.458 -3.483  0.000 -0.194  2.580
