i-1/i     A      C      D      E      F      G      H      I      K      L      M      N      P      Q      R      S      T      V      W      Y      X
A       -0.360 -1.199 -0.858 -0.497 -0.644 -1.471 -0.459 -0.489 -0.087 -0.611  0.081  0.127  0.000  0.144 -0.240 -0.855 -0.986 -0.521 -1.003 -0.119  2.618
C       -0.802  1.951  0.473  0.306 -1.098 -0.729 -0.514 -1.120  0.977  0.574  1.487 -2.473  0.000  0.260 -0.348 -0.364 -1.158 -0.862 -0.057 -0.551  0.000
D        0.921  0.516  1.480  0.309  0.516  0.541  0.576 -0.292  0.760  0.633  0.680 -0.231  0.000  0.035  0.331 -0.511  0.018  0.019  1.031 -0.287 -3.669
E        0.323  0.807  1.273  0.323 -0.350  0.410  2.772  0.089  0.602  0.231  0.230  0.985  0.000  0.116  0.160 -0.249  0.305 -0.243 -0.150 -0.673 -2.357
F       -1.060 -1.988 -0.996  0.426  0.004 -0.848 -0.245 -1.419 -0.504 -0.675  0.761 -0.942  0.000 -0.693 -0.171 -0.217 -0.538 -0.652 -0.618 -0.231 -3.085
G        0.313 -0.659  1.311  0.008  0.771  0.487 -0.007 -0.487 -0.119 -1.284  0.769  0.660  0.000  0.568 -0.423 -0.236 -1.098 -0.177  0.571 -0.018  2.024
H       -0.645  1.520 -0.528  0.540 -0.245  0.782  2.119  0.066  0.073  0.088  0.982 -2.225  0.000 -0.267  0.391  0.422  1.260  0.163 -0.892 -0.387  0.000
I        0.001 -0.051 -0.354 -0.056 -0.424  0.489  0.340  0.002 -0.233  0.436 -0.348 -0.131  0.000 -0.562 -0.209 -0.223  0.766  0.430  1.193 -0.240  1.193
K        0.260  0.643 -0.608 -0.429  0.081 -0.294 -0.685  0.087  0.128 -0.187 -0.397 -0.381  0.000  0.131  0.234  0.775 -0.596 -0.371  1.186 -0.127 -0.695
L        0.085 -0.885 -0.199 -0.483 -0.228  0.070 -0.893 -0.570 -0.197 -0.030 -1.243 -0.310  0.000  0.086 -0.596  0.097  0.100 -0.090 -0.367 -0.148  0.000
M        0.253 -2.182  0.935 -0.989  0.638  0.828 -0.414  0.014  0.089  0.118  0.165 -1.545  0.000  1.819  0.388  0.032 -0.561  0.678 -1.945 -1.053  0.000
N        0.392 -0.139  0.928  1.019 -0.012 -0.035 -1.140 -0.612  0.484 -0.613  0.216  0.197  0.000  1.816  0.237  0.382  0.545 -0.459  1.523  0.303 -1.124
P        1.392  2.211  0.855 -0.031 -0.168 -0.577 -1.130  0.957  0.162  0.565  0.146 -2.155  0.000 -0.227 -0.289  0.378  0.540  0.416  1.638  0.287  0.000
Q        0.533 -1.587  0.548  1.106 -0.637  0.129  0.869 -0.033 -0.965 -0.286  0.798 -1.846  0.000  2.281  1.169  0.898  0.227 -0.277  0.624  0.024 -1.561
R       -0.184  1.055  1.803 -0.510  0.366  0.311  0.662 -0.482  0.357  0.138 -1.342 -0.727  0.000  0.053  0.286 -0.083 -1.094 -0.320 -0.056 -0.129  1.288
S       -0.023 -1.425 -0.595  0.795 -0.762  1.009  0.033  1.013  0.302  0.502 -0.796  1.734  0.000  0.547  1.063 -0.135  0.712  0.808 -1.633  0.944  1.310
T        0.451  1.347  0.486  0.050  0.572  0.441  1.262  1.158  0.746  0.912  0.981  1.336  0.000 -0.686  0.634 -0.307  0.052  0.623  0.916  0.825  2.805
V        0.244  0.668 -0.277 -0.086  0.178 -0.246  0.452  0.382 -0.116 -0.253  0.334  0.643  0.000 -0.066  0.070  0.308  0.320  0.460 -0.017  0.528 -0.477
W        0.599 -1.654 -1.206 -0.578  1.293 -0.334 -0.781  0.425 -0.371 -0.272 -1.604 -0.918  0.000 -1.457 -0.186 -0.419 -0.521 -0.539 -1.305 -0.417  0.000
Y       -1.133 -0.646 -0.228  0.174  0.954 -0.410 -1.095 -0.244 -0.712 -1.060 -0.495 -0.141  0.000 -1.477 -0.337  0.953 -0.020 -0.572 -1.387 -0.467 -1.661
X       -3.639  0.000  0.000 -0.539  2.294  0.000 -3.965 -2.561 -0.975 -3.107 -0.861  0.000  0.000 -0.093 -0.792 -1.651 -0.943 -2.073  0.000 -0.697  0.480
