i-1/i     A      C      D      E      F      G      H      I      K      L      M      N      P      Q      R      S      T      V      W      Y      X
A        0.043 -0.526  0.006 -0.111 -0.474 -0.178 -0.282 -0.479 -0.055 -0.032  0.281  0.024  0.129 -0.512 -0.382 -0.320 -0.517  0.136 -0.103 -0.578  0.636
C       -0.409  2.936 -0.080 -0.071 -0.762 -0.250  0.000 -0.111 -0.311  0.000 -0.493  0.000  0.622  0.590  0.000  0.675 -1.306  0.140 -0.730  0.000  0.000
D        0.381  0.617  0.278 -0.656 -0.372 -0.195 -0.914  0.553 -0.247  0.142 -0.278 -0.212 -0.102  0.074 -0.056 -0.132 -0.018 -0.804  0.123 -0.623  0.000
E        0.161  0.000  0.012 -0.253 -1.057 -0.087 -0.095 -0.104 -0.305 -0.211 -0.366 -0.467  0.133 -0.349 -0.515 -0.104 -0.630 -0.111 -0.212 -0.342  1.204
F       -0.097 -1.445 -1.030 -0.272 -0.554 -0.026  0.000 -0.682  0.106 -0.018  1.782 -0.307 -0.314  0.183 -0.691 -0.822 -0.736 -1.106  0.424 -0.865  0.000
G       -0.161 -0.069 -0.083 -0.400 -0.519 -0.042 -0.206 -0.185 -0.554 -0.085 -0.154 -0.539 -0.080 -0.515 -0.500 -0.130 -0.302 -0.115  0.769 -0.517  0.296
H        0.118 -0.765  0.400 -0.254  0.177  0.164  0.057  0.162 -0.056 -0.030 -0.866  0.202  0.205 -0.209 -0.312 -0.593 -0.386 -0.469  0.000  1.083  0.000
I       -0.313 -0.069 -0.313 -0.127  0.618 -0.159 -0.327 -0.873  0.150 -0.317 -0.716  0.255  0.100 -1.050 -1.133 -0.570 -0.231 -0.421  0.000  0.201  0.000
K        0.067 -0.789  0.061 -0.644 -0.227 -0.138 -0.474 -0.185 -0.142 -0.170 -0.441 -0.224 -0.290 -0.756 -0.335 -0.035 -0.505 -0.274  0.598 -0.963 -0.117
L       -0.338 -1.119 -0.087 -0.212 -1.409  0.212 -0.401 -1.057  0.111 -0.537  0.047  0.440  0.096  0.162 -0.143 -0.404 -1.000 -0.178  0.143 -1.010  0.000
M       -0.085  0.731  0.107 -0.076 -0.394  0.158 -0.510 -0.088 -0.227 -0.247 -0.269 -0.206  0.059  0.600 -0.610 -0.499 -0.051 -0.816  0.000 -0.349  0.000
N       -0.157  0.000 -0.364 -0.249 -0.557  0.061  0.078 -0.572 -0.647 -0.362 -0.317  0.160  0.307 -0.105  0.355 -0.171 -0.707 -0.604  0.500 -0.275 -0.444
P       -0.123 -1.395 -0.299 -0.333 -1.032 -0.051 -0.268 -1.088 -0.594 -0.364 -0.498 -0.069  0.022 -0.679 -0.240 -0.442 -0.496 -0.434 -0.155 -0.098 -0.642
Q       -0.166  0.000 -0.251 -0.262 -1.012  0.144  0.387 -0.404 -0.789  0.362  0.284 -0.065  0.129  0.241 -0.018 -0.529 -0.267 -0.491  0.135 -0.147 -0.639
R        0.020  0.836 -0.441 -0.478 -0.719 -0.075  0.103 -0.323 -0.123 -0.382  0.103 -0.129  0.059 -0.015 -0.406 -0.405 -0.383 -0.515  0.000 -0.421  0.000
S        0.167 -0.294  0.150 -0.402 -0.803  0.078  0.367 -0.384 -0.004 -0.094 -0.260 -0.257  0.031 -0.064 -0.213 -0.026 -0.337 -0.647 -0.562  0.322  0.001
T        0.125  0.427 -0.569 -0.497 -0.456  0.178  0.498 -0.090 -0.617 -0.084 -0.146  0.530  0.162 -0.818 -0.196 -0.556 -0.203 -0.178  1.610  0.293 -0.721
V       -0.295  0.458 -0.234 -0.757 -1.294  0.126  0.123 -0.989 -0.725 -0.260  0.434  0.150 -0.215 -0.001 -0.389 -0.331 -0.552 -0.561 -0.573  0.073 -1.409
W       -0.013 -1.072 -1.458  0.583 -1.027  0.247  0.157  0.231 -0.347 -1.409 -0.769  1.192 -0.468 -1.058 -1.009 -0.197  0.000  0.000 -1.611  0.000  0.000
Y       -0.179 -0.442 -0.259  0.163 -0.661  0.493 -0.677 -1.038 -0.610  0.261 -0.855 -0.796 -0.128  0.145  0.586 -0.365  0.289 -0.841 -0.471  1.761  0.000
X        0.634  0.000  1.075 -0.415  0.000  0.311  0.000  1.006  0.000 -1.575  0.019  1.432  0.000  0.000 -0.209  0.053  0.842 -1.188  0.000 -0.417  0.000
