i-1/i     A      C      D      E      F      G      H      I      K      L      M      N      P      Q      R      S      T      V      W      Y      X
A       -0.245 -0.201  0.234 -0.032 -0.256  0.140  0.157 -0.166 -0.358  0.074 -0.268  0.070  0.309 -0.324  0.095  0.238 -0.382  0.063  1.940 -0.651 -0.594
C        0.437  0.482  0.455  0.000 -0.645  0.462  0.517 -0.772 -0.593  0.539  1.065  0.000  0.136  0.000  0.228  0.591  0.122 -2.055  2.823 -2.232  0.000
D       -0.351  0.251  0.255 -0.223 -0.613  0.138  0.024 -0.150  0.239 -0.093  0.399  0.053  0.203 -0.102 -0.371 -0.058 -0.451 -0.582  0.300  0.647 -1.414
E        0.144  0.111 -0.176 -0.617 -0.369  0.057 -0.432 -0.132 -0.235  0.002  0.420  0.323  0.179 -0.200 -0.056 -0.121 -0.200 -0.407  0.618 -0.690  0.105
F       -0.056  2.742  0.004 -0.888 -0.696 -0.248  0.083 -1.437 -0.082 -0.389 -0.309  0.157  0.272 -0.333  0.013 -0.099 -0.396 -0.803  0.000  0.660  0.000
G        0.105  0.000 -0.208 -0.340 -0.552 -0.103 -0.656 -0.411 -0.131  0.125 -0.076  0.249  0.304 -0.527 -0.183 -0.115 -0.525 -0.436  0.053 -0.631  0.104
H        0.037  0.000  0.078 -0.112  0.350 -0.253  0.014 -0.370 -0.222  0.113 -0.635 -0.147  0.376  0.298 -1.305 -0.265 -0.435 -0.043  0.048  0.826  0.000
I       -0.208  0.094 -0.609 -0.567 -0.540 -0.126 -1.456 -0.797 -0.020 -0.208 -0.268  0.425  0.070 -0.247 -0.501  0.153 -0.051 -1.330  0.258 -0.327  1.092
K        0.123 -0.518 -0.181 -0.584  0.116  0.069 -0.574 -0.466 -0.128 -0.076  0.005 -0.375  0.186 -0.502 -0.232 -0.024 -0.255 -0.278  1.306 -0.178  0.000
L        0.394  0.000 -0.112 -0.394  0.826 -0.193 -0.217 -0.491 -0.063 -0.652 -0.096  0.059  0.358 -0.885 -0.587 -0.093 -0.007 -1.239 -0.926 -0.341 -0.055
M        0.466  0.303 -0.016  0.165  0.000 -0.080 -0.609  0.469  0.180  0.309  0.902 -0.777 -0.732  0.719 -0.402 -0.072 -0.139 -1.593  0.178  0.556  0.333
N        0.184  0.000 -0.383 -0.027  0.530  0.214 -0.134 -0.317 -0.182 -0.124  0.029  0.417 -0.261  0.391 -0.117  0.114 -0.518 -0.528  1.617 -1.415  1.673
P       -0.269 -0.296 -0.071 -0.634 -0.078  0.029 -0.164 -1.149 -0.338 -0.411 -0.444  0.308 -0.007 -0.674 -0.512 -0.145 -0.224 -0.475 -0.480  0.049 -0.524
Q        0.114  0.050  0.082 -0.228 -0.373  0.140  0.103 -0.004 -0.361  0.523 -0.018 -0.133  0.634  0.082 -0.150 -0.127  0.050  0.116  0.015 -0.016  0.000
R       -0.323  0.000 -0.430  0.058  0.371  0.053 -0.031 -0.341 -0.329 -0.093 -0.879  0.125  0.148 -0.109  0.189  0.208  0.037 -0.749  1.634 -0.127  0.000
S        0.074  1.259 -0.117 -0.134 -0.555  0.107 -0.105  0.137  0.044 -0.012 -0.140 -0.086  0.006 -0.042 -0.183 -0.035 -0.522 -0.734  0.720 -0.351 -0.105
T        0.217  0.274  0.150 -0.504 -0.812  0.407  0.287 -0.178 -0.094  0.280 -0.223 -0.218  0.157 -0.683  0.163 -0.087 -0.035 -0.354 -1.526 -0.212  0.671
V        0.077 -0.929  0.137 -0.774 -0.298  0.103  0.061 -0.430 -0.428 -0.631 -0.955 -0.031 -0.153 -0.352 -0.431 -0.144 -0.919 -0.530  0.000 -1.091  0.432
W       -0.644 -1.014 -0.308 -0.614 -1.001 -0.177  0.000  0.000 -0.269 -0.289  0.000  0.604  0.402  0.148  0.000 -0.526  0.752 -1.364  0.000 -0.780  0.000
Y        0.967  0.000 -0.164 -0.201 -0.112 -0.085 -1.545 -0.788 -0.295 -0.701  0.227  0.543  0.568 -0.558 -0.105  0.105 -0.239 -0.509  0.000 -0.682  1.424
X        0.232  0.000  0.000 -1.517  0.000 -0.000  0.000  0.000  0.981  0.000  0.000  0.673  0.435 -0.049  0.000 -1.166 -1.272  0.000  0.000  0.000  0.000
