i-1/i     A      C      D      E      F      G      H      I      K      L      M      N      P      Q      R      S      T      V      W      Y      X
A       -0.233  0.446 -1.048 -0.623 -1.164 -3.476  0.775  1.105 -0.671 -1.155  0.626  0.006  0.000  0.327 -1.973 -0.722 -0.530  0.537  0.098 -0.982  2.032
C       -1.971  2.116  0.107  1.220  4.195 -2.884 -3.619 -0.433 -1.478  1.170  0.057  0.000  0.000 -0.751  0.000 -1.336 -2.661  2.993 -1.231  0.000  0.000
D       -1.350 -0.499  1.239 -1.997 -1.201 -2.926 -0.219  0.042 -0.348 -1.275 -0.048  0.225  0.000 -1.027 -2.756  0.046 -0.399  1.512  0.670 -1.876 -2.706
E       -0.967  0.000  0.049 -0.497  0.365 -2.619 -0.795  1.507  0.574  0.156 -0.059  0.473  0.000 -0.853 -0.291  0.103  0.337  0.272  2.658  0.759 -0.595
F       -1.279  3.358 -0.436 -0.526  0.432 -3.952  0.000 -0.496 -3.153  1.320  0.705 -3.349  0.000 -0.587 -3.441 -1.629 -1.003  2.033 -1.732  2.446  0.000
G       -0.722 -1.447  1.041 -0.330  0.193 -3.716  0.059  0.862 -0.360 -1.038  0.222 -0.260  4.857 -1.224 -0.209 -0.010 -0.198  0.487  0.890 -1.834  0.415
H        0.163  0.000 -1.077 -0.522  0.106 -3.069 -0.106 -0.897 -1.897 -0.443 -2.501 -0.188  0.000  0.254 -2.586  0.376 -1.368  0.874  0.000  4.508  0.000
I       -0.679 -0.356 -0.622 -1.880  2.487 -2.577 -1.372  1.366 -0.246  0.098 -0.752  0.551  0.000  1.028 -1.106 -1.531  0.392 -0.855  0.000 -0.410  0.000
K       -0.193 -2.065  0.071 -0.440  0.266 -3.050 -2.290  2.563 -0.318  0.705 -1.114  0.000  0.000 -0.844  0.146  0.077  0.387 -0.314  0.458  0.572  0.477
L       -0.534 -3.337  0.224 -1.199 -0.874 -3.578 -0.623  1.454 -1.948 -0.500 -0.793 -1.971  0.000  0.057 -0.303 -1.023  0.679 -0.381 -1.191 -1.705  0.000
M       -1.447 -2.773 -0.796 -1.013  1.048 -3.068 -0.721  0.519 -1.596  0.805 -0.238 -0.458  0.000  0.710  0.306 -0.345  0.653 -0.046  0.000 -0.285  0.000
N       -0.686  0.000 -0.703 -1.372 -0.820 -2.977  0.022  0.791 -1.083 -0.776 -0.939  0.403  0.000 -1.014  0.153 -0.798  1.245 -1.696 -1.118 -1.747 -1.736
P       -0.173 -4.592 -0.977 -0.308 -1.108 -3.731 -1.809  2.078 -1.068 -0.555 -0.680  0.171  0.000 -2.508 -1.731 -0.903 -0.297 -0.651  0.916  2.164  2.575
Q        0.326  2.155  0.470 -0.853 -2.340 -3.522  1.829 -1.201 -1.314  0.341 -0.188 -1.036  0.000 -0.759 -0.637  0.038 -0.670  1.234 -1.611 -0.297 -3.361
R        0.151  3.257  0.549 -1.049  0.249 -3.263 -1.879  1.147 -1.160  0.911  0.819  0.306  0.000 -0.877 -0.859  0.272  0.444  0.781 -0.135 -0.349  0.000
S       -1.270 -2.998  0.227 -0.965 -1.198 -2.482  0.246 -0.027 -1.331 -1.047 -0.879  0.032  0.000 -1.317 -1.636 -0.790  0.368  0.040  1.521  1.032 -0.555
T       -0.349  1.449  0.151 -0.845 -0.561 -3.724  0.337  1.383 -1.175 -0.779  0.609 -0.372 -4.975 -0.017 -0.526 -0.091  0.939 -0.703 -0.925  1.146 -1.841
V       -0.852  3.365  0.636 -1.873  0.172 -3.153  0.340  0.229 -0.978 -0.492  1.677 -0.106  0.000  0.054 -1.839  0.334  1.102  1.446  0.465 -2.073  0.925
W       -3.186  1.924  1.783 -1.521  0.097 -3.032  0.481  4.219 -2.327 -3.238  0.000  2.224  0.000  0.900 -2.899 -0.496 -4.611  1.095 -0.840  0.000  0.000
Y       -1.241 -2.572 -2.451 -1.285 -1.651 -4.835 -0.676  0.807 -1.652 -0.353  0.000 -3.618  0.000 -0.725 -0.586 -0.610  1.054  1.571 -0.928  1.274  2.192
X        0.000  0.000 -1.036 -3.115  0.000 -3.770  0.000  0.000 -4.114 -2.556  0.657 -2.344  0.000  0.000 -2.189 -1.443  1.692 -1.463  0.000  0.338  0.000
