i-1/i     A      C      D      E      F      G      H      I      K      L      M      N      P      Q      R      S      T      V      W      Y      X
A       -0.750  2.047 -0.269 -0.242 -0.851 -4.044 -1.762  0.171 -0.499 -0.179 -0.160 -0.645  0.000 -0.237 -1.101 -0.727  0.136 -0.496  0.000 -0.208  0.000
C       -2.714  1.425  0.711 -0.689  0.255 -3.364  0.000 -1.508  0.607  0.349  0.895 -1.592  0.000 -3.899 -1.093 -0.332 -0.197 -0.079  0.000  0.000  0.000
D       -1.272 -2.537  0.381 -1.088 -0.990 -3.556 -1.166 -0.547 -1.184 -0.229 -0.175 -1.049  0.000 -0.605 -1.242 -1.312 -0.885  0.029  0.382 -1.063 -0.355
E       -0.883 -0.149 -0.137 -1.276  0.405 -3.928  0.743  0.477 -1.628 -0.329 -1.253 -1.896  0.000 -1.137 -1.611 -0.923  0.527  0.240 -1.035  1.098 -0.279
F       -1.430  0.000 -1.255 -1.009  1.908 -4.291  0.675 -0.427 -0.507  1.032  1.189 -0.880  0.000 -0.728 -1.265 -1.850  0.967 -0.353 -1.786 -0.264  0.000
G       -0.538  1.313 -0.685 -0.256  0.121 -3.525 -0.726  0.095 -1.126 -0.679  0.040 -0.201  0.000 -1.782 -1.554 -0.078 -0.652 -0.754  1.050 -0.987 -2.081
H       -0.507 -1.250 -0.861 -1.704  1.130 -3.639 -0.458  0.263 -2.747 -0.416 -2.209  0.768  0.000 -0.789 -2.697 -0.613 -0.903 -0.040  1.157 -0.398  0.000
I       -1.442  0.000  0.332 -1.122 -1.801 -4.184 -0.298  0.573 -0.872 -0.274 -1.793 -1.500  0.000 -0.328 -2.638 -0.494  1.913  0.980  0.537 -1.444  0.000
K       -1.262  2.219  0.192 -1.237 -1.517 -3.110 -1.977  0.952 -0.729 -0.692 -1.363 -1.073  0.000 -1.102 -1.062 -0.591  0.415  0.833 -0.450  0.802  0.000
L       -1.886 -0.970 -0.346 -1.225  0.118 -4.488 -2.595  0.576 -1.529 -0.725 -1.102 -1.549  0.000 -2.068 -2.107 -1.115  0.955  1.310  0.170 -1.204  0.000
M       -0.729  0.000 -0.662 -1.708  1.097 -3.293 -1.079  2.200 -1.493  0.190  0.201 -2.472  0.000 -1.493 -1.327 -1.597 -0.208  1.139 -0.288 -3.428  0.000
N       -1.157 -1.340  0.374 -1.694 -1.220 -3.336 -3.378 -0.461 -2.069 -1.050  0.438 -0.277  1.189 -0.465 -1.365 -0.855 -1.161  0.172 -0.797 -1.091 -0.366
P        0.334  0.686  0.578 -0.905 -0.761 -3.731 -1.294  1.407 -0.364  0.051  0.970 -0.475 -1.414 -0.274 -1.156 -0.043  1.773  0.982  1.839 -0.063  0.967
Q       -0.374  0.494 -0.448 -1.453 -1.622 -3.107  0.861  0.072 -1.539 -0.613 -1.667 -1.277  0.000 -1.371 -0.969 -1.011  0.724  1.582  0.907 -1.939  0.420
R        0.318  1.061  0.496 -1.006 -1.152 -3.359  1.378  0.226 -1.433 -0.061 -0.857 -0.805  0.000 -1.489 -1.687 -0.985  0.749 -0.148  1.692 -0.601  0.453
S       -0.745 -1.645 -0.143 -0.819  0.188 -2.218 -1.147 -0.724 -1.106 -1.024 -0.474 -1.679  0.000 -1.889 -2.005 -0.894  0.811 -0.599 -0.160 -0.262  0.589
T       -0.364  0.869 -0.127 -1.601 -0.892 -2.658 -0.970  1.298 -1.355 -0.531  0.011  0.822  0.000 -0.745 -0.616 -0.551  0.922 -0.055  1.543  0.670  2.474
V       -0.456  0.000 -0.305 -1.306 -0.843 -4.380  0.715  1.510 -0.874 -0.490  1.529 -0.422  0.000 -2.185 -1.167 -0.217  0.575  0.930 -0.872  0.582 -0.383
W       -4.881  0.000  1.060 -1.742  0.000 -3.727 -3.466  0.000 -2.427 -1.614  0.000 -0.053  0.000 -1.266 -1.499 -1.874  0.999 -0.434 -3.371 -1.886  0.000
Y       -2.045  0.521 -1.379 -1.587  2.738 -5.016  2.566  0.067 -1.323 -0.726 -0.267 -2.708  0.000 -1.598 -1.780  0.031 -0.987 -0.548  0.000 -0.546  0.000
X       -2.091  0.000  0.958 -2.244  0.000 -4.253  0.000  0.000 -2.935 -1.667  0.000 -2.773  0.000 -4.747 -4.932 -3.187 -0.237 -2.413 -4.157  0.000 -2.365
