i-1/i     A      C      D      E      F      G      H      I      K      L      M      N      P      Q      R      S      T      V      W      Y      X
A        0.174 -1.049 -0.255  0.488  0.299  0.242  0.618  1.178  0.346  0.288  1.024  0.065  0.199  0.301 -0.107  0.176  0.456  0.513 -0.576  0.136 -0.958
C        0.424  0.568  2.077  1.364  0.254 -0.030  1.484  0.645  0.943  0.926  0.707  1.572  0.406  1.467  1.047  1.604  2.027 -0.631  1.839  1.054  0.000
D       -0.252 -0.153 -0.536 -0.290 -0.025  0.104 -0.415  0.076 -0.043  0.193  0.183 -0.513  0.073 -0.078  0.093 -0.333 -0.572  0.530  0.187  0.488 -0.527
E        0.264  0.464 -0.334  0.039  0.077  0.021 -0.352  0.019 -0.015  0.273  0.137 -0.642  0.078 -0.406  0.006 -0.382 -0.509  0.194  0.714  1.007 -0.170
F        0.485  2.519 -0.146  0.912  0.236  0.402  0.556 -0.901 -0.114 -0.726  0.000  0.772 -0.113  0.725  0.195  0.503  0.705  0.327 -1.361  0.686  0.858
G        0.025 -0.860  0.376  0.139 -0.564 -0.098 -1.144 -0.103 -0.212 -0.292 -0.032  0.229  0.142 -0.105 -0.395  0.223  0.707 -0.386 -0.258 -0.045  0.252
H        0.387  0.728  0.998 -0.262  0.090  0.453  0.386  0.383  1.459 -0.090 -0.383  0.056  0.169  0.350  1.370 -0.328 -0.158 -0.169  0.000 -1.926  0.544
I        0.464 -0.015  0.727  0.639 -0.677  0.543  0.240  0.394  1.155  0.324  0.216  0.123  0.231  0.642  0.479  0.342  0.163  0.081  0.760 -0.171  0.000
K        0.496  0.487 -0.158  0.392  1.143  0.130  0.383  0.026  0.336  0.420  0.231  0.159  0.075 -0.121  0.590 -0.095 -0.403  0.673 -0.496  0.567  0.593
L        0.414  0.594  0.895  0.699  0.299  0.351  1.100  0.777  1.129  0.882 -0.738  0.154  0.349  0.451  0.786  0.146  0.176  0.486  1.081  0.863 -0.993
M       -0.449  1.238  0.768  0.759  2.230  0.132  0.677  0.806  1.756 -0.451  0.805 -0.689  0.721  1.110  0.769  0.519  0.295  0.219 -0.274  1.160  0.000
N        0.083 -0.543 -0.807 -0.606  0.190 -0.211 -0.082  0.060 -0.016 -0.580  0.328 -0.376  0.009  0.056  0.007 -0.310  0.349  0.365  0.402 -0.747 -0.589
P       -0.690 -1.260 -0.045 -0.853 -0.220 -0.564 -1.073 -0.585 -0.762 -0.379 -0.340  0.107 -0.274 -0.659 -0.963  0.008  0.021 -0.927  0.297  0.245  0.205
Q        0.520  0.478 -0.126 -0.254  1.080  0.240  0.930  0.737  0.795  0.597  0.311  0.654  0.120  0.145  0.908  0.135 -0.570  0.968  2.480  0.520  0.043
R        0.337 -0.670 -0.040  0.322  0.436  0.221  0.769  0.999  0.765  0.228  0.466  0.327 -0.176  0.606  0.694  0.195 -0.073  0.136 -0.067  0.678  0.000
S        0.652 -1.070 -0.578  0.027  0.831 -0.038 -0.006  0.159  0.394  0.268  0.078 -0.149 -0.261 -0.465  0.177 -0.317  0.064  0.446 -0.019  0.337 -0.032
T        0.351  0.211 -0.378  0.659  0.247  0.105 -0.276 -0.579  0.330  0.810  0.293  0.274  0.143 -0.019  0.636 -0.130 -0.359  0.713  0.059 -0.220  0.543
V        0.366  0.594  0.323  0.417  1.200 -0.093  0.604 -0.429  0.761 -0.301  0.165  0.344  0.250  1.200  0.471  0.218 -0.070 -0.326 -0.043 -0.384  0.844
W       -0.593  2.068  0.764  0.847  0.000 -0.506  0.000 -1.743  0.139 -2.183  0.000  0.014 -0.153 -0.184  0.896  0.847  1.350 -1.615  0.000 -0.906  0.000
Y        0.368  0.351  0.518  0.514 -0.182  0.531  0.797  2.837 -0.720  0.186  0.106 -0.203  0.109  0.962 -0.082  0.742  0.508  0.514 -1.122  1.247  4.425
X        1.647 -1.963 -0.050  0.881  0.663  0.650  1.556  2.120 -0.837  0.000  0.000 -0.519  0.348  1.307  0.052  0.307  1.382  2.313 -0.019  1.311 -1.076
