i-1/i     A      C      D      E      F      G      H      I      K      L      M      N      P      Q      R      S      T      V      W      Y      X
A       -0.026 -1.343 -0.296 -0.094 -0.394  0.000 -0.403  0.031 -0.108 -0.231  0.075 -0.419 -0.135 -0.231 -0.329 -0.084  0.194 -0.209 -0.008 -0.344  1.321
C        0.048 -2.645  0.093 -0.805 -2.454  0.000 -2.770  0.741 -1.555 -1.312  0.000 -0.056 -0.208 -1.681 -1.014 -0.368 -1.613 -0.452 -0.412 -0.266  0.000
D       -0.183  0.350 -0.011  0.024 -0.082  0.000 -0.329 -0.012 -0.195 -0.003 -0.171  0.024 -0.009 -0.115 -0.682 -0.310  0.133 -0.195  0.029 -0.115 -1.164
E        0.245 -0.317 -0.036 -0.023  0.494  0.000 -0.092 -0.305  0.195  0.225  0.265  0.028 -0.125 -0.065  0.168 -0.110  0.175  0.065  1.012 -0.012 -2.125
F        0.500  2.171 -0.036  0.251  0.286  0.000 -0.668  0.584  0.666 -0.297  1.630 -0.306  0.240 -0.520  0.346 -0.196 -0.252 -0.190 -0.247 -0.317  2.015
G        0.181 -0.341  0.135  0.419  0.088  0.000  0.211 -0.013  0.573  0.269  0.516  0.165 -0.009  0.375  0.511  0.266 -0.624 -0.135 -0.029  0.278 -0.291
H        0.088 -0.826 -0.355  0.031  0.390  0.000  0.464 -0.064 -0.403  0.297 -0.480 -0.088 -0.106 -0.696 -0.068  0.081 -0.096  0.014 -0.102 -0.826 -2.484
I        0.380  1.466  0.026  0.042  0.122  0.000 -0.297 -1.185 -0.100 -0.390 -1.419 -0.320  0.089 -0.101 -0.612  0.176  0.005  0.188 -0.473  1.199 -1.244
K       -0.098 -0.165 -0.202  0.007  0.053  0.000  0.118 -0.260 -0.178  0.203 -0.245 -0.168 -0.078 -0.008  0.035 -0.122  0.109  0.076  0.612  0.127  0.300
L       -0.162  0.709 -0.097 -0.285  0.133  0.000 -0.238  0.281 -0.545 -0.168 -1.186 -0.150 -0.177 -0.320  0.254 -0.245  0.341 -0.068 -0.133 -0.032  0.387
M        0.128 -1.376  0.082 -0.254  0.540  0.000 -0.959 -0.147  0.286 -0.528 -0.650  0.093 -0.034 -0.425  0.062 -0.483 -0.067  0.248  0.000 -1.006  3.123
N       -0.099 -1.069 -0.318  0.117  0.394  0.000 -0.710  0.525 -0.067  0.143  0.865 -0.069  0.008  0.027 -0.135 -0.026  0.092 -0.028 -0.682 -0.754  3.175
P       -0.386  2.942 -0.435 -0.403 -0.348  0.000 -0.265 -0.093 -0.667 -0.351 -1.074 -0.015  0.360 -0.190 -0.298 -0.258 -0.277 -0.290 -1.076 -0.110  1.416
Q        0.498 -0.978 -0.186  0.029 -0.042  0.000  0.250 -0.129 -0.177  0.422 -0.212 -0.079 -0.118 -0.715  0.018 -0.128  0.040  0.405  0.089  0.906 -0.777
R       -0.366  2.569  0.196 -0.559  0.353  0.000  0.340  0.283 -0.320  0.341  0.688  0.004 -0.009 -0.032  0.258  0.196 -0.802  0.049  0.301 -0.169 -1.371
S        0.065 -2.232 -0.069 -0.110 -0.266  0.000 -0.251 -0.208 -0.047 -0.268  0.071 -0.063 -0.155  0.035 -0.292 -0.128 -0.109  0.365 -0.751  0.157 -0.061
T       -0.087  3.094 -0.160 -0.442  0.403  0.000 -0.901 -0.034 -0.685 -0.255  0.148 -0.007  0.087 -0.234 -0.483 -0.126 -0.123  0.214 -0.476  0.746 -0.150
V       -0.141 -0.198  0.274 -0.284 -0.027  0.000  0.752 -0.399  0.517  0.019 -2.380  0.105  0.181  0.218 -0.187 -0.046 -0.041 -0.108  0.618 -0.080  0.000
W       -0.300  1.791 -0.171  0.559 -0.341  0.000 -0.314 -0.514 -0.299  0.606 -0.493  0.256 -1.170 -0.509  0.212 -0.014 -3.947 -0.923  0.843 -0.162  0.017
Y       -0.606 -0.092 -0.178 -0.250 -0.004  0.000  0.304  0.657 -0.096  0.050  1.242 -0.534  0.618 -0.093 -0.038  0.217 -0.532  0.438  2.476 -0.223  0.000
X       -0.497  0.000 -0.451  0.184  0.000  0.000 -0.763  0.000 -0.123 -0.273  0.000 -0.267  0.830  0.169 -0.278  0.135  0.401  0.000  0.000  0.000  0.000
