i-1/i     A      C      D      E      F      G      H      I      K      L      M      N      P      Q      R      S      T      V      W      Y      X
A        0.261  0.769 -0.649 -0.333 -0.467 -0.066 -0.093 -0.010 -0.387 -0.987  0.613 -0.090 -0.340 -0.087 -0.292 -0.216 -0.304 -0.078 -0.555 -0.021  0.686
C       -0.293  0.018 -0.094  0.347  0.527  0.313  0.790  0.906 -0.228 -0.511 -0.407 -0.526 -0.135  0.700  0.427  0.753 -0.690  0.685 -0.426  0.991  0.000
D       -0.006 -0.924  0.076 -0.163 -0.297  0.021 -0.692 -0.529 -0.195 -0.085  0.113 -0.034 -0.424  0.268  0.105  0.091  0.240 -0.319  0.231  0.008  1.132
E       -0.527  0.058 -0.208 -0.047 -0.510 -0.223  0.085 -0.304 -0.477 -0.148 -0.160 -0.152 -0.301 -0.411 -0.390  0.220 -0.039 -0.372 -0.205 -0.837 -0.356
F       -0.648 -0.892 -0.223 -0.063 -0.227  0.174  0.023  0.494 -0.743 -1.245 -0.093 -0.097 -0.827  0.601 -0.368 -0.382 -0.730 -0.622  0.000 -0.530  0.289
G        0.107 -0.450 -0.489 -0.062 -0.129  0.095 -0.199 -0.452 -0.104 -0.395 -0.099 -0.017 -0.136  0.444 -0.304 -0.281 -0.299 -0.292 -0.351  0.305 -0.776
H       -0.184  0.869  0.200 -0.520 -1.735  0.123 -0.716  0.010  0.018 -0.366  0.202 -0.465 -1.498  0.533  0.701 -0.162 -0.708 -0.198  0.000  0.000 -1.611
I       -0.172 -0.488 -0.138 -0.486  0.351  0.158 -0.796 -0.099 -0.663 -0.028 -0.396 -0.180 -0.203 -0.133 -0.046 -0.844 -0.287 -0.029  0.000  1.018  0.250
K       -0.165 -0.405 -0.215 -0.041 -0.526 -0.061  0.303 -0.208 -0.498 -0.386 -1.265  0.058 -0.249 -0.665 -0.534  0.004 -0.444 -0.649 -0.463 -0.695  0.716
L        0.062  0.092 -0.108  0.067 -0.289  0.038 -1.022 -0.575 -0.114 -0.145 -0.112  0.038  0.129 -0.296 -0.192 -0.399 -0.206  0.244  1.144  0.675  0.000
M       -0.145  0.000 -0.709 -0.252  0.000 -0.200  0.010 -0.190 -0.829 -0.072  2.486 -0.254 -0.190  0.492  0.007 -0.649 -0.126  0.548  0.000  0.051  0.000
N       -0.254 -0.527 -0.080 -0.135 -0.063 -0.120 -0.464  0.539 -0.198 -0.413 -0.147  0.214 -0.384 -0.648 -0.047  0.149 -0.320 -0.171 -0.819  0.285  1.016
P       -0.180  0.455 -0.393 -0.237 -0.286 -0.178 -0.005 -0.934 -0.594 -0.561 -0.007 -0.322 -0.124 -0.233 -0.398 -0.006 -0.605 -0.395 -0.145 -0.145  0.445
Q       -1.162 -1.254 -0.677 -0.219 -0.527 -0.054 -0.980 -0.632 -0.542 -0.024  0.394 -0.100 -0.538  0.036 -0.126 -0.629  0.854 -0.448  0.087  0.949  0.000
R       -0.133  0.285 -0.095 -0.402 -0.735 -0.001 -0.425 -0.193 -0.314 -0.456  0.443  0.030 -0.357 -0.554 -0.046  0.000  0.261 -0.143  0.528 -1.025 -0.587
S       -0.085 -0.302 -0.090  0.003 -0.161 -0.115 -0.381 -0.306 -0.000  0.353 -0.511 -0.549 -0.157 -0.212 -0.086 -0.122 -0.481 -0.284  0.053 -0.030 -0.327
T        0.084  0.062 -0.157 -0.042 -0.407 -0.229  0.569 -0.406  0.203  0.029 -0.155 -0.214 -0.457 -0.450 -0.239 -0.461  0.153 -0.515  0.866 -0.190  0.201
V       -0.698  0.080  0.279 -0.479  1.047  0.341  0.596  0.555 -0.110  0.149 -0.646 -0.396 -0.377  0.130 -0.119  0.165 -0.069 -0.454 -0.374 -0.962  0.753
W       -0.398  1.424 -0.296 -0.663  2.019 -1.220  0.000 -1.254 -0.248  0.676 -0.281 -0.057  0.499 -0.284 -0.193 -0.175 -0.643 -0.127  0.000  0.000  0.000
Y        0.462  0.000 -0.278  0.764  0.200  0.086 -0.161 -0.432  0.224 -1.047  0.580 -0.386 -0.227  0.360 -0.371 -0.043 -0.007 -2.221 -0.255 -0.205  0.000
X        0.331  0.000 -0.282 -0.870  0.524 -0.287  0.089  0.000  0.646  0.000  0.000  0.887 -0.552  0.903  0.000 -0.123 -1.335 -0.982  0.000  0.911  0.000
