i-1/i     A      C      D      E      F      G      H      I      K      L      M      N      P      Q      R      S      T      V      W      Y      X
A       -0.064  0.416  0.085 -0.384 -0.086 -0.239 -0.260 -0.388 -0.369 -0.303  0.002  0.324 -0.269 -0.233 -0.092  0.017 -0.330 -0.318  0.901  0.551 -0.379
C        0.156 -0.233 -0.241  0.550  1.395  0.387  0.470  0.230  0.428  0.841 -1.644  0.271  0.477  0.519  0.182  0.001  0.118  0.821 -0.388  1.167  0.000
D       -0.195 -0.176  0.034  0.091  0.551 -0.110 -0.017 -0.201  0.161  0.166 -0.168 -0.020 -0.139 -0.102  0.021 -0.394  0.175 -0.290 -0.590 -0.488  0.003
E        0.705 -0.040  0.289  0.343  0.494  0.073  0.595  0.073  0.349  0.367 -0.200  0.484  0.260  0.239  0.491  0.048  0.320  0.289  0.385  0.273  0.298
F       -0.683 -1.901  0.234 -0.498 -0.660  0.001 -0.246 -0.323  0.089 -0.525 -0.380 -0.213 -0.673 -0.199  0.007 -0.129 -0.395  0.163 -0.906 -0.263  0.000
G        0.750  0.699  0.534  0.481  1.077  0.461  0.795  1.078  0.650  0.828  0.730  0.808  0.452  0.560  0.611  0.489  0.779  1.125  0.640  0.570 -1.531
H       -0.083  0.160  0.390  0.022  0.732  0.365 -0.929  0.469 -0.041 -0.021  1.299 -0.033  0.517  0.222  0.612 -0.204  0.413  0.068  0.093 -0.212  0.000
I       -0.154  0.027 -0.046  0.005 -0.316 -0.219  0.332 -0.196  0.118 -0.071  0.900 -0.170 -0.397  0.195 -0.640  0.185  0.211 -0.149 -1.245  0.318  0.000
K        0.182  0.699  0.185 -0.007 -0.304  0.011 -0.137 -0.015  0.474 -0.166  0.082 -0.110  0.229  0.559  0.504  0.497  0.301 -0.085  0.337  0.068  1.607
L        0.030 -0.408  0.112  0.195  0.158  0.040  0.315  0.196  0.068  0.142  1.031 -0.611 -0.179  0.258  0.053 -0.103  0.112  0.112 -0.125  0.465  0.000
M        0.105  0.000  0.089  0.495  1.341  0.154  0.201  0.365 -0.151  0.648 -0.997 -0.804  0.455  0.015 -0.210  0.467  0.808  0.096 -0.475 -0.245  0.000
N        0.319  0.380 -0.275 -0.172  0.157  0.079  0.510  0.392 -0.022  0.300  0.136  0.003 -0.165  0.182  0.148 -0.307  0.018  0.097  0.200 -0.260  0.556
P       -1.959 -0.971 -1.341 -1.738 -2.191 -1.611 -1.273 -1.106 -1.989 -1.515 -1.736 -1.332 -0.048 -2.394 -1.577 -0.867 -1.552 -1.193 -0.478 -0.769 -1.842
Q        0.700  0.437  0.301  0.199 -0.330  0.221  0.178  0.167  0.273  0.269 -0.280  0.042  0.413  0.534  0.551  0.191  0.167  0.136  0.571 -0.483 -0.332
R        0.034  0.785  0.144 -0.039 -0.368  0.244 -0.308  0.585  0.288  0.297  0.452 -0.108  0.385  0.176  0.005  0.205  0.062 -0.020 -0.821  0.549  0.000
S        0.171  0.220  0.086  0.517  0.185  0.281  0.372  0.765  0.213  0.501  0.409  0.347  0.290  0.588  0.407  0.263  0.152  0.195  0.602  0.209  0.975
T        0.275  0.271  0.472  0.303  0.156  0.381  0.688  0.008  0.349  0.177  0.142  0.590 -0.135 -0.031  0.255  0.308  0.543  0.583  0.094 -0.299 -0.154
V        0.281  1.664 -0.246 -0.079 -0.111 -0.252  0.504  0.231 -0.042 -0.429  0.149 -0.065 -0.026 -0.137 -0.168 -0.410  0.014  0.590 -0.202  0.578  0.000
W       -0.743  0.000 -0.360 -0.679  0.294 -0.231 -0.153  0.050 -0.435 -0.119  0.000  0.061 -0.346  0.035  0.190  0.038  0.373 -0.066 -0.265  1.111  0.000
Y        0.181  0.365 -0.148 -0.253  0.107  0.244  0.673  0.345  0.073 -0.007 -0.546 -0.339 -0.710 -0.091  0.177  0.261 -0.235 -1.717  1.215  0.001  0.000
X       -0.473  0.000 -2.618  1.219  0.416  0.987  0.502  0.756 -0.444 -0.417  0.153 -0.480  0.059 -0.563 -0.643  0.232  0.755  0.000 -0.868  0.000  0.000
