i-1/i     A      C      D      E      F      G      H      I      K      L      M      N      P      Q      R      S      T      V      W      Y      X
A       -0.012  0.240 -0.022  0.009  0.165  0.000 -0.228  0.012  0.071  0.082 -0.175 -0.054 -0.013 -0.071 -0.035  0.051  0.017 -0.010  0.069  0.086 -0.093
C        0.045 -0.021  0.077 -0.020 -0.049  0.000  0.089  0.105  0.114  0.139  0.233  0.145 -0.029  0.073  0.017  0.070 -0.085 -0.110  0.026 -0.133 -0.338
D        0.101  0.069  0.053  0.038  0.104  0.000  0.068 -0.005  0.086  0.003  0.149  0.034  0.084  0.032 -0.021 -0.002 -0.057  0.035  0.020 -0.017 -0.233
E        0.093 -0.002 -0.027  0.088  0.100  0.000  0.014  0.030  0.004 -0.010 -0.129 -0.049 -0.008  0.073 -0.020  0.009  0.001 -0.005 -0.037  0.024 -0.046
F        0.042  0.368  0.025 -0.053 -0.021  0.000 -0.128 -0.059  0.034 -0.041  0.070 -0.040  0.022 -0.036  0.028  0.032 -0.027  0.012  0.000  0.195 -0.011
G        0.079 -0.154  0.059  0.059  0.092  0.000  0.173  0.025  0.069  0.031 -0.048  0.060  0.102  0.044  0.144  0.072  0.110  0.096 -0.060  0.068  0.090
H        0.047 -0.290  0.075 -0.052 -0.460  0.000  0.082  0.048  0.041  0.065  0.119 -0.167  0.092 -0.206 -0.122  0.030  0.103 -0.128 -0.063  0.381  0.126
I       -0.055 -0.130 -0.005 -0.045 -0.267  0.000  0.175 -0.152 -0.030 -0.077 -0.014 -0.020  0.074 -0.265 -0.046 -0.071 -0.099 -0.045  0.183 -0.133 -0.009
K       -0.020 -0.078 -0.022 -0.044  0.040  0.000 -0.025 -0.048  0.047 -0.006  0.018 -0.042  0.018  0.032  0.013  0.048  0.014  0.069  0.116  0.049 -0.144
L        0.006  0.216 -0.046 -0.007  0.003  0.000 -0.092 -0.037  0.022 -0.031 -0.104 -0.131 -0.038  0.001  0.014 -0.013 -0.048 -0.128 -0.057  0.105  0.267
M        0.148  0.260  0.005  0.053 -0.200  0.000  0.087  0.115  0.079 -0.068  0.089 -0.048 -0.091 -0.076 -0.029 -0.020 -0.023 -0.035  0.000  0.071  0.000
N        0.103  0.188 -0.000 -0.008  0.065  0.000 -0.043 -0.074 -0.001  0.075  0.061  0.038  0.009  0.107  0.048 -0.006 -0.052  0.031 -0.055 -0.035 -0.147
P        0.080  0.073  0.047  0.040  0.028  0.000 -0.059  0.112  0.026  0.008 -0.005  0.011  0.082  0.055  0.080 -0.070 -0.013  0.035 -0.008 -0.079  0.150
Q        0.105  0.024 -0.046 -0.066  0.011  0.000 -0.018  0.047  0.105 -0.023 -0.186  0.006 -0.045  0.031 -0.003 -0.028  0.062  0.073 -0.079 -0.005  0.044
R        0.010  0.106 -0.001  0.019 -0.000  0.000  0.026  0.123 -0.014  0.038  0.046  0.006  0.080 -0.055  0.106  0.014  0.037  0.029  0.187 -0.031  0.252
S        0.024  0.046 -0.012  0.060  0.116  0.000  0.130  0.036  0.024  0.010  0.066  0.089  0.119 -0.002  0.032  0.017  0.048  0.097  0.057  0.060  0.067
T        0.026  0.142 -0.037 -0.006 -0.031  0.000  0.118  0.039 -0.135 -0.085  0.064  0.064  0.094  0.058 -0.106  0.095  0.054  0.152  0.325  0.001  0.336
V        0.043 -0.117  0.001  0.047 -0.155  0.000 -0.007  0.005 -0.010  0.013 -0.075  0.031  0.125 -0.013 -0.060 -0.062 -0.006  0.066 -0.014  0.141 -0.010
W        0.037  0.512 -0.005 -0.072  0.014  0.000  0.000 -0.174  0.064 -0.074 -0.030  0.037  0.012  0.006 -0.070 -0.038 -0.002 -0.293 -0.203 -0.112  0.042
Y       -0.099  0.097 -0.080  0.076  0.093  0.000 -0.034 -0.221  0.002 -0.048  0.019  0.077 -0.039 -0.004  0.052 -0.109 -0.029 -0.159 -0.095  0.056  0.236
X       -0.159  0.000  0.069  0.149  0.212  0.000 -0.545  0.251  0.031 -0.242 -0.089 -0.077 -0.219  0.018  0.020  0.096 -0.095  0.210  0.000 -0.117  0.151
