i-1/i     A      C      D      E      F      G      H      I      K      L      M      N      P      Q      R      S      T      V      W      Y      X
A       -0.025 -0.163 -0.029  0.012 -0.066  0.000 -0.221 -0.036  0.021 -0.040 -0.014 -0.080  0.011  0.010 -0.068  0.016  0.012 -0.029  0.020 -0.076 -0.224
C        0.099 -0.096  0.024  0.035 -0.261  0.000  0.192  0.149  0.068 -0.071 -0.033  0.028  0.004  0.030 -0.029 -0.007  0.040 -0.054 -0.113 -0.082  0.000
D       -0.032 -0.091 -0.074 -0.045 -0.047  0.000 -0.014 -0.041 -0.099 -0.092 -0.089 -0.071 -0.027  0.009 -0.137 -0.097 -0.017 -0.001 -0.220 -0.118  0.057
E       -0.041  0.025 -0.053 -0.019 -0.006  0.000  0.057 -0.155 -0.011 -0.038 -0.110 -0.035 -0.024 -0.052 -0.059 -0.060 -0.060  0.057 -0.138 -0.048 -0.139
F       -0.121 -0.244 -0.044 -0.064 -0.252  0.000  0.141 -0.143  0.010 -0.158  0.035 -0.094 -0.028 -0.181 -0.098 -0.144 -0.221  0.120  0.053 -0.278  0.014
G       -0.126  0.155 -0.018 -0.059 -0.073  0.000 -0.025 -0.195 -0.089 -0.012 -0.039 -0.005 -0.062 -0.039 -0.006 -0.050 -0.064 -0.291 -0.171 -0.034  0.031
H       -0.076 -0.121 -0.106 -0.078 -0.086  0.000  0.008 -0.038 -0.094 -0.110  0.058 -0.129 -0.132 -0.031 -0.006 -0.033 -0.150 -0.022 -0.096 -0.001 -0.168
I        0.058 -0.124  0.065  0.071 -0.024  0.000  0.121 -0.031  0.030 -0.076 -0.185 -0.065  0.070  0.001 -0.074  0.044 -0.069  0.073 -0.127 -0.008 -0.169
K       -0.030  0.186 -0.055  0.007  0.015  0.000 -0.042 -0.052 -0.000 -0.016 -0.047 -0.049 -0.041 -0.042 -0.069 -0.007 -0.042 -0.050  0.046  0.062 -0.185
L        0.001  0.133 -0.006 -0.032 -0.161  0.000 -0.003 -0.083  0.018 -0.040 -0.166 -0.029  0.002 -0.011  0.050 -0.051 -0.034 -0.052  0.057 -0.104 -0.049
M       -0.032  0.436 -0.029 -0.000  0.076  0.000 -0.002 -0.145 -0.011 -0.116 -0.083 -0.085 -0.072  0.028 -0.147  0.047  0.028  0.047  0.039 -0.075  0.000
N       -0.118  0.027 -0.091 -0.104 -0.077  0.000 -0.083 -0.042 -0.104 -0.084 -0.131 -0.102 -0.039 -0.120 -0.126 -0.120 -0.036 -0.170 -0.137 -0.124 -0.118
P        0.174  0.010  0.218  0.321  0.187  0.000  0.084  0.266  0.268  0.246  0.136  0.258  0.271  0.353  0.211  0.299  0.301  0.321  0.173  0.177  0.248
Q       -0.040  0.006 -0.083 -0.050 -0.098  0.000 -0.199 -0.077 -0.024 -0.070  0.020  0.022 -0.007 -0.036  0.051 -0.015 -0.066 -0.059  0.276 -0.034  0.089
R        0.009  0.027 -0.012 -0.017  0.047  0.000 -0.143 -0.031  0.035  0.022 -0.037 -0.080 -0.064  0.017  0.047  0.036 -0.084  0.056 -0.496 -0.053 -0.073
S       -0.028  0.022  0.002 -0.015  0.004  0.000  0.065  0.106  0.044  0.027  0.178  0.041 -0.031 -0.009 -0.021 -0.026 -0.002 -0.006  0.009  0.043 -0.018
T        0.028 -0.334  0.009  0.068  0.086  0.000 -0.042  0.117  0.077 -0.025  0.120  0.032 -0.005  0.013 -0.020 -0.039  0.012  0.141  0.109 -0.041  0.104
V        0.107  0.390  0.021  0.073 -0.096  0.000  0.149 -0.120  0.095 -0.059  0.134  0.031  0.086  0.046  0.116  0.027  0.020  0.053 -0.031  0.011 -0.141
W       -0.164 -0.423 -0.017  0.037 -0.306  0.000 -0.004 -0.541 -0.234 -0.206  0.000 -0.067 -0.235 -0.022  0.012 -0.152 -0.222 -0.030 -0.115 -0.285  0.302
Y       -0.167 -0.064 -0.092 -0.018 -0.201  0.000  0.007 -0.113 -0.177 -0.147 -0.441 -0.029 -0.046 -0.117 -0.067 -0.034 -0.151 -0.156 -0.484 -0.215  0.000
X       -0.013  0.000  0.062  0.037  0.094  0.000  0.219  0.230 -0.192  0.035 -0.072 -0.050  0.049 -0.043  0.017  0.003 -0.059 -0.179  0.140 -0.119  0.046
