i-1/i     A      C      D      E      F      G      H      I      K      L      M      N      P      Q      R      S      T      V      W      Y      X
A       -0.009 -0.196 -0.042 -0.011  0.069  0.000 -0.063  0.013 -0.099 -0.081 -0.028 -0.011 -0.025  0.045 -0.072 -0.093 -0.077 -0.089  0.137 -0.081  0.059
C       -0.102  0.057 -0.089 -0.116  0.012  0.000 -0.158  0.044 -0.051 -0.033  0.017 -0.095  0.033 -0.115 -0.043 -0.082 -0.092  0.190 -0.111 -0.246  0.000
D       -0.072  0.012 -0.062  0.027 -0.113  0.000 -0.007 -0.021 -0.073 -0.050 -0.051 -0.071 -0.022 -0.022 -0.160 -0.078 -0.011  0.003 -0.111 -0.104  0.046
E        0.052  0.124  0.007 -0.022  0.011  0.000  0.004 -0.031  0.035 -0.010 -0.016 -0.004  0.006  0.015  0.054 -0.094 -0.011 -0.045  0.042 -0.017 -0.211
F       -0.003  0.044 -0.038  0.018 -0.061  0.000  0.083 -0.079  0.018 -0.183 -0.214 -0.062  0.078 -0.146  0.034 -0.019 -0.241  0.028  0.022 -0.233 -0.248
G        0.076  0.006  0.049  0.021 -0.059  0.000  0.108  0.002  0.130  0.041  0.140  0.038 -0.034  0.093  0.105  0.050  0.019  0.054 -0.026  0.048 -0.074
H        0.055 -0.019 -0.097 -0.025 -0.023  0.000 -0.035 -0.037 -0.019  0.011 -0.039 -0.038 -0.090 -0.170 -0.087 -0.039 -0.113  0.075  0.008 -0.149 -0.146
I        0.100  0.301 -0.086 -0.024  0.041  0.000  0.102 -0.103 -0.205  0.042 -0.050  0.027  0.116 -0.027 -0.032  0.013  0.063  0.007 -0.135  0.243  0.079
K       -0.041  0.118 -0.011 -0.062  0.044  0.000  0.010 -0.068 -0.033 -0.027 -0.121 -0.023 -0.114  0.020  0.000 -0.006 -0.052 -0.168  0.019  0.043 -0.067
L       -0.066  0.035 -0.092 -0.070  0.054  0.000 -0.170 -0.046 -0.070 -0.029 -0.073 -0.053 -0.016 -0.114 -0.009 -0.069 -0.073  0.050  0.196  0.109 -0.042
M        0.013 -0.289 -0.026 -0.008  0.016  0.000 -0.116 -0.033  0.062 -0.070  0.036  0.040  0.011 -0.110 -0.003  0.051  0.028 -0.075  0.000 -0.248  0.000
N       -0.019 -0.032 -0.076  0.004  0.031  0.000 -0.186  0.068 -0.003 -0.056  0.061 -0.065  0.022 -0.070 -0.002  0.022 -0.032  0.037 -0.201 -0.063 -0.014
P       -0.090  0.014 -0.028 -0.046 -0.027  0.000 -0.045 -0.124 -0.042 -0.006 -0.103 -0.021 -0.048 -0.094 -0.043 -0.060 -0.114 -0.060 -0.102  0.101 -0.058
Q        0.025 -0.114 -0.077 -0.015 -0.113  0.000 -0.005 -0.033 -0.073  0.013 -0.068 -0.006 -0.020 -0.026 -0.081 -0.050  0.038 -0.007  0.216  0.170  0.033
R       -0.060 -0.039  0.019 -0.048  0.188  0.000  0.022  0.004  0.021  0.075  0.073 -0.014 -0.006  0.033  0.078 -0.014 -0.024 -0.132  0.092  0.073 -0.019
S        0.051  0.233  0.030  0.046 -0.009  0.000  0.025  0.088  0.034 -0.030  0.080  0.071  0.081  0.036  0.025  0.049  0.007  0.074 -0.006 -0.024  0.064
T        0.075 -0.008  0.045 -0.045  0.030  0.000 -0.015 -0.032 -0.019 -0.057  0.007 -0.058 -0.010 -0.104 -0.056 -0.004 -0.032 -0.054 -0.092 -0.003  0.043
V        0.028  0.180  0.013 -0.043  0.152  0.000  0.321 -0.079  0.024  0.058 -0.071  0.058  0.009  0.022 -0.085 -0.001 -0.078 -0.157 -0.316  0.067 -0.274
W        0.078  0.160 -0.028  0.055  0.188  0.000 -0.166  0.014 -0.109 -0.105 -0.278 -0.326 -0.038 -0.058 -0.264 -0.030  0.007 -0.271  0.140 -0.131 -0.013
Y       -0.092  0.128 -0.022 -0.011 -0.016  0.000 -0.205  0.100 -0.141  0.017 -0.034 -0.119 -0.064 -0.117 -0.057 -0.014  0.010 -0.035  0.208 -0.098 -0.185
X       -0.079  0.000  0.071  0.011 -0.042  0.000  0.004  0.069  0.021 -0.091  0.000 -0.152  0.089  0.087  0.056 -0.077  0.143  0.031 -0.070  0.000  0.090
