i-1/i     A      C      D      E      F      G      H      I      K      L      M      N      P      Q      R      S      T      V      W      Y      X
A       -0.170 -0.250 -0.299 -0.236 -0.352 -0.102  0.045 -0.209 -0.223 -0.150 -0.176 -0.159  0.000 -0.091 -0.151 -0.238 -0.174 -0.235 -0.524 -0.126 -0.316
C        0.026  0.409  0.416 -0.128  0.711  0.059  0.387  0.418  0.518  0.362 -0.008  0.200  0.000  0.332  0.357  0.155  0.132  0.631 -0.407  0.677  0.774
D       -0.089 -0.176 -0.036 -0.129  0.009 -0.016  0.167 -0.157 -0.079 -0.141  0.142 -0.005  0.000  0.097 -0.046  0.091  0.175 -0.308  0.019  0.037 -0.278
E       -0.230 -0.044 -0.037 -0.222 -0.326 -0.134 -0.197 -0.189 -0.143 -0.242  0.060 -0.078  0.000 -0.018 -0.143 -0.291 -0.138 -0.270 -0.132 -0.191 -0.186
F        0.010 -0.228 -0.041 -0.045 -0.310 -0.044  0.079 -0.285 -0.355 -0.163 -0.142  0.030  0.000 -0.217 -0.249  0.076 -0.001 -0.307  0.000 -0.186 -0.049
G        0.089  0.236  0.109  0.157 -0.091  0.169 -0.040 -0.117  0.026  0.094  0.133  0.151  0.000  0.183  0.005  0.013  0.058 -0.069  0.338  0.082 -0.181
H        0.279 -0.176  0.260  0.323 -0.013  0.201 -0.253 -0.364  0.305  0.380  0.254  0.624  0.000  0.002  0.219  0.197 -0.407  0.122  0.053 -0.247 -1.156
I       -0.112 -0.496 -0.128 -0.195 -0.053  0.052 -0.131 -0.003 -0.046 -0.202  0.001  0.027  0.000 -0.096 -0.359 -0.125 -0.093 -0.120  0.333 -0.160 -0.192
K       -0.293 -0.132 -0.069 -0.102 -0.088  0.043  0.126 -0.207 -0.164 -0.221 -0.128 -0.105  0.000 -0.152 -0.096 -0.154 -0.284 -0.143 -0.062 -0.292 -0.178
L       -0.029 -0.304 -0.222 -0.246 -0.066  0.076  0.022 -0.280 -0.099 -0.019 -0.671 -0.014  0.000 -0.026  0.012 -0.157 -0.297 -0.180 -0.594 -0.282  0.142
M       -0.246 -0.200 -0.031 -0.162 -0.481  0.125 -0.290 -0.390 -0.096  0.196 -0.007 -0.087  0.000  0.017 -0.158  0.144 -0.109 -0.175  0.000 -0.197  0.000
N       -0.202 -0.150 -0.089 -0.168 -0.261 -0.002 -0.150 -0.042 -0.181 -0.175 -0.013  0.016  0.000 -0.134 -0.074  0.076 -0.059  0.043 -0.480 -0.236  0.382
P       -0.377 -0.129 -0.239 -0.150 -0.302 -0.062 -0.439 -0.176 -0.134 -0.408 -0.317 -0.189  0.000 -0.191 -0.271 -0.275 -0.330 -0.385 -0.179 -0.377 -0.468
Q       -0.080 -0.235 -0.088  0.103 -0.269 -0.043  0.494 -0.418  0.256 -0.193 -0.017 -0.267  0.000  0.018 -0.228 -0.060 -0.153 -0.109 -0.009 -0.158 -0.186
R        0.013  0.218 -0.100  0.033 -0.028  0.092 -0.194 -0.060 -0.230 -0.070 -0.153 -0.040  0.000 -0.124 -0.068 -0.141 -0.364 -0.249 -0.225 -0.294  0.063
S       -0.101 -0.353 -0.124 -0.159 -0.188 -0.031 -0.084 -0.125 -0.203 -0.193 -0.098 -0.159  0.000 -0.150 -0.159 -0.147 -0.122 -0.240 -0.330 -0.270 -0.438
T       -0.233 -0.609 -0.114 -0.064 -0.276 -0.006 -0.213 -0.184  0.011 -0.024 -0.189 -0.174  0.000 -0.153  0.059 -0.249 -0.082 -0.128  0.001 -0.039 -0.025
V       -0.296 -0.136 -0.054 -0.238  0.259 -0.053 -0.048  0.020 -0.055 -0.265 -0.105 -0.378  0.000 -0.021 -0.011  0.191 -0.393 -0.034 -0.158  0.510 -0.329
W       -0.403  0.410 -0.084 -0.047 -1.653 -0.070  0.000 -0.123 -0.257 -0.081 -0.493 -0.249  0.000 -0.167 -0.586 -0.196 -0.232 -0.441 -0.887  0.473 -0.095
Y       -0.322 -0.035 -0.217 -0.190  0.143 -0.196 -0.197  0.141 -0.076  0.099 -0.294  0.127  0.000  0.013 -0.114 -0.063 -0.055 -0.089 -0.719 -0.380  0.479
X       -0.193  0.000 -0.187 -0.550 -0.456  0.218  0.131 -0.198  0.068  0.371 -0.058 -0.148  0.000  0.086  0.188 -0.233 -0.208  0.024  0.000 -0.687 -0.382
