i-1/i     A      C      D      E      F      G      H      I      K      L      M      N      P      Q      R      S      T      V      W      Y      X
A        0.583  2.212  1.200  1.003  0.168 -0.792  0.817  0.135  0.139 -0.036  0.066  1.005  0.000  1.245  1.195  0.917  0.883  0.825  0.147  1.774 -1.010
C        3.609  1.536  3.207  3.231  3.117  1.472 -1.573  1.891  3.855  4.004 -0.227  2.254 -9.455  1.393  5.311  3.953  2.161  0.709 10.688  6.008  0.000
D        1.224  0.671  1.160  0.326  0.317  0.343  2.267 -0.392  1.029  0.263  0.420  1.211  3.790  0.914  1.283  0.612  0.578  0.790  3.687  0.695  0.834
E        0.860  2.783  1.724  0.911  0.902 -0.054  0.931  0.925 -0.158  0.666  1.681  1.152 -9.904  0.829  0.579  0.304  0.913  0.376  1.292  1.444  1.884
F       -1.066 -1.609  0.100 -0.469  1.832 -0.047 -2.547 -1.631  0.309 -0.764  0.000  0.748  0.000  0.238 -0.545  0.735  0.693  0.113  2.353 -0.425 -0.673
G        0.490  1.134  1.131  0.805  0.188 -0.200  0.313  1.008  0.810  0.320  0.199  0.995  0.000  1.436  0.444 -0.044  1.153  0.208  1.974  2.032  2.835
H       -1.150  2.295  0.159  0.354  1.607 -0.038  0.179 -0.541  1.445  0.550  0.287  0.882  0.000  0.235  0.061  1.892 -0.025  2.838  0.000 -0.502 -2.051
I        0.274  1.291  0.568 -0.521  0.210 -0.083 -0.930  0.019 -0.096 -0.869 -1.165 -1.151  0.000  1.114  0.410  1.073 -2.547  1.512  3.972  0.360 -2.064
K       -0.771  2.670  1.884  0.312  1.125  0.777  1.363  1.199  0.661 -0.181  1.035  1.270  0.000  0.551  1.171  0.831  1.004  0.972 -0.643 -0.741  2.727
L        0.875  0.247 -0.199  0.012  1.281 -0.539  2.006 -0.712  1.885  0.634  1.259  1.381  2.355  0.804 -0.680  0.364  0.716 -0.435 -0.260  0.414  2.291
M        0.523 -2.660  1.671  0.677  0.119 -1.299 -0.327  1.790  0.403 -0.736  0.368  1.178  0.000  1.948  3.320  0.074 -0.321  0.594 -2.006  0.432  0.000
N       -0.394  2.918  0.675  1.446  1.066  0.133  4.356 -1.169  0.633  0.626  0.015  1.329  2.267  1.301  1.064  0.269  2.293 -0.898  0.741  1.631  1.689
P        0.173 -0.414 -0.122 -0.755 -0.477  0.358  0.685 -0.787 -0.281  0.329 -1.168 -0.580 -2.217 -1.365 -0.832 -0.738 -1.032  0.675 -0.571 -0.151  0.987
Q        0.905  0.263  1.919  0.061  0.980 -0.076  0.200  1.508  0.348 -0.074  2.364  1.650 -8.430  1.087  0.180  0.832  0.280  1.117  3.443  0.372  0.359
R        0.854  3.310  0.735  0.168  0.370  0.594  3.776 -1.213  0.791  0.183 -0.393  1.344  0.000  0.083  0.896  0.225  1.040  0.101 -3.615  0.791 -2.331
S        0.768  0.390  1.426  1.193  1.563 -0.154 -0.223  2.104  1.013  2.264  0.934  0.881  0.000  0.831  0.389  1.016  1.491 -0.942  3.471  0.971 -0.968
T        1.080  3.197  0.793  0.808  1.197  0.166 -0.175  2.629  2.160  1.723 -0.428  0.215  0.000 -0.051  1.866  1.081  0.383 -1.371 -1.307  0.846  1.954
V       -0.325  3.969  0.151  0.695  2.184  0.335  0.107  0.246  0.399 -1.518  1.408 -0.484  2.357  1.485  1.131 -0.184  1.471  0.482  3.641  2.300  0.864
W       -2.274 -0.958  0.131  0.022  0.000 -1.480  0.000  2.193 -0.366  2.466  0.000 -0.398  0.000  0.021  1.239  0.262  0.039 -1.270  0.000 -1.588  0.000
Y       -0.213  4.858  0.653  1.361 -0.451 -0.826 -2.221  2.237  0.068  0.116 -3.631  0.247  0.228  0.814 -0.310  2.148  0.268  1.510 -5.297 -2.414  0.161
X       -2.075  0.000  1.268 -1.053 -1.412  0.468 -2.348 -0.491  0.378  0.000  0.000  1.567  0.000  1.511  1.360  1.032  5.916  1.202  0.539 -0.626 -0.582
