i-1/i     A      C      D      E      F      G      H      I      K      L      M      N      P      Q      R      S      T      V      W      Y      X
A       -2.567 -4.026 -3.072 -2.062 -3.539 -1.266 -1.449 -1.845 -2.276 -3.431 -1.806 -3.351  0.000 -2.182 -2.639 -2.589 -2.590 -1.756 -1.698 -1.513 -4.607
C        3.281  3.132  1.924  3.405 -2.996  1.198 -1.605  2.674  2.172  2.768 -2.547  1.029  0.000 -0.469  0.508  2.053  0.826  4.456 11.544  2.093  0.000
D       -0.029 -2.516 -0.788 -0.200  0.000 -1.356 -2.357 -0.481 -0.436 -0.163  0.566 -0.921  1.680 -0.545 -0.789 -0.625 -1.078 -1.128 -0.072  0.194 -3.077
E       -0.817 -1.360 -1.469 -1.119 -0.158  0.728 -0.960 -0.375 -0.972 -0.840 -0.854 -0.988  0.000 -0.891 -1.449 -1.263 -0.765  0.085 -1.720 -0.590 -0.545
F       -0.813 -1.428 -0.116  0.294 -2.619 -0.774 -2.339  0.493 -0.080 -0.789 -2.374  1.179 -4.389 -0.518 -0.869 -0.531  0.700 -0.953 -0.268 -2.467  0.624
G       -0.221 -0.765  0.305 -0.107 -0.523 -1.425 -0.679 -0.236 -0.875 -1.189  0.240  0.415  0.000 -0.508 -0.800 -0.211 -0.664 -0.702 -0.438 -0.332 -2.027
H       -0.474 -2.722 -0.430  0.177  1.541 -0.782  1.022 -2.054 -0.479 -0.474  1.169 -1.097  0.000 -1.630  0.808 -0.217  0.042  1.554  2.702  0.878  2.349
I        3.530  0.693  1.907  3.057 -1.263  3.035  4.183  1.668  2.460  0.423  0.756  2.519  4.738  3.418  3.766  2.523  1.474  4.430 -2.195  1.674 -1.136
K       -0.696 -1.934 -1.427 -0.388 -0.131  0.277 -0.741  0.916 -0.457 -0.932 -0.383 -0.904  0.000 -0.739 -0.423 -0.691 -0.614 -0.077 -1.270 -1.046  0.354
L       -1.202 -4.350 -1.178 -0.788 -1.698 -0.753 -1.807 -2.615 -1.520 -1.010 -0.382 -1.451  2.443 -0.780  0.006 -1.046 -0.167 -0.723 -1.911 -3.236 -1.904
M       -0.388  1.307  0.263 -0.092 -1.101 -0.335 -0.307 -4.186  0.503 -1.202 -2.352 -0.339  0.000  2.272  0.639  0.571 -1.237  0.788  0.000 -1.812 -0.614
N       -1.275 -3.222 -1.401 -0.480 -0.136 -1.706 -3.503 -0.953 -1.296 -0.043 -1.161 -1.544  0.000 -0.950 -1.493 -1.401 -0.671 -1.633 -0.012 -1.828 -1.877
P       -1.537 -0.214 -2.710 -1.679 -0.606  0.774 -0.972 -0.160 -1.782 -0.823 -1.728 -1.833 -7.223 -1.685 -1.999 -2.017 -1.097 -2.037 -4.943 -1.347 -0.566
Q       -0.391 -1.856 -0.662 -0.770 -1.727 -0.024 -1.087 -0.421 -0.229 -0.134 -0.632 -0.912  0.000 -0.049  0.255 -1.024 -1.261 -0.869  1.816 -0.029 -2.535
R       -0.068 -1.213 -1.792 -2.023 -1.921  0.266  0.638  0.855 -0.144 -0.504 -1.023  0.073  0.000 -0.118  0.227 -0.642 -0.991 -0.572  0.657 -1.139  0.410
S        1.115  0.865  0.777  0.927  0.079  1.136  2.196  0.554  0.864  0.810  1.794  0.616 -8.449  1.000  0.905  1.225  0.631  1.122 -1.085  0.971  1.464
T        1.707  0.104  0.680  1.255  2.826  0.964 -0.225  1.040  0.361  1.218 -0.268  1.678  2.007  0.497  0.511  0.960  1.041  1.369  1.579  2.442  0.444
V        2.134 -0.583  1.916  2.590  1.281  3.434  1.829  0.280  1.856  1.741 -0.688  1.531  2.801  1.732  2.249  1.532  2.582  1.902  1.825  3.203  6.346
W       -0.519  2.615 -0.211  0.211  0.667  0.295 -0.461 -1.137  1.543 -0.402 -1.390  1.851  6.852 -0.348 -0.809  1.088  1.838  0.704  2.138 -3.380  3.019
Y       -0.519  0.252  0.488  0.494 -1.731 -0.511 -0.014 -3.310  1.262 -0.897 -6.570  1.641  0.000  0.695  0.383  0.665 -0.073  0.092 -3.805  0.711 -0.930
X       -0.384  0.000  1.058  1.087  1.644  0.056 -0.212  0.000 -0.241  1.359  0.000  2.053  0.000  1.606  3.909  2.737  1.772  0.000  0.000  0.000 -5.939
