i-1/i     A      C      D      E      F      G      H      I      K      L      M      N      P      Q      R      S      T      V      W      Y      X
A       -0.401  0.000  0.000 -0.430  0.000  0.000  0.000 -1.384  0.000 -0.786  0.915  0.000  0.783 -0.202  1.313  0.550 -0.152  0.217  0.000  0.777  0.000
C        0.000  0.000  0.000  1.030  0.000  0.000  0.000  0.000  0.000  0.000  0.000  0.000  0.000  0.000  0.000  0.000  0.000  0.000  0.000  0.000  0.000
D        0.821  0.000  1.256  0.219  1.469  0.000  0.000  0.282  0.000  1.081  1.274  0.450 -0.261 -1.831  0.000  0.388  0.779  0.726  0.000  0.000  0.716
E        0.000  0.000  0.000  1.173  0.572  0.000  0.000  1.188  0.487 -0.103  0.000  0.000  0.067  0.973 -0.624 -0.089  0.627  0.075  0.000  0.000  0.000
F        0.000  0.000  0.000 -0.651 -0.301  0.000  0.000  0.217  0.000  0.000  0.000  0.000  0.000  0.000  0.000  0.000 -0.087  0.899  0.000  0.492  0.000
G        0.000  0.000  0.000  0.000  0.000  0.000  0.000  0.000  0.000  0.815 -0.114  0.000  0.465  0.000  0.000  0.000  0.000 -0.264  0.000  0.000  0.000
H        0.000  0.000  0.000 -0.444  0.000  0.000  0.000  0.000  0.000  0.626  0.000  0.000  0.161  0.000  0.000  0.000  0.000  0.000  0.000  0.000  0.000
I        0.000  0.000  1.173 -0.582  0.000  0.000  0.000 -0.034  0.033 -1.009  0.000  1.098  0.177  0.895 -0.416  0.241  0.376  0.870  0.000  0.000  0.000
K        0.250  0.000  0.000 -0.017  0.000  0.000  0.000  0.468  1.178  1.281  0.000  0.000  0.085  0.000  1.388  0.444 -0.051 -0.067  0.000  0.000  0.000
L        0.000  0.000  0.000  0.000  0.000  0.000  0.000 -0.469  0.573  0.730  0.000  0.524  0.118  0.852  0.623 -0.368  0.267 -0.033  0.000 -0.568  0.000
M        0.000  0.000  0.000  0.000  0.000  0.000  0.000  0.000  0.000  0.000  0.000  0.000  0.043 -0.827  0.000  0.544 -0.200  0.000  0.000  0.000  0.000
N        0.000  0.000  0.000  0.126  0.000  0.000  0.000  0.000  1.315  0.000  0.000  0.000  0.628  0.000  0.000 -0.305  0.000  0.000  0.000  0.000  0.000
P       -1.456  0.000  0.356 -0.807 -0.793  0.000 -0.139  0.412 -0.700 -1.484  0.177  0.393  0.000 -1.031 -1.214 -1.135 -0.790 -0.098  0.000  0.000 -0.285
Q        0.000  0.000 -0.492  0.000  0.000  0.000  0.000  0.000 -0.099 -0.116  0.000  0.204  0.104  0.000  0.000  0.000 -0.012  0.000  0.000 -0.494 -1.729
R       -0.283  0.000  0.000  0.000  0.000  0.000  0.000 -0.163  0.640  1.490  0.000  0.000 -0.126  0.000  0.000 -0.035  0.000 -0.012  0.000  0.239  0.000
S        0.789  0.000  0.430 -1.469  1.221  0.000  0.000  0.198 -0.107  1.145 -1.144  0.000  0.339  0.000  0.272 -0.498  0.000 -0.235 -0.163  0.000 -0.190
T       -0.061  0.000  0.000  0.000 -0.177  0.000  0.000 -0.104  0.000  1.492 -1.293  0.000  0.660  0.781 -0.617  0.002  1.018  0.192  0.000  0.104  0.000
V        0.000  0.000 -0.498  0.298 -0.592  0.000  0.000 -0.093  0.066  1.135 -0.185  0.000  0.540  0.699  0.982  0.172 -0.060  1.404  0.000  0.000  0.000
W        0.000  0.000  0.000  1.304  0.000  0.000  0.000  0.000  0.000  0.000  0.000  0.000  0.392  0.000  0.000  0.000  0.000  0.000  0.000  0.000  0.000
Y        0.000  0.000  0.000  0.000  0.000  0.000  0.000  0.000  0.000  0.000  0.000  0.000  0.000  0.000  0.125  0.000  0.000  0.968  0.000  0.000  0.000
X        0.000  0.000  0.000  0.000  0.000  0.000  0.686  0.000  0.000  0.000  0.000  0.000  0.290  0.000  0.000  0.000  0.000  0.200  0.000  0.000  0.000
