i-1/i     A      C      D      E      F      G      H      I      K      L      M      N      P      Q      R      S      T      V      W      Y      X
A       -0.611  0.000  0.713 -0.168  0.000  0.000  0.000  0.000  0.773  0.000  0.000  0.000 -0.145  0.000  0.000 -0.081 -0.648 -0.526  0.000  0.000  0.000
C        0.000  0.000  0.000  0.000  0.000  0.000  0.000  0.000  0.000  0.000  0.000  0.000  0.000  0.000  0.000  0.000  0.000  0.000  0.000  0.000  0.000
D        0.000  0.000  0.539  0.000  0.000  0.000  0.000  0.357 -0.410  0.000  0.000  0.000 -0.554 -0.933  0.000  0.393  0.000  0.000  0.000  0.000  0.000
E       -0.992 -0.208 -0.450 -0.251 -1.360  0.000 -1.119 -0.419  0.460 -0.306  0.000  0.150  0.066  0.000  0.000 -1.263  0.000  0.233 -0.626 -0.358  0.000
F        0.000  0.000  0.457 -0.099 -0.871  0.000  0.000  0.000  0.000  0.000  0.000  0.000  0.444  0.000  0.000  0.545 -0.155  0.118  0.000  0.000  0.000
G        0.000  0.000  0.000  0.000  0.000  0.000  0.000  0.000  0.000  0.019  0.000  0.000 -0.237  0.000  0.077  0.000 -0.209  0.000  0.000  0.000  0.000
H        0.000  0.000  0.000  0.000  0.000  0.000  0.000  0.000  0.000  0.000  0.000  0.000  0.000  0.000  0.000  0.000  0.000  0.000  0.000  0.000 -1.729
I       -0.353  0.000  0.673  0.245 -1.270  0.000  0.000 -0.271  1.395 -0.395  0.000  0.000  0.119  0.000 -0.635  0.101  0.702 -0.250  0.000  0.000 -0.609
K        0.000  0.000 -0.020 -1.021  0.000  0.000  0.000 -0.123  0.097 -0.091  0.000  0.358  0.259 -1.662 -1.284 -0.504  0.000  0.394  0.000  0.000  0.000
L       -0.748  0.000 -0.496 -0.466  0.000  0.000  0.402 -0.572  0.000 -0.369  0.000  0.000 -0.195 -0.627  0.127  0.252  0.726  0.329  0.000  0.000  0.000
M       -0.374  0.000  0.181  0.000  0.000  0.000  0.000  0.000  0.000  0.000  0.000  0.000  0.024  0.000  0.000 -1.019 -1.058 -0.136  0.000  0.000  0.000
N        0.000  0.000  1.007  0.000  0.000  0.000  0.000  0.000  0.000  0.191  0.000  0.000 -0.116 -0.484  0.000  0.000  0.000 -1.260  0.000  0.000  0.000
P       -0.112  0.000 -0.544 -0.364 -0.072  0.000 -0.337 -0.454 -0.705 -0.672  1.241 -0.878 -0.163 -0.855 -1.405  0.014 -0.809 -0.801 -0.228  0.000 -1.094
Q       -0.266  0.000 -1.068 -1.283  0.000  0.000  0.000 -0.319  0.000 -0.885 -1.515  0.000  0.005  0.000  0.000  0.000  0.014 -0.177  0.000  0.000  0.000
R        0.363  0.000  0.000 -0.478  0.000  0.000  0.000  1.239  0.373 -0.665  0.000  0.000  0.397 -0.879  1.046  0.000 -1.113 -0.702  0.000 -0.985  0.000
S       -1.229  0.000 -1.391 -1.219  0.000  0.000  0.000  0.340 -0.436  0.527 -1.022 -0.094 -0.406  0.000 -1.369 -0.842 -0.445 -0.991  0.000  0.000  0.000
T        0.029  0.000 -0.050  0.000  1.420  0.000  0.000 -0.312 -0.991 -0.889 -1.218  0.119  0.087 -0.335  0.000  0.000 -0.623 -0.392  0.000  0.000  0.000
V       -0.606  0.000 -0.606 -0.626  0.558  0.000  0.000 -0.525  0.123  1.514  0.000 -0.925 -0.199  0.000 -0.311 -0.711 -0.295 -1.132  0.000  0.000 -2.126
W        0.000  0.000  0.000  0.000  0.000  0.000  0.000  0.000  0.000  0.000  0.000  0.000  0.000  0.000  0.000  0.549  0.000  0.000  0.000  0.000  0.000
Y        0.000  0.000  0.000  0.000 -0.348  0.000  0.000  0.000  0.000  0.983  0.000  0.000  0.000  0.781 -1.138  0.000  0.658  0.000  0.000  0.000  0.000
X        0.000  0.000  0.091  0.000  0.000  0.000  0.000  0.000  0.000  0.000  0.000  0.000 -0.353  0.000  0.000 -0.752  0.000  0.000  0.000  0.000  0.000
