i-1/i     A      C      D      E      F      G      H      I      K      L      M      N      P      Q      R      S      T      V      W      Y      X
A        0.000  0.000  0.000  0.786  0.000  0.000  0.000  0.290  0.000 -0.194  0.593  0.000 -0.699  0.525 -0.280  1.281 -0.253  1.145  0.000  0.000  0.000
C        0.000  0.000  0.000  0.275  0.000 -1.239  0.000  0.000  0.000  0.000  0.000  0.000  0.000  0.000  0.000  0.000  0.000  0.000  0.000  0.000  0.000
D        0.464  0.000  0.000  0.717 -0.328  0.000  0.000  0.000 -1.150  0.057  0.697  0.686 -0.145 -0.182  0.000  0.697  0.000  0.450  0.000  0.000  0.726
E        0.593  0.000  0.000  0.319  0.772  0.000  0.000  0.217  0.159 -0.839  0.000  0.000  0.028  0.069  0.513  0.103  0.277 -0.846  0.000  0.000  0.000
F        0.000  0.000  0.000  0.000  0.011  0.000  0.000 -0.203  0.000  0.000  0.000  0.000  0.421 -1.147  0.000  0.000 -1.280  0.000  0.000  0.542  0.000
G        0.000  0.000  0.000  0.000  0.000  0.000  0.000  0.000  0.000  0.874  0.000  0.000  0.328  0.000  0.000  0.000  0.000  0.968  0.000  0.000  0.000
H        0.000  0.000  0.000  0.000  0.000  0.000  0.000  0.000  0.000  0.833  0.000  0.000  0.764  0.000  0.000  0.000  0.000  0.000  0.000  0.000  0.000
I        0.000  0.000  0.000  0.447  0.000 -0.269  0.000  0.139  0.231  0.000  0.000  0.000 -0.378  0.000  0.000 -0.547 -0.242  0.426  0.000  0.000  0.000
K        1.066  0.000  1.156 -0.338  0.000  0.000  0.000 -0.010  0.000  0.818  0.000  0.000 -0.447  0.000 -0.597 -0.548  0.082  0.340  0.000  0.000  0.000
L        0.000  0.000  0.000 -0.388  0.000  0.493  0.000 -0.763 -0.439 -0.264  0.000 -0.965  0.477 -0.913 -0.704 -0.972  0.679  0.214  0.000  0.000  0.000
M       -1.495  0.000  0.000  0.000  0.000  0.000  0.000  0.000  0.000  0.000  0.000  0.000  0.617 -0.683  0.000  0.343  0.502  0.000  0.000  0.000  0.000
N        0.000  0.000  0.000  0.103  0.000  0.000  0.000  0.000  0.998  0.000  0.000  0.000 -1.239  0.000  0.000  0.512  0.000  0.000  0.000  0.000  0.000
P       -1.474  0.000 -0.897  0.000 -0.597 -1.163 -0.252  0.000 -0.299 -1.593 -1.636  0.000  0.000  0.484 -0.805  0.000 -1.513 -1.057  0.000  0.000  0.000
Q        0.000  0.000  0.367  0.000  0.000  0.000  0.000  0.000  0.000  0.245  0.000  0.000 -0.540  0.000  0.000  0.000 -0.763  0.000  0.000  0.000  0.000
R       -0.700  0.000  0.000  0.000  0.000  0.000  0.000  0.715  0.000 -1.209  0.000  0.000  0.980  0.000  0.000  0.358  0.000  0.101  0.000  0.000  0.000
S        0.759  0.000  1.405  0.600  1.646  0.000  0.000  0.755 -0.135  1.063  0.000  0.000 -0.292  0.000  0.372  0.426  0.000  0.459  0.210  0.000  0.000
T        0.000  0.000  0.000  0.397  0.245  0.654  0.000  0.380  0.000  1.330  0.537  0.000 -0.917  1.252  0.000  0.000  0.535  0.456  0.000  0.198  0.000
V        0.013  0.000  0.000 -0.314 -0.859  0.000  0.000  0.357 -0.177  0.755  1.356  0.290 -0.399  1.310  0.000  0.000 -0.497 -0.042  0.000  0.000  0.000
W        0.000  0.000  0.000  0.037  0.000  0.000  0.000  0.000  0.000  0.000  0.000  0.000  0.727  0.000  0.000  0.000  0.000  0.000  0.000  0.000  0.000
Y        0.000  0.000  0.000  0.000  0.000  0.000  0.000  0.000  0.000  0.000  0.000  0.000  0.000  0.000  0.000  0.000  0.000  0.000  0.000  0.000  0.000
X        0.000  0.000  0.000  0.000  0.000  0.000  0.000  0.000  0.000  0.000  0.000  0.000  0.000  0.000  0.000  0.000  0.000  0.155  0.000  0.000  0.000
