i-1/i     A      C      D      E      F      G      H      I      K      L      M      N      P      Q      R      S      T      V      W      Y      X
A        0.000  0.000  0.189  0.000  0.000  0.000  0.000  0.000  0.152 -0.054  0.019  0.000  0.180  0.083 -0.046  0.000  0.105  0.275  0.000  0.000  0.000
C        0.000  0.000  0.000  0.000  0.000  0.000  0.000  0.000  0.000  0.000  0.000  0.000  0.000  0.000  0.000  0.000  0.000  0.236  0.000  0.000  0.000
D        0.270  0.000  0.000  0.280  0.111  0.000  0.000 -0.114  0.236 -0.042  0.000  0.000  0.000 -0.121  0.000  0.000 -0.285 -0.227  0.000  0.000  0.000
E        0.000  0.000  0.000  0.000  0.000  0.000  0.000  0.097  0.341  0.236 -0.137  0.000 -0.056  0.072  0.000  0.000  0.000 -0.045 -0.252 -0.265  0.000
F        0.000  0.000  0.000  0.000  0.089  0.000  0.000  0.000  0.115  0.000  0.000  0.000  0.000  0.000  0.000  0.000  0.000  0.057  0.000  0.000  0.000
G        0.000  0.000  0.000  0.000  0.000  0.000  0.000  0.000  0.000  0.000  0.000  0.000  0.000  0.000  0.000  0.000  0.371  0.000  0.000  0.000  0.000
H        0.000  0.000  0.000  0.000  0.000  0.000  0.000  0.000 -0.187 -0.295  0.000  0.000  0.000  0.000  0.000  0.000 -0.037  0.000  0.000  0.000  0.000
I        0.000  0.000  0.292  0.000  0.000  0.000  0.000 -0.038  0.037  0.091  0.000  0.000  0.000  0.000  0.203 -0.137  0.077  0.024  0.000  0.000  0.358
K       -0.099  0.000  0.000  0.115 -0.352  0.000  0.000 -0.256  0.351 -0.004  0.000  0.000  0.156  0.000  0.138  0.000  0.325  0.344  0.000  0.000  0.000
L        0.190  0.000  0.000  0.159  0.000  0.000  0.000  0.149  0.148  0.056  0.000  0.000  0.256  0.328  0.120  0.000  0.000  0.390  0.000 -0.004  0.000
M        0.000  0.000  0.000  0.000  0.000  0.000  0.000  0.000  0.000  0.000  0.000  0.000  0.000  0.039  0.000  0.010  0.000  0.000  0.000  0.153  0.000
N        0.000  0.000  0.000  0.000  0.000  0.000  0.000  0.040  0.000 -0.251  0.000  0.000 -0.174  0.000  0.027  0.000  0.000  0.000  0.000  0.000  0.000
P        0.015  0.000  0.006 -0.116  0.278  0.000  0.101  0.024  0.117 -0.002  0.000 -0.094  0.117  0.006 -0.069  0.096 -0.120 -0.182  0.132  0.014  0.000
Q        0.000  0.000  0.000 -0.067  0.000  0.000 -0.005  0.000  0.000 -0.018  0.250  0.000  0.101  0.000  0.000  0.000  0.000  0.000  0.000  0.000  0.000
R        0.000  0.000  0.000  0.000 -0.179  0.000  0.000  0.274 -0.192  0.297  0.000  0.000  0.120  0.000  0.000  0.000 -0.087  0.287  0.000  0.000  0.000
S        0.129  0.000  0.000 -0.159 -0.120  0.000  0.000  0.171 -0.076 -0.141  0.167  0.000  0.063  0.000 -0.132  0.000 -0.332 -0.052  0.000  0.000  0.000
T        0.000  0.000  0.000 -0.067  0.328  0.000  0.000  0.000 -0.252 -0.171  0.399  0.000  0.106 -0.003  0.000  0.000  0.000  0.034  0.000  0.000 -0.056
V       -0.071  0.000  0.000  0.134  0.340  0.000  0.000  0.301  0.097  0.144  0.000  0.000  0.057  0.000  0.059  0.053 -0.088  0.106  0.000  0.000  0.367
W        0.000  0.000  0.000  0.000  0.000  0.000  0.000  0.106  0.000  0.000  0.000  0.000  0.000  0.000  0.000  0.034  0.000  0.000  0.000  0.000  0.000
Y        0.000  0.000  0.000  0.000  0.000  0.000  0.000 -0.307  0.000  0.000  0.000  0.000  0.000  0.000  0.000  0.000  0.000  0.000  0.000  0.000  0.000
X        0.000  0.000  0.000  0.000  0.000  0.000  0.000  0.000  0.000  0.000  0.000  0.000  0.000  0.000 -0.066  0.000  0.000  0.119  0.000  0.000  0.000
