i-1/i     A      C      D      E      F      G      H      I      K      L      M      N      P      Q      R      S      T      V      W      Y      X
A        0.000  0.000  0.000 -0.313  0.000  0.000  0.000 -0.147  0.000  0.000  0.266  0.000 -0.034 -0.222  0.000 -0.096 -0.333 -0.094  0.000  0.239  0.000
C        0.000  0.000  0.000  0.000  0.000  0.000  0.000  0.000  0.000  0.000  0.000  0.000  0.000  0.000  0.000  0.000  0.000  0.000  0.000  0.000  0.000
D        0.202  0.000 -0.187 -0.285  0.017  0.000  0.000 -0.048  0.360 -0.074  0.236 -0.185 -0.025  0.000  0.000 -0.176  0.028  0.151  0.000  0.000 -0.007
E        0.000  0.000  0.000  0.232  0.095  0.000  0.000  0.288 -0.053 -0.174  0.000  0.000 -0.028 -0.180 -0.018 -0.040  0.000 -0.099  0.000  0.000  0.000
F        0.000  0.000  0.000 -0.163 -0.345  0.000  0.000  0.000  0.000  0.000  0.000  0.000  0.000 -0.252  0.000  0.000  0.222  0.205  0.000  0.221  0.000
G        0.000  0.000  0.000  0.000  0.000  0.000  0.000  0.000  0.000  0.167 -0.078  0.000  0.083 -0.057  0.000  0.000  0.000  0.000  0.000  0.000  0.000
H        0.000  0.000  0.000 -0.190  0.000  0.000  0.000  0.000  0.000 -0.029  0.000  0.000 -0.077  0.000  0.000  0.000  0.000  0.000  0.000  0.000  0.000
I        0.000  0.000  0.082 -0.297  0.000  0.000  0.000  0.151  0.069 -0.119  0.000  0.000  0.027  0.050 -0.066  0.129  0.094  0.046  0.000  0.000  0.000
K        0.105  0.000  0.060 -0.124  0.000  0.000  0.000 -0.028  0.081  0.196  0.000  0.000 -0.001  0.000  0.179 -0.014 -0.256 -0.065  0.000  0.000  0.000
L        0.000  0.000  0.000  0.369  0.000  0.000  0.000 -0.063  0.132  0.028  0.000 -0.003 -0.019  0.038 -0.290  0.165  0.073 -0.008  0.000  0.000  0.000
M        0.368  0.000  0.000  0.000  0.000  0.000  0.000  0.000  0.000  0.000  0.000  0.000  0.192 -0.026  0.000  0.163 -0.011  0.000  0.000  0.000  0.000
N        0.000  0.000  0.000 -0.123  0.000  0.000  0.000  0.000  0.091  0.000  0.000  0.000 -0.161  0.000  0.000 -0.183  0.280  0.000  0.000  0.000  0.000
P        0.023  0.000  0.211  0.161 -0.060  0.000 -0.037  0.172  0.111 -0.066 -0.360  0.116  0.163  0.122 -0.045  0.161 -0.133  0.159  0.000 -0.031  0.054
Q        0.000  0.000 -0.040  0.000  0.000  0.000  0.000  0.000  0.000 -0.041  0.000 -0.043 -0.096  0.000  0.000  0.000  0.196  0.000  0.000  0.000  0.284
R        0.000  0.000  0.000  0.000  0.000  0.000  0.000 -0.068  0.000  0.116  0.000  0.000 -0.041  0.000  0.088 -0.073  0.000 -0.005  0.000 -0.008  0.000
S        0.293  0.000 -0.063 -0.010 -0.304  0.000  0.000  0.243 -0.412 -0.078 -0.240  0.000  0.028  0.000  0.115  0.040  0.000 -0.111 -0.023  0.000  0.000
T        0.271  0.000  0.000  0.000  0.367  0.000  0.000 -0.130  0.000  0.049  0.087  0.000  0.149  0.311  0.108  0.049  0.379  0.161  0.000  0.129  0.000
V        0.053  0.000  0.000  0.069  0.019  0.000  0.000 -0.008  0.231  0.197  0.143  0.145  0.075  0.339  0.194 -0.134 -0.127  0.091  0.000  0.000  0.000
W       -0.036  0.000  0.000  0.035  0.000  0.000  0.000  0.000  0.000  0.000  0.000  0.000 -0.043  0.000  0.000  0.000  0.000  0.000  0.000  0.000  0.000
Y        0.000  0.000  0.000 -0.282  0.000  0.000  0.000  0.000  0.000  0.000  0.000  0.000  0.000  0.000  0.071  0.000  0.000  0.000  0.000  0.000  0.000
X        0.000  0.000  0.000  0.000  0.000  0.000 -0.005  0.105  0.000  0.000  0.000  0.000  0.049  0.000  0.000  0.000  0.000  0.086  0.000  0.000  0.000
