i-1/i     A      C      D      E      F      G      H      I      K      L      M      N      P      Q      R      S      T      V      W      Y      X
A        0.000  0.000 -0.045  0.000  0.000  0.000  0.000  0.000  0.120  0.000  0.000  0.000 -0.012  0.000  0.151 -0.159 -0.274  0.018  0.000  0.000  0.000
C        0.000  0.000  0.000  0.000  0.000  0.000  0.000  0.000  0.000  0.000  0.000  0.000  0.000  0.000  0.000  0.000  0.000  0.000  0.000  0.000  0.000
D        0.000  0.000 -0.078  0.000  0.000  0.000  0.000  0.120  0.028  0.000  0.000  0.000  0.000 -0.243  0.000 -0.185  0.000  0.000  0.000  0.000  0.000
E       -0.291 -0.345 -0.207 -0.367 -0.220  0.000  0.000  0.000 -0.192 -0.135  0.000 -0.073  0.093  0.000  0.000  0.000  0.000  0.041 -0.272 -0.203  0.000
F        0.000  0.000 -0.124  0.322 -0.171  0.000  0.000  0.000  0.000  0.000  0.000  0.000  0.033  0.000  0.000  0.026  0.000  0.151  0.000  0.000  0.000
G        0.000  0.359  0.000  0.000  0.000  0.000  0.000  0.000  0.000  0.043  0.000  0.000  0.040  0.000 -0.357  0.000 -0.186  0.000  0.000  0.000  0.000
H        0.000  0.000  0.000  0.000  0.000  0.000  0.000  0.000  0.000  0.000  0.000  0.000 -0.215  0.000  0.000  0.000  0.000  0.000  0.000  0.000  0.367
I       -0.357  0.000  0.112 -0.053  0.000  0.000  0.000  0.244  0.183 -0.195  0.000  0.000  0.075  0.000 -0.042 -0.123  0.085  0.389  0.000  0.000  0.000
K        0.000  0.000  0.153 -0.118  0.000  0.000  0.000 -0.272 -0.093  0.038  0.000 -0.009 -0.061  0.000  0.000  0.042  0.000  0.078  0.000  0.000  0.000
L        0.000  0.000 -0.171  0.033  0.000  0.000 -0.169 -0.146  0.000  0.199  0.000  0.000  0.086  0.001  0.093 -0.045  0.219  0.124  0.000  0.000  0.000
M        0.104  0.000  0.116  0.000  0.000  0.000  0.000  0.000  0.000  0.000  0.000  0.000  0.054  0.000  0.000 -0.182 -0.018  0.014  0.000  0.000  0.000
N        0.000  0.000  0.015  0.000  0.000  0.000  0.000  0.119  0.000 -0.064  0.000  0.000 -0.026 -0.181  0.000  0.000  0.391  0.000  0.000  0.000  0.000
P        0.157  0.000  0.046 -0.156 -0.305  0.000  0.097 -0.021 -0.189 -0.103  0.000 -0.234 -0.049 -0.263 -0.204 -0.107 -0.119 -0.228 -0.297  0.000 -0.032
Q       -0.272  0.000  0.000 -0.071 -0.045  0.000  0.000  0.114  0.000 -0.253  0.250  0.000  0.110  0.000  0.000  0.000 -0.168 -0.370  0.000  0.000  0.000
R        0.447  0.000  0.000 -0.160  0.000  0.000  0.000  0.068 -0.179 -0.164  0.000  0.000  0.006 -0.089 -0.068 -0.072 -0.032 -0.197  0.000  0.018  0.000
S       -0.174  0.000 -0.033 -0.274  0.000  0.000  0.000  0.025 -0.090  0.032  0.001  0.040  0.089  0.000 -0.031  0.123  0.000  0.000  0.000  0.000  0.000
T        0.130  0.000 -0.150  0.000  0.090  0.000  0.000 -0.240 -0.298 -0.094 -0.001  0.000 -0.050  0.292  0.000  0.000 -0.164 -0.128  0.000  0.000  0.000
V        0.219  0.000  0.203  0.195  0.153  0.000  0.000  0.087  0.116 -0.209  0.000 -0.220 -0.004  0.000 -0.024  0.130  0.182 -0.203  0.000  0.026  0.023
W        0.000  0.000  0.000  0.000  0.000  0.000  0.000  0.000  0.000  0.000  0.000  0.000  0.000  0.000  0.000  0.074  0.000  0.000  0.000  0.000  0.000
Y        0.272  0.000  0.000  0.000  0.307  0.000  0.000  0.000  0.000  0.092  0.000  0.000 -0.206  0.000  0.309  0.000 -0.063  0.000  0.000  0.000  0.000
X        0.000  0.000 -0.074  0.000  0.000  0.000  0.000  0.000  0.000  0.000  0.000  0.000  0.158  0.066  0.000 -0.203  0.000  0.000  0.000  0.000  0.000
