i-1/i     A      C      D      E      F      G      H      I      K      L      M      N      P      Q      R      S      T      V      W      Y      X
A       -0.282  0.000  0.074  0.000  0.000  0.000  0.000  0.000  0.050  0.194  0.000  0.000  0.000  0.072  0.000 -0.205  0.000 -0.009  0.000  0.000  0.000
C        0.000  0.000  0.000  0.000  0.000  0.000  0.000  0.000  0.000  0.000  0.000  0.000  0.000  0.000  0.000  0.000  0.000  0.000  0.000  0.000  0.000
D        0.138  0.000  0.000  0.000  0.000  0.000  0.000 -0.112  0.000  0.000  0.000  0.000  0.000  0.000  0.000  0.000  0.000  0.000  0.000  0.000  0.000
E        0.000  0.000 -0.087  0.000  0.000  0.000  0.000  0.000 -0.145  0.000  0.000 -0.219  0.000  0.000  0.000 -0.158 -0.175 -0.307  0.000  0.000  0.081
F        0.000  0.000  0.271  0.000  0.178  0.000  0.000  0.000 -0.050  0.000  0.000  0.000  0.000  0.000  0.039  0.096  0.048  0.183  0.000  0.000  0.000
G       -0.139  0.000  0.000  0.160  0.000  0.000  0.000  0.009  0.000  0.331  0.000  0.000  0.000  0.000  0.000  0.000  0.000  0.000  0.000  0.000  0.000
H        0.000  0.000  0.000  0.000  0.000  0.000  0.000  0.000  0.000  0.000  0.000  0.000  0.000  0.000  0.000  0.000  0.000  0.000  0.000  0.000  0.000
I        0.000  0.000  0.040  0.218  0.000  0.559  0.000  0.335  0.140  0.287  0.000 -0.119  0.000  0.000  0.501  0.027  0.000 -0.214  0.000  0.143  0.000
K        0.032  0.000  0.051  0.433  0.009  0.000  0.000  0.009  0.048  0.226  0.000  0.000  0.000  0.000  0.196 -0.048 -0.397  0.112  0.000  0.000  0.000
L        0.438  0.000  0.152  0.299  0.000  0.000 -0.218 -0.047  0.338  0.104  0.000  0.000  0.000 -0.003  0.000  0.019 -0.149  0.107  0.000  0.000  0.000
M        0.371  0.000  0.000 -0.094  0.000  0.000  0.000  0.000  0.000  0.000  0.000  0.000  0.000  0.303  0.000 -0.007 -0.012  0.000  0.000  0.000  0.000
N        0.000  0.000  0.000  0.000  0.000  0.000  0.000  0.000  0.000  0.000  0.000  0.000  0.000  0.000  0.000  0.000  0.000  0.000  0.000  0.000  0.000
P        0.320  0.000  0.000 -0.151  0.000  0.000  0.000 -0.156 -0.379  0.020  0.000  0.236  0.000  0.282  0.416  0.221  0.085  0.028  0.000  0.000  0.000
Q        0.000  0.000 -0.032 -0.279  0.000  0.000  0.000  0.000  0.000  0.126  0.107 -0.419  0.000  0.000  0.000  0.000  0.135  0.000  0.000  0.000  0.000
R       -0.056  0.000  0.000  0.000  0.000  0.000  0.000  0.000  0.253  0.340  0.000  0.000  0.000  0.000  0.000  0.353  0.000  0.000  0.000  0.000  0.000
S        0.000  0.000  0.000  0.008  0.000  0.000  0.000  0.152  0.000  0.000 -0.124  0.000  0.000  0.000  0.000  0.083  0.000  0.090 -0.260  0.000 -0.199
T        0.046  0.000 -0.116  0.000  0.000 -0.057  0.370  0.108  0.415 -0.181  0.000  0.000  0.000  0.000 -0.053  0.235  0.000  0.173  0.000  0.000  0.000
V        0.388  0.000 -0.332  0.030  0.500  0.000  0.000 -0.389  0.016 -0.002  0.000  0.000  0.000  0.000  0.135 -0.104  0.000  0.307  0.000  0.000  0.212
W        0.000  0.000  0.000  0.143  0.000  0.000  0.000  0.000  0.000  0.000  0.000  0.000  0.000  0.000  0.000  0.000  0.000  0.000  0.000  0.000  0.000
Y        0.000  0.000  0.000 -0.161  0.000  0.000  0.000  0.000  0.000 -0.070  0.080  0.000  0.000  0.000  0.000  0.000  0.000  0.000  0.000  0.000  0.000
X        0.000  0.000  0.115  0.000  0.000  0.000  0.000  0.000  0.248  0.000  0.000  0.000  0.000  0.000  0.000  0.000 -0.369  0.182  0.000  0.000  0.000
