i-1/i     A      C      D      E      F      G      H      I      K      L      M      N      P      Q      R      S      T      V      W      Y      X
A       -0.108  0.000  0.000 -0.177  0.000  0.000  0.000 -0.068  0.000  0.359 -0.069  0.000  0.000  0.414 -0.115 -0.184 -0.150  0.387  0.000 -0.265  0.000
C        0.000  0.000  0.000  0.181  0.000 -0.155  0.000  0.000  0.000  0.000  0.000  0.000  0.000  0.000  0.000  0.000  0.000  0.000  0.000  0.000  0.000
D       -0.173  0.000  0.000 -0.001  0.000  0.000  0.000  0.130 -0.005  0.172 -0.104  0.591  0.000  0.000  0.000  0.105 -0.315  0.451  0.000  0.000  0.461
E        0.000  0.000  0.000  0.000  0.327  0.000  0.000  0.316  0.057  0.061  0.000  0.000  0.000  0.000 -0.056  0.284  0.000 -0.129  0.000  0.000  0.000
F        0.000  0.000  0.000 -0.247 -0.332  0.000  0.000 -0.142  0.000  0.000  0.000  0.000  0.000  0.000  0.000  0.000  0.106  0.420  0.000  0.370  0.000
G        0.000  0.000  0.000  0.000  0.000  0.000  0.000  0.000  0.000 -0.344 -0.131  0.000  0.000  0.026  0.000  0.000  0.000  0.425  0.000  0.000  0.517
H        0.000  0.000  0.000 -0.193  0.000  0.000  0.000  0.000  0.000  0.262  0.000  0.000  0.000  0.000  0.000  0.000  0.000  0.000  0.000  0.000  0.000
I        0.000  0.000 -0.181 -0.001  0.000  0.043  0.000  0.131 -0.078  0.179  0.000 -0.261  0.000  0.000 -0.104  0.276 -0.214 -0.101  0.000  0.000  0.000
K       -0.498  0.000 -0.072 -0.228  0.000  0.000  0.000  0.033 -0.049  0.521  0.000  0.000  0.000  0.000  0.493 -0.107  0.242 -0.082  0.000  0.000  0.000
L        0.000  0.000  0.000  0.000  0.000  0.375  0.000 -0.014  0.121  0.126  0.000 -0.264  0.000  0.157 -0.145 -0.129 -0.128  0.266  0.000  0.101  0.000
M        0.395  0.000  0.000  0.000  0.000  0.000  0.000  0.000  0.000  0.000  0.000  0.000  0.000 -0.121  0.000  0.000  0.233  0.000  0.000  0.000  0.000
N        0.000  0.000  0.000  0.041  0.000  0.000  0.000  0.000  0.203  0.000  0.000  0.000  0.000  0.000  0.000  0.000  0.000  0.174  0.000  0.000  0.000
P       -0.076  0.000  0.013 -0.054  0.112  0.195  0.332 -0.021 -0.140 -0.109  0.044 -0.561  0.000 -0.360 -0.019  0.083 -0.047 -0.224  0.000  0.490 -0.225
Q        0.000  0.000 -0.289  0.000  0.000  0.000  0.000  0.000  0.229  0.057  0.000 -0.106  0.000  0.000  0.354  0.000 -0.051  0.000  0.000  0.000  0.080
R        0.000  0.000  0.000  0.000  0.000 -0.568  0.000 -0.018  0.000  0.197  0.000  0.000  0.000  0.000  0.115  0.114  0.000 -0.169  0.000  0.262  0.000
S       -0.034  0.000  0.016  0.366  0.370  0.000  0.000  0.000  0.229 -0.014 -0.073  0.000  0.000  0.000  0.084  0.295  0.000  0.003 -0.234  0.000  0.000
T        0.359  0.000  0.000  0.000 -0.313 -0.474  0.000  0.343  0.000  0.245 -0.056  0.000  0.000 -0.002 -0.469 -0.112 -0.210 -0.162  0.000 -0.560  0.000
V        0.195  0.000  0.000 -0.163 -0.446  0.000  0.000 -0.183 -0.198  0.264 -0.151 -0.346  0.000  0.174  0.133  0.176 -0.047  0.008  0.000  0.000  0.000
W        0.199  0.000  0.000  0.000  0.000  0.000  0.000  0.000  0.000  0.000  0.000  0.000  0.000  0.000  0.000  0.000  0.000  0.000  0.000  0.000  0.000
Y        0.000  0.000  0.000  0.000  0.000  0.000  0.000  0.000  0.000  0.000  0.000  0.000  0.000  0.000  0.300  0.000  0.000 -0.082  0.000  0.000  0.000
X        0.000  0.000  0.000  0.000  0.000  0.000  0.000 -0.289  0.000  0.000  0.000  0.000  0.000  0.000  0.000  0.000  0.000  0.125  0.000  0.000  0.000
