i-1/i     A      C      D      E      F      G      H      I      K      L      M      N      P      Q      R      S      T      V      W      Y      X
A       -0.069 -0.257 -0.118 -0.138  0.037 -0.299  0.043 -0.051 -0.099 -0.049 -0.186 -0.230 -0.271 -0.147 -0.196 -0.158 -0.232 -0.011 -0.225  0.073  0.540
C        0.356  0.057  0.130  0.260  0.114  0.594  0.559  0.092  0.452  0.164  0.528 -0.203 -0.369  0.474  0.281  0.436  0.289  0.179  0.165  0.542  0.000
D        0.063 -0.116 -0.064 -0.091 -0.375 -0.156 -0.283 -0.310 -0.211  0.008  0.037  0.039 -0.474 -0.182 -0.243  0.051 -0.040 -0.232 -0.107 -0.413  0.000
E        0.132  0.043  0.080  0.140  0.115  0.258  0.004  0.021  0.070  0.106  0.158  0.137  0.233  0.105  0.035  0.206  0.208 -0.017 -0.517 -0.224 -0.094
F       -0.298 -0.188 -0.124  0.031 -0.144  0.051 -0.077 -0.158 -0.169 -0.281 -0.459 -0.326  0.307 -0.037 -0.220 -0.107 -0.361 -0.378  0.989  0.071 -0.704
G       -0.131 -0.203 -0.132 -0.036 -0.051 -0.228 -0.734 -0.132 -0.193 -0.281 -0.441 -0.301 -0.015 -0.314 -0.207 -0.202  0.230 -0.138 -0.197 -0.321  0.000
H       -0.184 -0.358 -0.202 -0.350  0.025  0.356 -0.042  0.070 -0.310 -0.100 -0.261 -0.169 -0.853 -0.497 -0.180 -0.038 -0.547 -0.080  0.285  0.167  0.000
I        0.144  0.361  0.255  0.306  0.175  0.190  0.171  0.176  0.240  0.092  0.311  0.365  0.293  0.342  0.187  0.024 -0.091  0.093  0.145  0.087 -0.369
K       -0.153  0.088 -0.026 -0.018  0.155  0.132 -0.166 -0.070  0.095 -0.044 -0.009  0.117  0.092 -0.011  0.035 -0.138 -0.016 -0.121 -0.349 -0.032 -0.478
L        0.147  0.346  0.035  0.142 -0.040 -0.103  0.053  0.172  0.193  0.101  0.192  0.017  0.020  0.145  0.094 -0.136  0.044  0.186  0.256  0.121  0.341
M        0.029 -0.333  0.241  0.002 -0.124 -0.153  0.351  0.034  0.218  0.035  0.067  0.138  0.400 -0.008  0.241 -0.198 -0.038  0.228  0.462  0.283  1.072
N       -0.270 -0.458 -0.406 -0.411 -0.295 -0.124 -0.054 -0.028 -0.412 -0.169 -0.277 -0.109 -0.368 -0.316 -0.400 -0.051  0.090 -0.145 -0.527 -0.220 -0.023
P       -1.115  0.000  0.000 -0.982  0.000  0.000  0.000 -1.035 -1.031 -1.060 -1.045  0.000  0.000  0.000 -1.038  0.000 -0.954 -1.025 -1.164 -1.206  0.000
Q        0.051  0.065  0.088  0.097  0.083  0.346 -0.421  0.039 -0.051  0.112 -0.076  0.268  0.088  0.051  0.119  0.074  0.052  0.181 -0.061 -0.108 -0.019
R       -0.022 -0.289 -0.039 -0.028 -0.045 -0.079 -0.117 -0.074  0.094  0.060  0.048  0.012 -0.036 -0.109  0.061  0.250  0.030  0.048  0.030 -0.021 -0.131
S        0.029 -0.417  0.014 -0.017  0.292 -0.082  0.403 -0.014  0.011 -0.076 -0.265  0.139 -0.036  0.005  0.184  0.183  0.230  0.053  0.513  0.054 -0.244
T       -0.129  0.311  0.060 -0.078  0.289 -0.164 -0.202 -0.195 -0.038 -0.047  0.158  0.103 -0.208  0.058  0.153 -0.067  0.297 -0.059 -0.070 -0.101  0.556
V        0.155  0.058  0.174  0.128 -0.111  0.035  0.510  0.161  0.251  0.017  0.159  0.098 -0.091  0.338  0.196 -0.078 -0.143 -0.067 -0.017  0.027 -0.148
W        0.395  0.000 -0.164  0.091 -0.843  0.281 -0.471 -0.423 -0.240  0.180  0.401 -0.033  0.681  0.234  0.192  0.012 -0.188 -0.027 -0.395  0.403  0.000
Y        0.035  0.463 -0.215 -0.065 -0.360 -0.114  0.254 -0.090 -0.445 -0.225 -0.343 -0.238 -0.155 -0.334 -0.160  0.021 -0.249 -0.066 -0.164  0.129  0.000
X       -0.758  0.000 -0.899 -0.684  0.533  0.209 -0.135  0.887 -0.098  0.001 -0.508 -0.381  0.321 -0.004  0.663  0.000  0.512  0.133  0.000 -0.029 -1.071
