i-1/i     A      C      D      E      F      G      H      I      K      L      M      N      P      Q      R      S      T      V      W      Y      X
A        0.020 -0.048  0.004  0.014  0.054  0.000 -0.077 -0.051  0.010 -0.009 -0.005  0.005  0.051  0.016 -0.027 -0.031 -0.011 -0.016 -0.061 -0.026  0.036
C       -0.096 -0.193 -0.038 -0.163 -0.092  0.000 -0.261 -0.152 -0.185 -0.059 -0.028 -0.019  0.089 -0.135 -0.061  0.010 -0.104 -0.087 -0.190 -0.111  0.000
D        0.157  0.127  0.006  0.084  0.071  0.000  0.069  0.087  0.116  0.117  0.048  0.033  0.183  0.114  0.124  0.121  0.097  0.147  0.038  0.158 -0.282
E        0.082 -0.025 -0.004  0.063  0.087  0.000  0.138  0.021  0.122  0.050  0.024  0.020  0.109  0.044  0.138  0.070  0.054  0.109  0.101  0.030 -0.100
F       -0.005 -0.066  0.028 -0.000 -0.210  0.000  0.034  0.026 -0.016  0.041  0.156  0.002 -0.090 -0.050 -0.033 -0.010  0.064  0.009  0.098 -0.116  0.186
G        0.080  0.039  0.007  0.016  0.071  0.000  0.095  0.102  0.096  0.057  0.016  0.043  0.146  0.082  0.108  0.101  0.036  0.180  0.073  0.088  0.015
H        0.029  0.042  0.057  0.045 -0.004  0.000  0.101 -0.021  0.060 -0.113 -0.030  0.065  0.173 -0.007  0.068  0.060  0.069  0.020  0.094  0.047  0.100
I       -0.122 -0.031 -0.066 -0.128 -0.047  0.000 -0.153 -0.100 -0.157 -0.052 -0.010 -0.054 -0.069 -0.104 -0.158 -0.113 -0.145 -0.121  0.115 -0.092  0.230
K        0.025  0.087 -0.002  0.009  0.002  0.000 -0.037  0.046 -0.023 -0.002  0.006 -0.014  0.028 -0.015 -0.013 -0.027 -0.047  0.024 -0.093  0.071 -0.045
L       -0.102 -0.096 -0.044 -0.128 -0.044  0.000 -0.116 -0.054 -0.138 -0.052  0.001 -0.036 -0.091 -0.092 -0.127 -0.126 -0.105 -0.117 -0.029 -0.101 -0.055
M       -0.063 -0.005 -0.003 -0.063  0.009  0.000 -0.111  0.005 -0.057 -0.033 -0.049 -0.059 -0.047 -0.054 -0.104 -0.070 -0.035 -0.023 -0.059  0.010 -0.113
N        0.105  0.183  0.060  0.056  0.112  0.000  0.100  0.002  0.072  0.011 -0.017  0.021  0.015  0.079  0.079  0.044  0.066  0.062 -0.063  0.085  0.036
P        0.115  0.000  0.161  0.161  0.000  0.000  0.000  0.279  0.235  0.203  0.215  0.192  0.000  0.146  0.249  0.210  0.192  0.287  0.000  0.000  0.000
Q        0.077 -0.032 -0.013  0.031  0.133  0.000  0.038  0.015  0.080  0.058  0.077  0.001  0.120  0.051  0.067  0.028  0.033  0.097 -0.006  0.056 -0.018
R       -0.006 -0.019  0.012  0.073 -0.056  0.000  0.013 -0.078 -0.013 -0.036 -0.051  0.007 -0.042 -0.021 -0.013 -0.036 -0.037 -0.049 -0.101  0.002 -0.035
S        0.057 -0.018  0.020  0.043  0.140  0.000  0.071  0.018  0.074  0.047  0.045  0.023  0.147  0.021  0.081  0.043  0.005  0.024 -0.014  0.120  0.030
T        0.006 -0.092  0.016  0.013 -0.024  0.000  0.055 -0.025  0.007  0.035 -0.016 -0.006  0.115  0.039  0.026 -0.021  0.073  0.015 -0.059  0.055 -0.125
V       -0.087 -0.030 -0.073 -0.136 -0.085  0.000 -0.085 -0.085 -0.139 -0.053 -0.054 -0.129 -0.070 -0.073 -0.137 -0.098 -0.113 -0.113  0.028 -0.047  0.000
W       -0.010  0.000 -0.004  0.078  0.040  0.000  0.021  0.053  0.072  0.041 -0.015  0.086  0.039  0.080 -0.048  0.037 -0.027  0.101  0.009  0.132  0.000
Y       -0.031  0.077  0.126 -0.080 -0.048  0.000 -0.005 -0.044  0.006  0.031  0.028 -0.004  0.083  0.025 -0.035 -0.051  0.043 -0.051  0.147  0.014  0.041
X       -0.132  0.000 -0.111 -0.201  0.147  0.000  0.000 -0.074 -0.059 -0.028 -0.048 -0.100 -0.130 -0.124 -0.038 -0.210 -0.174 -0.116  0.000  0.102  0.000
