i-1/i     A      C      D      E      F      G      H      I      K      L      M      N      P      Q      R      S      T      V      W      Y      X
A        0.006 -0.029  0.006  0.008 -0.009  0.000  0.023 -0.051  0.023 -0.013  0.014  0.032  0.008  0.005 -0.015 -0.028 -0.062 -0.022 -0.007 -0.009 -0.053
C       -0.103  0.057  0.078  0.005 -0.129  0.000 -0.065 -0.041  0.023  0.043 -0.230 -0.002  0.000  0.055  0.043  0.078 -0.013 -0.057  0.129 -0.021  0.000
D        0.018  0.005 -0.080 -0.046 -0.331  0.000 -0.072 -0.058 -0.025  0.003 -0.069 -0.025 -0.020 -0.097 -0.005 -0.029 -0.041 -0.059 -0.028 -0.020 -0.140
E        0.035 -0.060 -0.015 -0.019  0.017  0.000 -0.033 -0.034 -0.019 -0.016  0.074 -0.005  0.044 -0.041 -0.030 -0.055 -0.002 -0.036 -0.054  0.036  0.100
F       -0.003 -0.018  0.022  0.045  0.103  0.000 -0.038  0.011 -0.028  0.015  0.026  0.053 -0.027 -0.032  0.041  0.015 -0.003  0.007  0.017  0.116 -0.103
G       -0.030 -0.016 -0.017  0.002  0.087  0.000  0.088 -0.005 -0.034 -0.042 -0.038 -0.027  0.020  0.016 -0.050 -0.026 -0.027  0.004  0.153 -0.025 -0.077
H        0.012  0.014 -0.032  0.005  0.128  0.000 -0.017  0.034 -0.038  0.000  0.060 -0.018  0.025  0.020 -0.057  0.067  0.058  0.101  0.009  0.068  0.000
I       -0.036 -0.020  0.040  0.021 -0.003  0.000  0.119 -0.012 -0.012  0.039  0.056 -0.011 -0.044  0.075 -0.034 -0.036 -0.052 -0.002 -0.054  0.031  0.046
K        0.007 -0.028 -0.029 -0.011 -0.011  0.000 -0.034 -0.011 -0.030 -0.014  0.008 -0.040  0.038  0.003 -0.019 -0.036 -0.007 -0.035 -0.080 -0.035 -0.108
L       -0.014 -0.016  0.008  0.038  0.033  0.000  0.048 -0.058 -0.002  0.002  0.002  0.011 -0.111  0.036 -0.007 -0.006 -0.048 -0.028  0.059  0.018 -0.085
M       -0.018 -0.026  0.066 -0.000 -0.089  0.000 -0.026 -0.015  0.067  0.029 -0.106  0.048 -0.006  0.039 -0.069 -0.029 -0.085  0.019 -0.052  0.025 -0.282
N       -0.027  0.044 -0.070 -0.047  0.091  0.000 -0.009 -0.025 -0.049  0.004  0.094 -0.050 -0.037 -0.070 -0.013 -0.040 -0.069 -0.058 -0.140 -0.148 -0.085
P        0.019  0.000 -0.035 -0.007  0.000  0.000  0.000  0.001  0.049  0.013  0.000 -0.010  0.000  0.072  0.223  0.017  0.000  0.287  0.000  0.000  0.000
Q        0.032  0.001  0.020  0.002  0.116  0.000 -0.044 -0.040  0.016 -0.070  0.063 -0.031  0.048 -0.002  0.001 -0.016 -0.011 -0.073 -0.027  0.035  0.010
R        0.022 -0.056  0.021 -0.018 -0.126  0.000 -0.011 -0.001 -0.017 -0.002  0.058 -0.007  0.029 -0.005  0.010 -0.036  0.005 -0.032 -0.095  0.042  0.022
S        0.011 -0.057 -0.015 -0.015 -0.071  0.000 -0.088 -0.036 -0.002 -0.018  0.061 -0.033  0.080 -0.005 -0.017 -0.014 -0.008 -0.015  0.132 -0.019 -0.157
T        0.018 -0.127  0.015  0.012  0.043  0.000  0.053  0.042 -0.005  0.004 -0.051 -0.000 -0.064  0.015 -0.022 -0.054  0.066  0.019 -0.058 -0.069  0.282
V       -0.013 -0.057  0.034  0.003 -0.031  0.000 -0.112 -0.022  0.043  0.009 -0.046 -0.024 -0.104 -0.033 -0.026 -0.031 -0.047 -0.065  0.120 -0.062 -0.049
W        0.035  0.112  0.067  0.023  0.026  0.000  0.113  0.062 -0.061  0.003 -0.021  0.055  0.154  0.076 -0.033  0.148 -0.132  0.019  0.048  0.021  0.000
Y        0.008  0.154  0.058 -0.065 -0.050  0.000 -0.072  0.038  0.007 -0.013  0.071  0.005 -0.071  0.041 -0.012 -0.045  0.020  0.047  0.095 -0.008  0.042
X       -0.037  0.000  0.043 -0.039  0.172  0.000  0.000  0.067  0.077  0.050  0.000  0.043  0.000  0.034 -0.099  0.040  0.000  0.090  0.000  0.004  0.212
