i-1/i     A      C      D      E      F      G      H      I      K      L      M      N      P      Q      R      S      T      V      W      Y      X
A        0.026  0.157  0.049  0.040  0.084  0.042  0.167  0.030  0.062  0.058  0.040  0.016  0.000  0.023  0.125  0.014  0.053  0.049  0.009  0.012  0.010
C       -0.063  0.276 -0.185  0.020  0.055 -0.010 -0.137  0.121 -0.155 -0.054 -0.026  0.148  0.000 -0.053  0.049  0.155 -0.014 -0.140  0.085 -0.027  0.000
D        0.176  0.083  0.164  0.193 -0.085  0.045  0.232 -0.018  0.108  0.065  0.223  0.105  0.000  0.161  0.066  0.158  0.088  0.042 -0.038  0.102  0.328
E        0.092  0.061  0.179  0.237  0.042  0.093  0.128  0.141  0.134  0.071  0.126  0.114  0.000  0.145  0.113  0.084  0.075  0.065  0.026  0.111 -0.090
F       -0.089 -0.087 -0.156 -0.074 -0.224 -0.158 -0.239 -0.121 -0.100 -0.195 -0.269 -0.009  0.000 -0.074 -0.131 -0.084 -0.087 -0.128  0.045 -0.144 -0.409
G        0.085 -0.062  0.056  0.129  0.105  0.056 -0.062  0.041  0.132 -0.006  0.034 -0.211  0.000  0.047  0.075  0.085 -0.022  0.149  0.303 -0.074  0.000
H       -0.012 -0.060  0.085  0.017 -0.309 -0.086  0.077 -0.032 -0.017 -0.051  0.064  0.014  0.000  0.044 -0.048 -0.044 -0.175  0.056  0.411 -0.029  0.000
I       -0.187 -0.051 -0.215 -0.251 -0.212 -0.030 -0.151 -0.215 -0.237 -0.230 -0.185 -0.192  0.000 -0.212 -0.229 -0.149 -0.169 -0.218 -0.150 -0.208  0.466
K        0.084  0.167  0.067  0.040  0.221  0.010  0.044  0.072  0.098  0.102  0.080  0.096  0.000  0.049  0.109 -0.016  0.066  0.078  0.116  0.068  0.060
L       -0.110 -0.050 -0.140 -0.195 -0.084 -0.025 -0.129 -0.162 -0.159 -0.117 -0.179 -0.210  0.000 -0.139 -0.154 -0.135 -0.076 -0.206 -0.061 -0.110 -0.173
M       -0.073 -0.119 -0.040 -0.044 -0.012 -0.004 -0.163 -0.067 -0.090 -0.101 -0.066  0.008  0.000 -0.223 -0.099 -0.105 -0.115 -0.104 -0.039  0.056  0.083
N        0.188  0.033  0.202  0.099  0.133  0.220  0.233  0.133  0.058  0.085  0.130  0.125  0.000  0.072  0.181  0.171  0.126  0.262  0.005  0.145 -0.237
P       -0.016  0.000 -0.015  0.249  0.531  0.050  0.000  0.128  0.047 -0.015  0.016  0.378  0.000  0.100  0.237  0.115  0.056  0.109 -0.237  0.552  0.000
Q        0.084  0.134  0.087  0.108  0.196 -0.076 -0.086  0.114  0.085  0.072  0.100  0.127  0.000  0.054  0.090  0.125  0.080  0.126  0.042  0.133 -0.067
R        0.088 -0.012  0.044  0.023  0.109  0.052  0.080  0.019  0.063  0.077  0.162  0.072  0.000  0.083  0.069  0.105  0.075  0.014  0.064  0.152 -0.016
S        0.185  0.059  0.248  0.202  0.160  0.080  0.219  0.158  0.207  0.167  0.131  0.239  0.000  0.166  0.180  0.146  0.208  0.170 -0.025  0.002 -0.273
T        0.079  0.051  0.152  0.236  0.036  0.206  0.093  0.163  0.118  0.131  0.138  0.186  0.000  0.130  0.032  0.068  0.141  0.185 -0.017  0.008 -0.172
V       -0.138 -0.194 -0.247 -0.249 -0.164 -0.041 -0.081 -0.175 -0.244 -0.199 -0.180 -0.178  0.000 -0.106 -0.231 -0.160 -0.105 -0.140 -0.130 -0.171  0.026
W       -0.091 -0.158  0.025 -0.123 -0.165  0.022 -0.126 -0.002 -0.167 -0.019  0.172  0.104  0.000 -0.176 -0.179  0.020  0.022 -0.159 -0.030 -0.029  0.000
Y       -0.118 -0.409  0.081 -0.062 -0.188 -0.244 -0.105 -0.121 -0.157 -0.061 -0.195 -0.017  0.000  0.046 -0.081 -0.015 -0.066 -0.091 -0.181 -0.062  0.021
X       -0.249  0.000 -0.479 -0.045  0.115 -0.087  0.361 -0.134  0.194  0.223  0.058 -0.077  0.000  0.065 -0.115  0.000  0.192  0.079  0.000  0.365 -0.131
