i-1/i     A      C      D      E      F      G      H      I      K      L      M      N      P      Q      R      S      T      V      W      Y      X
A        0.495  0.351  0.420  0.581  0.472  0.470  0.344  0.334  0.474  0.514  0.502  0.780  0.000  0.559  0.514  0.506  0.705  0.469  0.180  0.637 -0.120
C        0.181  0.438  0.379  1.181  0.048  0.873 -0.350 -0.015  0.821  0.413  0.116  2.159  0.000  0.777  0.823 -0.000  1.172  0.558 -0.242  0.596  0.000
D       -0.359  1.872 -0.081 -0.374  0.734 -0.203 -0.059 -0.114 -0.572  0.167  0.105 -0.455  0.000 -0.377 -0.854 -0.204 -0.109 -0.419 -0.401  0.049 -0.046
E       -0.136  0.444 -0.018  0.182  0.566 -0.169 -0.405  0.370  0.131  0.378  0.682  0.151  0.000  0.438 -0.087 -0.023  0.926 -0.072  0.139  0.673 -0.009
F        0.360  0.167 -0.109 -0.023 -0.080 -0.178  0.708  0.290  0.223  0.634  0.246  0.436  0.000  0.357  0.474  0.074 -0.069  0.368  0.367  0.314 -2.305
G        0.323 -0.132  0.519  0.436  0.932  0.192  0.650  0.105  0.703  0.287  1.042  0.593  0.000  0.392  0.438  0.527  0.307  0.149 -0.327  1.000 -0.017
H        0.471  0.898 -0.251 -0.030  1.130  0.974  0.677  0.797 -0.125  1.095  0.855  0.823  0.000 -0.031  0.327  0.350  0.012  0.624  0.654  0.450  0.000
I       -0.419 -1.124 -0.042 -0.479 -0.459 -0.692  0.518 -0.585 -0.488 -0.655 -0.666 -0.714  0.000 -0.653 -0.103 -0.263 -0.605 -0.495 -0.175 -0.591  0.712
K        0.069  0.124  0.114  0.014  0.364  0.123  0.191  0.103 -0.059  0.330 -0.186  0.176  0.000  0.320  0.433  0.055  1.075  0.318  0.113  0.214  1.153
L       -0.189  0.303 -0.217 -0.318 -0.129 -0.181  0.161 -0.331 -0.071 -0.376 -0.663  0.055  4.020 -0.225  0.005 -0.196 -0.460 -0.222 -0.343 -0.481 -0.831
M       -0.075  0.943  0.011 -0.194  1.115 -0.065 -0.128  0.115 -0.135  0.213  0.289  0.473  0.000 -0.396 -0.160  0.199  0.379  0.352  0.778  0.039 -0.768
N        0.172  0.729 -0.382 -0.161  0.680  0.010  0.827  0.665 -0.019  0.485 -0.238  0.176  0.000  0.204  0.200  0.039  1.109  0.349  0.650  0.905 -0.200
P       -2.043  0.000 -1.282 -2.068  0.000  0.155  0.000 -2.384 -2.197 -2.368 -2.224 -2.159  0.000 -1.797 -2.150 -1.062 -1.818 -2.421  0.000  0.000  0.000
Q       -0.156  0.070 -0.017  0.291  0.748  0.418  0.028  0.535  0.101  0.496  0.724  0.109  0.000  0.371  0.206  0.321  1.262  0.356 -0.171  0.625  1.023
R        0.169  0.552  0.157  0.322  0.339 -0.207  0.869  0.197  0.212  0.411  0.756  0.305  0.000  0.345  0.438 -0.092  0.571  0.255  0.219  0.282 -0.314
S        1.130  1.455  1.070  1.384  0.795  1.279  0.215  1.423  1.315  1.200  1.302  1.126  0.000  1.428  1.027  0.863  1.457  1.227  1.582  1.093  1.805
T        1.682  1.847  1.002  1.599  1.851  1.708  0.976  1.743  1.702  1.695  1.819  1.249  0.000  1.208  1.012  1.143  1.140  2.421  1.860  0.990  0.441
V       -0.404 -0.373 -0.388 -0.551 -0.063 -0.085 -0.477  0.003 -0.262 -0.329 -0.327 -0.482  0.000 -0.608 -0.226 -0.551 -0.753 -0.446 -1.200  0.101  0.000
W        0.166  1.928 -0.353 -0.019 -0.455 -0.343 -1.054 -0.005  0.182  0.314  0.838 -0.140  0.000  0.340 -0.310  0.325 -0.502  0.419  0.016 -0.713  0.000
Y        0.249 -0.477 -0.085 -0.034 -0.097  0.200  1.060  0.889  0.301  0.003 -0.370  0.026  0.000  0.367  0.063  0.034  0.376  0.208 -1.079  0.322  0.000
X        1.163  0.000  0.768  1.173  1.400  0.000  0.000  1.034  0.035 -0.041 -0.572 -1.357  0.000  0.461 -0.691 -0.049  0.884  0.905  0.000  0.408  0.201
