i-1/i     A      C      D      E      F      G      H      I      K      L      M      N      P      Q      R      S      T      V      W      Y      X
A        0.295  0.628 -0.030 -0.051  0.181  0.397  0.245  0.157  0.061  0.259  0.681  0.515  0.000  0.119  0.105  0.543  0.572  0.155  0.446 -0.516 -0.212
C        0.257  0.229  1.247  0.952  0.540 -0.167  0.500  0.228  0.824  0.747  1.215  0.961  0.000  0.542  0.569  0.086  1.714  0.171  0.306  0.440  0.000
D        0.132 -0.177  0.516 -0.058 -0.378 -0.076 -0.448 -0.007  0.470 -0.213 -0.409  0.297  0.000  0.611  0.095  0.074  0.012 -0.210 -1.554 -0.238  2.305
E       -0.135  1.459  0.004 -0.268 -0.293  0.255  0.077  0.262  0.440  0.102  0.071  0.384  0.000  0.626  0.584 -0.254 -0.098  0.202 -0.025 -0.093 -0.761
F        0.353 -0.058 -0.005  0.613  0.148  0.859 -0.136  0.376  0.317  0.592  0.454  0.585  0.000  0.678  0.469  0.422  0.082  0.602  0.194 -0.104 -1.297
G       -0.320 -1.055  0.079 -0.050 -0.375  0.009 -0.874  0.102 -0.207 -0.588 -0.636  0.699  0.000  0.094 -0.123 -0.122 -0.635 -0.026  0.035 -0.154 -0.588
H       -0.305  1.063 -0.019  0.286  0.483  0.436  1.164  0.623  0.069  0.215  0.535  0.020  0.000  0.454  0.148  0.010  1.540  0.022  0.633  0.618  0.000
I        0.408  0.688  0.268  1.198  0.843  0.837  0.628  0.464  0.588  1.005  0.538  0.539  0.000  0.490  0.659  0.709  1.383  0.839  0.685  0.626 -0.946
K       -0.128  1.134 -0.051  0.042  0.226  0.138 -0.065  0.015 -0.182  0.148  0.160 -0.010  0.000 -0.339  0.176 -0.166 -0.074  0.040  0.064  0.274  1.077
L        0.601  0.414  0.399  0.762  0.532  0.508  1.032  0.496  0.499  0.688  0.970  0.853  0.000  0.785  0.629  1.033  1.232  0.385  0.148  0.552 -0.960
M        0.622  1.197  0.393  0.470  1.811  0.267  1.585  0.750  0.649  0.742 -0.544  0.429  0.000  0.483  0.737  0.443  1.163  0.425  0.420  0.290 -0.270
N        0.321  0.912  0.145  0.309 -0.124  0.551 -0.399  0.181  0.173  0.278  0.141  0.177  0.000  0.025  0.168  0.104  0.567  0.392  0.350  0.303 -0.593
P       -1.107  0.000 -1.597 -1.468  0.000  0.000  0.000 -2.384  0.432 -1.196  0.000 -2.159  0.000 -1.498 -2.150  0.111  0.000 -0.077  0.000  0.000  0.000
Q        0.053  1.623  0.146  0.392  0.363 -0.356 -0.029  0.264  0.230  0.536  0.566  0.091  0.000  0.018  0.009 -0.325  0.944  0.293  0.489  0.975 -1.454
R       -0.111  0.139  0.156  0.249 -0.046 -0.185  0.102  0.087 -0.142  0.070  0.081 -0.199  0.000 -0.254  0.302 -0.185  0.334 -0.222  0.627  0.492 -2.305
S        0.004 -0.200 -0.186 -0.195  0.298 -0.357  0.218  0.118  0.137 -0.048 -0.258 -0.010  0.000  0.241  0.018  0.089  0.191 -0.344 -0.489  0.182  1.854
T        0.336 -0.832 -0.179 -0.226  0.548 -0.181 -0.057 -0.059  0.014  0.148  0.052 -0.110  0.000 -0.884 -0.356 -0.021  0.230  0.381 -0.056  0.258  1.167
V        0.487  1.213  0.594  0.446  0.744  0.547  1.177  0.267  0.552  0.437  0.596  0.593  0.000  0.921  0.547  0.370  1.491  0.412 -0.148  0.821 -0.250
W        0.707  0.734  0.824  0.137  1.601 -0.660  0.303  0.967  0.224  0.295  1.273 -0.376  0.000  0.173  1.092  0.790  2.452  0.608 -0.406 -0.154  0.000
Y        0.532  0.523  0.366  0.377  0.588  0.673  0.421  0.912  0.373  0.631  0.324  1.429  0.000  0.638  0.697  0.994  0.982  0.510 -0.907  0.144  0.721
X        0.897  0.000  1.065  0.000  2.023  0.593  0.000  1.253  0.015 -1.055  0.000 -1.050  0.000  0.386  1.437  0.264  0.000  0.662  0.000  0.674  0.772
