i-1/i     A      C      D      E      F      G      H      I      K      L      M      N      P      Q      R      S      T      V      W      Y      X
A        0.044  0.525 -0.020  0.142  0.052 -0.445 -0.287  0.218  0.169  0.154 -0.212 -0.081  0.000  0.336 -0.056 -0.118  0.483  0.288 -0.002  0.052 -1.059
C        0.183  0.435 -0.254  0.174  1.124  0.664 -0.459  0.397  0.171  0.494  1.458  0.257  0.000  0.034 -0.159  0.043 -0.687  0.263  1.279  0.283  0.000
D        0.120 -1.696  0.070  0.188 -1.099  0.102 -0.359  0.249  0.265 -0.022  0.094 -0.319  0.000  0.143  0.591 -0.252 -0.218  0.141 -0.547 -0.185 -1.048
E       -0.163 -0.276 -0.198 -0.101 -0.330 -0.191 -0.140  0.238  0.202 -0.080 -0.020 -0.170  0.000  0.111  0.032 -0.220 -0.899 -0.081 -0.250 -0.125 -0.700
F        0.154 -0.839  0.430  0.446  0.112  0.278 -0.309 -0.152  0.305  0.207  0.446  0.150  0.000 -0.070 -0.320  0.390  0.538 -0.231  1.560 -0.097  0.083
G       -0.726 -1.468 -0.710 -0.695 -1.526 -0.710 -2.043 -0.742 -0.058 -0.875 -0.796 -1.414  0.000 -0.928 -0.421 -0.782 -2.139  0.031 -0.732 -1.664  0.000
H       -0.681 -1.251 -0.785 -0.481 -0.297  0.002 -0.305 -0.385 -0.557 -0.732 -1.415 -0.320  0.000 -0.757 -0.703 -0.549 -1.783 -0.527  0.419  0.620  0.000
I        0.507  0.800  0.066  0.278  0.229  0.662  0.137  0.243  0.372  0.378  0.459  0.079  0.000  0.378  0.143  0.803  0.941  0.290  0.001  0.518  0.564
K        0.030 -0.437 -0.290 -0.290  0.162 -0.321 -0.294  0.204 -0.114 -0.000 -0.144 -0.286  0.000 -0.256 -0.155 -0.428 -0.454  0.240 -0.037 -0.247 -1.252
L        0.293  1.003  0.295  0.453  0.922  0.177  0.428  0.506  0.148  0.375  0.645  0.445 -4.806  0.247  0.287  0.496  0.968  0.290  0.921  0.618  1.254
M        0.362  0.278  0.888  0.435  1.060 -0.894  0.092  0.019 -0.077  0.386  0.376  0.296  0.000 -0.351 -0.121  0.523  0.156  0.231 -0.005  0.890 -0.896
N        0.156 -0.527 -0.078 -0.756  0.307  0.341 -0.160 -0.092 -0.109 -0.079 -0.054 -0.158  0.000 -0.140  0.219 -0.188 -0.635  0.389 -0.192  0.183 -1.152
P        0.904  0.000  1.279  0.898 -1.472  0.997  0.000 -0.584  1.261 -0.421  0.951  2.159  0.000  1.679  0.431  1.586  0.543  0.675  1.449  0.920  0.000
Q       -0.224  1.093 -0.311 -0.134 -0.181 -0.249  0.595  0.198 -0.182 -0.077 -0.501  0.264  0.000 -0.122 -0.066 -0.109  0.322 -0.209 -0.400 -0.008 -0.516
R       -0.154 -0.436 -0.322 -0.296 -0.412  0.071  0.231  0.041 -0.110 -0.070 -0.230  0.202  0.000 -0.513  0.362 -0.466 -0.130 -0.144 -0.133 -0.262  1.035
S       -0.191 -0.323 -0.164 -0.656 -0.900 -0.282 -0.340 -0.529 -0.155 -0.418 -0.032  0.347  0.000 -0.380 -0.139 -0.166 -1.529 -0.105 -0.305 -1.251 -0.344
T       -0.639 -0.973 -0.497 -0.137 -0.586 -0.580 -0.021 -0.421 -0.634 -0.524 -1.138 -0.615  0.000 -0.554 -0.578 -0.525 -0.548 -0.017 -1.256 -0.888 -0.851
V        0.212  0.608  0.062  0.028  1.398  0.350  0.802  0.215 -0.227  0.492  0.375  0.252  0.000  0.424 -0.139  0.391  0.895  0.197 -0.408  0.968  1.001
W        0.262  0.934  1.180  0.499  0.025  1.136 -0.011  0.003 -0.022  0.190  0.090  0.809  0.000  0.316  0.161  0.773  0.294  0.492 -0.325  0.823  0.000
Y       -0.234  0.249  0.525  0.210  0.106 -0.024 -0.072  0.322 -0.026  0.071  0.317  0.152  0.000  0.928 -0.022  0.100  0.464 -0.310  0.453  0.105  0.516
X       -1.079  0.000 -0.739  0.451 -0.392  1.339  0.487 -0.985  0.409 -0.532  0.784  0.562  0.000  0.773  0.915  0.000 -0.840 -0.841  0.000  0.210 -0.878
