i-1/i     A      C      D      E      F      G      H      I      K      L      M      N      P      Q      R      S      T      V      W      Y      X
A       -1.192 -2.013 -1.474 -1.072 -1.087 -1.389 -1.359 -1.446 -1.442 -1.379 -1.343 -1.169  0.000 -1.360 -1.278 -1.507 -1.254 -1.458 -1.282 -0.792 -2.305
C       -0.201  0.077  0.424  0.456  0.631  1.878  0.671  0.243  0.639 -0.058  0.427  0.536  0.000  0.010  0.234 -0.562 -0.667  0.274  0.866  0.150  0.000
D        0.542  0.796  0.201  0.699  0.723  1.267  0.780  0.599  0.270  0.662  1.373  0.154  0.000  0.677  0.860  0.638  0.651  0.767  0.616  1.029  1.147
E        0.102  0.024 -0.003  0.149  0.984  0.478 -0.262  0.258 -0.254  0.218  0.365 -0.320  0.000 -0.127 -0.140 -0.149  0.707 -0.011  0.378  0.445 -0.343
F       -0.543  0.013 -0.630 -0.407 -0.994 -0.353 -0.994 -0.190 -0.293 -0.953 -0.661 -0.360  0.000 -0.548 -1.134 -0.167 -0.680 -0.567 -1.836 -1.717  0.731
G        2.043  2.178  1.762  2.061  2.594  1.963  2.433  2.183  2.094  2.241  2.064  2.159  0.000  2.189  1.746  1.645  1.927  1.962  1.162  1.442  2.112
H       -0.089  2.109 -0.190 -0.352 -0.464 -0.896  0.916 -0.131 -0.013 -0.253 -0.632  0.138  0.000 -0.739 -0.361 -0.054 -0.400 -0.441 -0.695 -1.142  0.755
I        0.242 -0.335  0.376  0.085 -0.248  0.287  0.518 -0.201  0.446 -0.391 -0.326  0.373  0.000  0.472  0.362  0.273  0.623  0.211  0.407  0.083 -0.521
K       -0.331  0.726 -0.525 -0.328 -0.201 -0.427 -0.677 -0.241 -0.282 -0.133 -0.035 -0.693  0.000 -0.564 -0.345 -0.288 -0.582 -0.015 -0.213 -0.699 -0.680
L       -0.652 -0.680 -0.605 -0.384 -1.222 -0.709 -0.735 -0.713 -0.375 -0.918 -0.797 -0.439  0.000 -0.422 -0.430 -0.578 -0.240 -0.793 -1.042 -0.839 -1.428
M       -0.047 -0.986  0.101  0.001 -1.112 -0.401  0.276 -0.383 -0.027 -0.180 -0.838 -0.759  0.000  0.405 -0.120 -0.022 -0.941 -0.363 -0.065 -1.228  0.959
N        0.779  1.535  0.435  0.888  1.268  1.413  0.750  0.935  1.173  1.279  1.178  0.862  0.000  0.842  1.364  1.290  0.745  1.230  0.892  1.103  1.309
P       -1.867 -2.536 -1.917 -1.506 -1.822 -1.056 -1.657 -0.884 -1.680 -1.382 -1.888 -1.346  0.000 -1.231 -0.983 -2.072 -0.833 -0.962 -1.150 -2.541 -2.305
Q       -0.016 -0.109  0.347  0.109  0.502  0.325  0.164  0.218 -0.147  0.279  0.221  0.315  0.000 -0.031 -0.142  0.321  0.028  0.202  0.646  0.070  1.465
R       -0.420  0.365 -0.550 -0.724  0.109 -0.204 -0.163 -0.151 -0.346 -0.169  0.519 -0.808  0.000 -0.612 -0.328  0.156 -0.468 -0.117 -0.219  0.395 -0.691
S        2.043  2.684  2.185  2.138  2.573  2.169  2.316  2.316  2.119  2.368  2.226  2.159  0.000  2.189  2.150  2.090  2.008  2.022  2.317  1.999  2.305
T        2.048  2.225  1.740  1.927  1.663  1.623  2.141  1.760  2.177  1.882  1.947  2.159  0.000  2.189  2.024  2.115  1.894  1.793  2.187  1.690  1.542
V        0.021 -0.340  0.249  0.113 -0.723 -0.042 -0.311 -0.008  0.129 -0.435 -0.511 -0.139  0.000  0.007  0.189 -0.112 -0.275 -0.012 -0.424  0.188 -0.779
W       -0.593 -0.453 -1.357 -0.872 -0.697 -1.139 -0.975 -0.614 -0.812 -0.652 -0.575 -1.027  0.000 -0.698 -0.509 -0.340 -0.986 -0.521 -1.398 -0.164  0.000
Y       -0.377 -1.529 -0.556 -0.538 -1.528 -0.474 -0.358 -0.302 -0.272 -0.464 -0.840 -0.270  0.000 -0.290 -0.705 -0.317 -0.314 -0.505 -0.647 -0.624 -1.599
X        1.498  0.000  1.812  0.865  1.452  2.169  0.000  2.384  1.291  2.368  0.543  0.554  0.000 -0.308  0.465  0.724  0.608  2.421  0.000  2.559 -0.464
