i-1/i     A      C      D      E      F      G      H      I      K      L      M      N      P      Q      R      S      T      V      W      Y      X
A       -0.043  0.212  0.332  0.114  0.112 -0.197 -0.174  0.185 -0.122 -0.123  0.265 -0.040  0.496 -0.163 -0.203 -0.209 -0.043  0.022  0.011 -0.073  0.440
C        0.285 -0.330  0.277  0.194  0.305  0.264 -0.176  0.299  0.116  0.227 -0.751 -0.474  0.000  0.517  0.121 -0.027  0.356  0.122  0.502  0.000  0.000
D        0.394  0.004  0.632  0.521  0.944  0.364  0.660  0.189 -0.119  0.287  0.213  0.980  0.000  0.321  0.299  0.575  0.258  0.541  0.559  0.647 -0.950
E        0.380 -0.080  0.543  0.667  0.168  0.237  0.052  0.296  0.524  0.336  0.247  0.200  0.918  0.575  0.480  0.516 -0.148  0.385  0.301  0.312  0.382
F       -0.002  0.232  0.050 -0.095  0.056  0.243 -0.305 -0.098  0.093  0.053 -0.511  0.100  0.050 -0.081  0.102 -0.265 -0.364  0.175 -0.173 -0.126 -0.622
G        0.074  0.075  0.726  0.150  0.183 -0.033  0.842 -0.069  0.116  0.217  0.153  0.867  0.114  0.455 -0.075  0.255  0.181  0.092  0.670 -0.015 -0.352
H        0.115  0.203  0.321 -0.377  0.146  0.128 -0.105  0.403  0.156  0.006  0.071 -0.293  0.072  0.716  0.275 -0.075 -0.173  0.439 -0.169  0.292 -0.715
I       -0.022  0.351 -0.098  0.187 -0.065 -0.270 -0.121  0.067 -0.013  0.194 -0.198  0.240  0.134 -0.175 -0.090  0.056 -0.112  0.140 -0.136 -0.306 -0.782
K        0.326 -0.326  0.497  0.569  0.301  0.045  0.188  0.106  0.541  0.128  0.337  0.330  0.556  0.452  0.575  0.383 -0.055  0.324  0.318  0.054  0.052
L        0.248 -0.061 -0.280  0.075 -0.122 -0.221 -0.191  0.031  0.062  0.018  0.492  0.070 -0.013  0.033  0.172  0.206  0.049  0.232  0.163  0.222  0.006
M        0.735 -0.056  0.341  0.395 -0.007 -0.488 -0.032 -0.227 -0.190  0.340 -0.369 -0.429  0.132  0.001 -0.190  0.717 -0.082  0.352  0.641  0.266 -1.011
N        0.216  0.237  0.797  0.116  0.671  0.497  0.916  0.536  0.421  0.219  0.442  0.242  0.000  0.356  0.433  0.694  0.785  0.305  0.251  0.532 -0.431
P        0.507  0.000  0.000  0.558  0.639  0.192 -0.259  0.007  0.352  0.061  0.000  0.918  0.000 -0.621 -0.417 -0.499 -0.148  0.081  0.000  0.015  0.000
Q       -0.110  0.415  0.323  0.762  0.229  0.083  0.860  0.151  0.232  0.117  0.866  0.580  0.283  0.563  0.393  0.445  0.557  0.493  0.786  0.650  0.222
R        0.207  0.733  0.540  0.283  0.163  0.177  0.596  0.311  0.389  0.206  0.473  0.186  0.029  0.170  0.303  0.432 -0.011  0.247  0.142  0.074  0.384
S        0.414 -0.157  0.563  0.427  0.042  0.540 -0.110  0.356  0.651  0.320  0.428  0.361  0.000  0.282  0.348  0.428 -0.069  0.054  0.464  0.343  0.216
T        0.255  0.440  0.356  0.436  0.171  0.087 -0.212  0.032  0.243  0.014  0.172  0.438  0.798  0.325  0.155  0.534  0.009 -0.149  0.011  0.007  0.353
V       -0.007  0.033  0.074  0.028  0.004 -0.244 -0.151  0.063  0.181  0.144 -0.260  0.048  0.612  0.114  0.056 -0.027 -0.155  0.002 -0.175  0.085  0.030
W        0.554  0.210  0.247 -0.220  0.074 -0.293  0.272  0.144 -0.241  0.246  0.139  0.924  0.000 -0.293  0.140  0.152 -0.272 -0.421  0.000  0.157 -0.577
Y       -0.020  0.682 -0.410  0.062  0.156 -0.028 -0.054  0.079  0.057  0.053 -0.260  0.065  0.258 -0.032  0.054 -0.235  0.087  0.231 -0.239 -0.005  0.000
X        0.400  0.000 -0.352  0.408  0.024 -0.570  0.000 -0.850  0.272 -0.156  0.794  0.443  0.000 -0.316  0.401  0.000 -0.023 -1.025  0.681  0.493  0.068
