i-1/i     A      C      D      E      F      G      H      I      K      L      M      N      P      Q      R      S      T      V      W      Y      X
A       -0.142  0.229 -0.898 -0.699 -0.386  0.000 -0.344 -0.860 -1.010 -0.269  1.271 -0.549  0.498 -0.637 -0.313 -0.625 -0.120 -0.155 -0.781 -0.699 -3.525
C        0.517  0.327 -1.044  0.248  0.233  0.000 -0.268 -0.274 -0.225  0.210  0.388 -1.538  0.304 -1.579 -0.582 -0.256 -0.156  0.006 -0.379 -0.283  0.000
D       -0.587  0.000  0.442 -0.255 -0.590  0.000  0.296 -0.058 -0.331 -0.707  0.122  1.735  0.210 -0.314 -0.420 -0.122 -0.405  0.218 -0.443 -0.511  0.000
E       -0.873 -0.320 -1.074 -0.596 -0.403  0.000 -0.425 -0.183 -0.207 -0.777  0.629  0.074 -0.052 -0.687 -0.165 -0.543 -0.042 -0.257 -0.526 -0.320  2.011
F       -0.275 -0.466 -0.260  0.101 -0.316  0.000 -0.138  0.122 -0.451 -0.336  0.306 -1.314 -0.064 -0.740 -0.040 -0.543 -0.232 -0.147 -0.757 -0.284 -2.735
G        0.107 -0.960 -0.214 -0.037 -1.073  0.000  0.089  0.245  0.477  0.133  0.168  1.092  0.270  0.143  0.097 -0.044  0.029 -0.449  0.573 -0.103 -1.707
H        0.052 -1.123 -0.446 -0.229  0.373  0.000 -0.910 -0.252  0.052  0.119 -1.725  1.141 -0.086 -0.158  0.313 -0.733 -0.888  0.243  0.436 -0.871  0.000
I       -0.100 -0.974 -0.466 -0.188 -0.365  0.000  0.501 -0.582 -0.475 -0.501 -0.031 -0.998 -0.067 -0.705 -0.023 -0.412 -0.287 -0.344 -0.085 -0.368 -0.790
K       -0.420 -0.432 -0.167 -0.065 -0.040  0.000 -0.771 -0.538 -0.103 -0.531 -1.336 -1.037  0.093 -0.103 -0.201 -0.482 -0.423  0.036 -0.382  0.040  1.656
L       -0.538  0.412 -0.892 -0.472 -0.333  0.000  0.445  0.029 -0.634 -0.410 -0.148 -1.148 -0.058 -0.808 -0.142 -0.463 -0.275 -0.258 -0.671  0.013  2.848
M       -0.745 -0.318 -0.464 -1.210 -0.346  0.000 -1.636  0.074 -0.576 -0.194 -0.158  0.710 -0.654  0.000 -0.076  0.053 -0.165 -0.282  1.157  0.038  0.000
N       -0.471 -1.046 -0.219 -0.210 -0.823  0.000 -0.271  0.187 -0.325 -0.304 -0.135 -1.084 -0.257 -0.653 -0.497 -0.041  0.105  0.045  0.142 -0.204 -0.243
P       -1.470  0.000 -1.034 -0.458  0.244  0.000 -0.516 -0.381 -0.742 -0.282  1.609 -1.639 -0.691  0.000  0.058 -0.164  0.102 -0.471  0.292 -0.798  0.000
Q       -0.708 -0.515 -1.398 -0.121 -0.388  0.000 -0.251 -0.038  0.531 -0.731  0.261  0.161 -0.421 -0.214 -0.702 -0.530 -0.125  0.079 -0.497  0.076 -0.028
R       -0.210 -0.280 -0.015 -0.084  0.088  0.000 -0.165  0.155 -0.519 -0.876 -0.787 -0.478 -0.231  0.023 -0.116 -0.002 -0.097 -0.205 -0.175  0.182  0.790
S       -0.635  1.170 -0.184 -0.165 -0.073  0.000 -0.612  0.154 -0.194 -0.127  0.556 -0.145 -0.328  0.367 -0.164 -0.286 -0.060 -0.132  1.086 -0.065 -0.741
T       -0.877 -0.458 -0.190 -0.524 -0.491  0.000 -0.411 -0.208 -0.293 -0.058 -0.489 -0.170  0.115 -0.467 -0.156 -0.054 -0.120 -0.174 -0.915 -0.309 -1.859
V       -0.135 -0.002 -0.536 -0.293 -0.387  0.000 -0.005 -0.282 -0.489 -0.377 -0.291 -0.532  0.022 -0.367 -0.284 -0.286 -0.172 -0.352 -0.337 -0.085  2.710
W       -0.252 -0.439 -1.576 -0.961 -0.208  0.000 -0.031  0.400 -0.687 -1.251  0.684 -1.784 -0.610 -0.291 -0.468 -0.388 -0.174 -0.063 -0.294 -0.144  0.000
Y       -0.580 -0.259 -0.059 -0.891 -0.262  0.000 -1.168 -0.573 -0.691  0.216 -0.388 -0.843 -0.177 -0.401 -0.745 -0.301  0.011 -0.501 -0.071  0.129 -0.450
X        0.887  0.000 -0.927  0.000 -1.379  0.000  0.000 -1.572 -0.442 -0.104  0.000 -1.759 -0.022 -0.557 -0.610 -0.001 -1.200  0.000  0.000 -0.322  0.000
