i-1/i     A      C      D      E      F      G      H      I      K      L      M      N      P      Q      R      S      T      V      W      Y      X
A       -0.397  0.424 -0.826 -0.159  0.214  0.000  0.634  0.043 -0.376 -0.123 -0.434 -0.044  0.109  0.244  0.024  0.338  0.359  0.048  0.414  0.505  3.353
C        0.000 -0.192  0.515 -0.097 -0.017  0.000 -0.889 -0.374 -0.549 -0.840 -2.321 -1.223  0.000 -0.135  0.351  0.219  0.346 -0.203  0.157 -0.606  0.000
D       -0.485 -0.433 -1.251 -0.653  0.108  0.000 -0.030  0.262 -0.497 -0.237  0.673  0.818  0.000  0.329  0.083 -0.326  0.042 -0.013  0.377 -0.202 -2.140
E        0.074 -0.477 -0.344 -0.809 -0.329  0.000  0.345 -0.139 -0.596  0.040 -0.219  0.668  0.197 -0.038 -0.556 -0.168 -0.406  0.278  0.193  0.047 -2.136
F       -0.028  0.296 -0.616 -0.397 -0.479  0.000 -0.499 -0.070  0.005  0.063 -0.090  0.297  0.199 -0.394 -0.011 -0.269 -0.128 -0.214 -0.003 -0.584  1.197
G       -0.512 -0.286 -0.469  0.060 -0.147  0.000 -0.891 -0.161 -0.814 -0.647 -1.938 -0.481  0.302  0.105 -0.256 -0.068  0.235 -0.086  0.187  0.041 -0.116
H       -0.637 -1.079 -0.231 -0.247  0.560  0.000  0.376 -0.141 -0.304 -0.817 -0.190  0.879 -0.068 -0.529 -0.251  0.315  0.000  0.229 -0.078 -1.104  0.000
I       -0.633  0.799 -0.509 -0.424 -0.164  0.000  0.032 -0.582 -0.189 -0.284 -0.103  0.133 -0.119 -0.607 -0.043 -0.258  0.213 -0.583 -0.552 -0.765 -0.912
K       -0.137  0.386 -0.354 -0.397  0.300  0.000 -0.060  0.071 -0.242 -0.112  0.097  0.562  0.589 -0.333  0.073 -0.065 -0.205  0.140 -0.427  0.661 -1.930
L       -0.721 -0.061 -0.101 -0.430 -0.286  0.000 -0.804 -0.437 -0.272 -0.461 -0.876 -0.011 -0.203 -0.370 -0.607 -0.301 -0.146 -0.435 -0.367 -0.206 -1.353
M       -0.967 -0.652  0.300 -0.141 -0.550  0.000  0.547 -0.487 -1.258 -0.127 -1.266 -0.337 -0.116 -1.022  0.009 -0.118 -0.178 -0.608  0.861 -1.413  1.963
N       -0.354 -0.347 -0.751 -0.148  0.178  0.000  0.460  0.250 -0.529 -0.882  0.033  1.112  0.511 -0.350  0.399 -0.498 -0.567 -0.037 -0.535  0.430  0.533
P       -1.430  0.000  0.000 -1.193  0.000  0.000  0.000  0.268  0.000 -0.399 -0.398  0.000 -0.894 -0.999 -1.592 -1.186  0.386 -0.253  0.000 -1.639  0.000
Q        0.490 -1.130 -0.686  0.161 -0.093  0.000  0.343  0.185 -0.082  0.047  1.333 -0.642  0.341 -1.414 -0.388 -0.160  0.324 -0.096  0.354  0.141  0.298
R        0.293 -0.259 -1.029 -0.126  0.387  0.000  1.080 -0.195  0.314  0.009  0.122  0.311  0.164 -0.873 -0.322  0.015 -0.016  0.227  0.106  0.441  1.335
S        0.081 -0.770  0.029 -0.593 -0.045  0.000  1.182  0.059 -0.028  0.050  0.315 -0.886  0.072 -0.854 -0.503 -0.116 -0.088 -0.012 -0.374  0.259  0.000
T        0.123 -0.759 -0.438 -0.286 -0.144  0.000  0.163 -0.102 -0.031  0.372  1.228  0.497 -0.274 -0.579  0.024  0.089  0.099 -0.078 -0.473  0.190  0.450
V       -0.453 -0.059 -0.360 -0.335 -0.355  0.000 -0.210 -0.424 -0.519 -0.398 -0.997 -0.038 -0.097 -0.457 -0.539 -0.480 -0.283 -0.523 -0.726 -0.467 -1.299
W        0.107  0.968  0.117 -0.165 -0.982  0.000 -0.614  0.133 -0.407  0.135  0.418 -0.518  0.000  0.177 -0.161  0.295  0.294  0.160 -0.791  0.526  1.846
Y       -0.163  0.498  0.101 -0.274 -0.081  0.000 -0.361 -0.216 -0.297  0.454 -0.061  0.833  0.347  0.073  0.106 -0.320 -0.043 -0.406 -0.315 -0.066  0.118
X       -1.289  0.000  1.145 -0.327  1.367  0.000  0.949  0.476  0.416 -0.451 -0.449 -1.611  0.000  0.082  0.916  0.315  0.250  1.217  0.122  0.661 -1.486
