i-1/i     A      C      D      E      F      G      H      I      K      L      M      N      P      Q      R      S      T      V      W      Y      X
A        0.017  1.222  0.704 -0.064 -0.115  0.315  0.077  0.293  0.797  0.445 -0.359  0.233  0.377 -0.038  0.444  0.304  0.308  0.319  0.370 -0.183  0.060
C       -0.162  0.225 -0.646 -0.333  1.078 -1.186 -1.598  0.340  0.305  0.117 -0.524  0.292  0.000  0.000  0.123  0.611  0.289  0.177  0.000  0.372  0.000
D        0.002  0.000  0.031  0.186 -1.024  0.635  0.079 -0.225  0.313 -0.007 -0.245 -0.266  0.804 -0.631  0.146 -0.217 -0.370 -0.155 -0.321  0.248  0.000
E        0.104 -0.125  0.243  0.256 -0.658  0.846  0.189  0.390 -0.023  0.955  0.947  0.109  0.355  0.454  0.142  0.415  0.109  0.349  0.341  0.309  0.000
F        0.631 -0.346  0.128  0.142  0.319  0.166  0.306 -0.303 -0.041 -0.073 -0.352 -0.345  0.673 -0.263 -0.161  1.000  0.332  0.057  0.595 -0.336  0.000
G       -0.031 -0.305  0.347  0.063 -0.440 -0.159 -0.309 -0.057 -0.019 -0.004 -0.265 -0.054  0.152 -0.145 -0.241 -0.199 -0.412  0.319  0.031  0.257  0.726
H        0.115 -0.677 -0.149  0.169 -0.452 -0.328  0.888  0.307  0.409 -0.037 -0.786 -0.777  0.450 -0.396  0.133  0.000 -0.263 -0.091  0.000  1.400  0.000
I        0.245  0.421 -0.022  0.199  0.714  1.042 -0.229  0.387  0.416  0.094  0.204  0.416  0.407  0.083  0.567 -0.308  0.395  0.188 -0.519  0.155  0.174
K        0.406  0.125  0.646  0.189 -0.184  0.561  0.257  0.170  0.504  0.187  0.384  0.000 -0.882  0.014  0.049  0.215 -0.055  0.016  0.164 -0.037  0.107
L        0.446  0.230  0.044  0.054  0.208  0.231 -0.109  0.004  0.382  0.238 -0.164  0.566  0.356  0.697  0.166  0.240 -0.390  0.203 -0.615  0.083  0.000
M        0.108 -0.918 -0.318  0.172  0.472  0.597  1.551  0.066 -0.310  0.154  0.138 -0.921 -0.502  0.000 -0.083  0.329  0.636  0.509  0.000 -0.400  0.000
N       -0.360  1.395  0.237 -0.004 -0.278  0.048 -0.576 -0.052  0.442  0.988  0.855  0.615  0.000  0.530  0.213  0.641  0.086  0.327  1.324  1.262  0.000
P        0.245  0.361  0.000  0.512 -0.474  0.745  0.901 -0.105  0.526  0.674  0.336 -0.559 -0.804  0.273  0.303  0.740  0.317  0.423  1.432  1.076  0.000
Q        0.356 -0.035  0.455  0.410 -0.002  0.906 -0.394  0.330  0.423  0.476 -0.108  0.386  1.329  0.424  0.096 -0.298  0.141  0.087  0.367  0.202 -0.046
R       -0.479 -0.669 -0.252 -0.177 -0.181  0.461  0.593  0.639  0.187  0.600  0.544  0.434 -0.393 -0.283  0.107 -0.049  0.496  0.239  0.441 -0.184 -1.033
S        0.934 -1.612  0.794 -0.007  0.307  0.811  0.393  0.017  0.623  0.203  0.593  0.732  0.570  0.368  0.237  0.236 -0.179  0.151 -0.200  0.015  0.417
T        0.617 -0.916  0.625  0.008  0.139  0.104  0.560  0.164  0.296  0.304 -0.001  0.200  0.384  0.278 -0.030  0.465  0.122  0.337  0.679  0.836  0.663
V        0.219 -0.135  0.327  0.170  0.405  0.619  0.146  0.009  0.166 -0.072  0.022  0.230 -0.309  0.075  0.171 -0.319  0.300  0.254  0.051 -0.141 -0.272
W        0.465  0.000  0.937  0.988  0.142  0.593  1.730 -0.072  0.240  0.226 -0.727  1.194  1.256  0.332  0.158  0.309  0.705  0.174  0.817  0.975  0.000
Y        0.603  0.000  1.097  0.188  0.468 -0.078  1.051  0.113  0.190 -0.104  0.409 -0.300 -0.314  0.213  0.000  0.556  0.377  0.182  0.288  0.284  0.015
X       -0.123  0.000  0.000  0.000 -0.934  0.000  0.000  1.349  0.263 -0.565  0.000  0.000 -1.015  0.676  1.213  0.020  1.533  0.825  0.000  1.514  1.042
