i-1/i     A      C      D      E      F      G      H      I      K      L      M      N      P      Q      R      S      T      V      W      Y      X
A       -0.263 -1.447 -1.108 -0.096 -0.189 -0.730 -0.174 -0.083  0.076  0.230  0.022 -0.691 -0.123 -0.966 -0.398 -0.655 -0.479 -0.068 -0.725 -0.454  0.037
C        0.395 -0.584 -0.043  0.264 -0.007  0.168 -0.730 -0.233  0.561  0.231  0.000 -0.798  0.000  0.140 -0.034 -0.984 -0.045  0.394 -0.105 -0.005  0.000
D       -0.069 -0.337  0.449  0.494 -0.295 -0.055  0.561 -0.327  0.321 -0.262  0.172 -0.515  0.000 -0.074 -0.091 -0.130 -0.532 -0.369 -0.169  0.205  1.358
E       -0.154 -0.869 -0.371 -0.029  0.044 -0.024 -0.476  0.099 -0.166 -0.034 -0.458 -0.192 -0.621 -0.334 -0.106  0.217  0.548 -0.175 -0.325 -0.235  0.834
F        0.158 -0.860 -0.572  0.000 -0.478  0.279 -0.283 -0.243 -0.179 -0.197 -0.376 -0.325  0.205  0.004 -0.125 -0.465 -0.214 -0.172 -0.269 -0.388  0.000
G        0.682  0.153  0.235  0.593  0.653  1.135 -0.490  0.385  1.216  1.033  0.890 -0.083  0.501  0.322  0.542  0.194  0.073  0.382  0.849  0.035  0.883
H       -0.135 -0.972  0.173  0.103 -0.415  0.359 -0.284  0.018 -0.125  0.170 -1.102  0.260 -0.484  1.070  0.333  0.128 -0.588 -0.395  0.448  0.155  0.000
I        0.114 -0.443 -0.302  0.060  0.049  0.256  0.254  0.370 -0.126 -0.030  0.100 -0.009 -0.275  0.230  0.175 -0.250 -0.185  0.480  0.427  0.138  0.910
K        0.199 -0.907  0.285  0.197 -0.316  0.293 -0.491 -0.132  0.113  0.025  0.092  0.102 -0.582  0.059  0.010  0.178  0.012 -0.066  0.205 -0.017  0.314
L        0.189 -0.395 -0.780 -0.302  0.007  0.164 -0.599  0.031 -0.325 -0.319 -0.149 -0.199 -0.609 -0.155 -0.026 -0.699 -0.397 -0.030  0.132 -0.216 -0.081
M       -0.032  0.000 -0.406  0.227 -0.285 -0.403  0.353  0.848  0.507  0.188 -0.963 -0.832 -0.168  0.168 -0.143 -0.764  0.300  0.087 -0.243  0.305  0.000
N        0.090  0.544  0.232 -0.086  0.167  0.455 -0.140 -0.468 -0.087 -0.231 -0.543 -0.280  0.000  0.388  0.440  0.703 -0.475 -0.469 -1.034 -0.690  0.143
P       -0.082  0.000 -0.048 -1.131  0.000  1.449  0.000 -0.805  0.000  0.000  0.000  0.000  0.000  0.000 -0.509 -0.277 -1.260 -0.949 -0.033  0.000  0.000
Q       -0.376  0.879 -0.143 -0.466  0.224  0.610 -0.178 -0.224 -0.232 -0.044  0.000  0.070  0.627  0.463 -0.341 -0.053  0.161 -0.081 -0.213 -0.109  0.083
R       -0.140 -0.822 -0.207  0.072  0.103  0.126 -0.349 -0.279  0.212  0.008  0.218  0.070  0.330  0.191  0.107  0.479 -0.440 -0.199  0.616  0.035 -0.224
S        0.351 -0.735  0.056  0.206 -0.241  0.201 -0.353  0.107  0.719  0.569  0.231 -0.264 -0.198  0.001  0.425 -0.060  0.133  0.192  0.802  0.215  0.000
T        0.525 -0.844 -0.240  0.235  0.160  0.711  0.284  0.528  0.404  0.404 -0.020 -0.271 -0.779  0.281  0.233  0.393  0.289  0.302  0.066  0.392 -0.831
V        0.086 -0.493 -0.147  0.286  0.229  0.085 -0.030  0.218  0.143  0.157  0.094 -0.384 -0.018  0.243  0.080 -0.127 -0.044  0.404  0.453  0.207 -0.266
W       -0.079 -1.619 -0.352 -0.358 -0.402  0.111 -0.311 -0.235  0.559 -0.282  0.687 -0.614 -0.413  0.160 -0.792 -0.105  0.113  0.128 -0.342 -0.310 -1.209
Y       -0.463 -0.371 -0.465  0.115 -0.505 -0.307  0.073 -0.285 -0.620 -0.424 -0.036 -0.691 -1.004 -0.457 -0.464 -0.105 -0.240 -0.115 -0.055 -0.205  0.168
X        0.000  0.000  0.000  0.790  0.000  0.570 -1.382 -0.416 -0.446  1.033  0.000  0.000  0.000 -0.352  0.077 -0.208  0.551 -0.350  0.000  0.000 -0.548
