i-1/i     A      C      D      E      F      G      H      I      K      L      M      N      P      Q      R      S      T      V      W      Y      X
A       -0.233 -0.273  0.524  0.246  0.101  0.169  0.525  0.167 -0.159  0.104 -0.078  0.093  0.212  0.005 -0.256 -0.179  0.197 -0.046  0.120  0.126 -1.177
C        0.409 -1.064  0.328  0.507 -0.454 -0.421 -0.186 -0.207  0.987 -0.176  0.000 -1.130  0.000  0.809  0.337  0.075 -0.254 -0.096  0.400  0.000  0.000
D       -0.393 -1.015  0.161  0.187  0.293  1.186 -0.217  0.047  0.366  0.263  0.000  0.459 -0.319  0.334  0.535  0.203  0.084  0.358  0.370  0.347  0.000
E        0.615  0.165 -0.076  0.719 -0.265 -0.181 -0.250  0.248  0.443 -0.022 -0.135  0.364  0.110  0.320  0.604  0.538 -0.040  0.350  0.775  0.053  0.281
F        0.245 -0.039  0.481  0.051 -0.261 -0.213  0.801 -0.367 -0.311  0.291 -0.182 -0.130  0.726  0.002 -0.187  0.050 -0.155 -0.126 -0.945 -0.229  0.000
G        0.354  0.395  0.003  0.475 -0.188  1.657  1.107  0.286  0.682  0.567  0.010  1.076  0.307  0.307  0.107  0.085  0.039  0.285  0.762  0.332  0.845
H       -0.168  0.673  0.322  0.191  0.235  0.395 -0.745 -0.126  0.046 -0.498 -0.039 -0.169  0.659  0.630 -0.455 -0.142  0.126  0.300  0.570 -0.038 -0.598
I        0.384  0.442  0.446  0.283  0.385  0.798  0.263  0.151  0.311  0.371  0.248  0.150  0.356  0.292  0.273  0.203  0.364  0.203  0.129  0.089  0.043
K        0.003  0.016 -0.046  0.393  0.110  0.321 -0.089  0.217  0.398  0.177  0.877  0.568 -0.002  0.569  0.117  0.330  0.212  0.123  0.597  0.086  0.262
L        0.276 -0.702  0.184  0.045  0.229  0.655  0.232  0.346  0.404  0.138 -0.273  0.099 -0.098  0.111  0.118  0.092  0.342  0.176 -0.589  0.321  0.708
M        0.000  0.218  0.094  0.477 -0.709 -0.452 -0.554  0.339 -0.245  0.593  0.273  0.303  0.226  0.190  0.166  0.438 -0.439  0.320  1.731 -0.106  0.000
N       -0.267  0.971  0.189 -0.304  0.959  0.559 -0.020 -0.040  0.282  0.452  0.655 -0.550 -0.674 -0.177  0.725 -0.022  0.065 -0.125  0.361  0.154  0.000
P        0.075  0.000  0.000 -0.594  0.378  0.933 -0.617  0.437 -0.331  0.171  0.144  0.345  0.214 -0.094  0.087  0.084 -1.183  0.162  0.006  0.000  0.000
Q        0.819  1.159  0.935  0.589  0.453  0.226 -0.898 -0.049  0.149  0.194 -0.579  0.805  0.414  0.171  0.532  0.832  0.624  0.472 -0.339 -0.066  0.843
R        0.479  0.000  0.000  0.205  0.422  0.779 -0.789  0.117  0.564  0.400  0.509  0.457  0.050 -0.567  0.199  0.426  0.269 -0.038 -0.054  0.452  0.736
S       -0.001 -0.514  0.622  0.057 -0.178  0.095 -0.246 -0.051  0.588  0.075 -1.231  1.450  0.312 -0.171  0.321  0.241 -0.086  0.038  0.471  0.136 -0.083
T        0.195  0.702  0.794 -0.074 -0.318  0.313  0.843 -0.004 -0.047 -0.111  0.139  0.292  0.119 -0.143 -0.178  0.233  0.057 -0.085 -0.319  0.332  0.308
V        0.491  0.364  0.092  0.007  0.080  0.364  0.284  0.230  0.444  0.181  0.131  0.044  0.345  0.231  0.323  0.258  0.102  0.272 -0.027  0.063  0.351
W        1.090  0.778  0.178 -0.016 -0.291  0.460  0.640  0.389  0.787 -0.076 -0.075  0.790 -1.178  0.828  0.224 -0.055  0.360  0.179 -1.008  0.615  0.312
Y        0.182  0.107  0.410  0.266  0.150 -0.132  0.097 -0.089 -0.105  0.055  0.365 -0.446  0.180 -0.273  0.264  0.029 -0.261  0.256  1.196  0.388  0.000
X       -0.097  0.000  0.451  1.115  0.000  0.000  0.000 -0.338  0.248  0.270 -0.427  1.275  0.000  0.117  0.024  0.000  0.129 -0.029 -1.129 -0.306  0.422
