i-1/i     A      C      D      E      F      G      H      I      K      L      M      N      P      Q      R      S      T      V      W      Y      X
A       -0.165 -0.252 -0.180 -0.070 -0.025 -0.166 -0.324 -0.036  0.030 -0.036 -0.223 -0.138  0.000 -0.129 -0.015 -0.130 -0.153 -0.017  0.074 -0.175  0.317
C       -0.204 -0.534 -0.185  0.014 -0.006 -0.011 -0.223  0.003  0.083  0.048 -0.494 -0.378  0.000 -0.077  0.065 -0.069 -0.038 -0.115  0.244 -0.059  0.000
D        0.175 -0.262 -0.054 -0.175  0.033 -0.198  0.252  0.073  0.126  0.152 -0.295 -0.299  0.000 -0.050  0.118  0.082 -0.033 -0.024 -0.162 -0.109  0.109
E        0.022 -0.076 -0.223 -0.157 -0.044 -0.095 -0.091 -0.062 -0.105 -0.022 -0.210 -0.081  0.000  0.066 -0.237  0.067 -0.059 -0.020 -0.410 -0.122  0.284
F       -0.125 -0.133 -0.052 -0.061 -0.169 -0.153 -0.094 -0.162 -0.364 -0.167 -0.290 -0.225  0.000 -0.384 -0.110 -0.296 -0.277 -0.203 -0.058 -0.335 -0.262
G        0.096 -0.234  0.016 -0.055 -0.150 -0.324 -0.207  0.001  0.047 -0.305 -0.328  0.170  0.000 -0.128  0.023 -0.143 -0.080 -0.124 -0.214 -0.323  0.286
H       -0.196 -0.270  0.475 -0.077 -0.195  0.004 -0.076  0.141 -0.026  0.025  0.001 -0.000  0.000 -0.122 -0.105 -0.099 -0.135 -0.036  0.008 -0.017  0.000
I       -0.015 -0.082 -0.250 -0.078 -0.087 -0.110  0.064 -0.040 -0.148 -0.132 -0.096 -0.096  0.000 -0.012  0.029 -0.331 -0.133 -0.130  0.117 -0.063 -0.082
K       -0.015 -0.294 -0.090 -0.096  0.015 -0.175  0.113 -0.097 -0.013  0.056  0.049 -0.255  0.000 -0.041 -0.036 -0.007  0.018  0.092 -0.008  0.166  0.066
L       -0.003  0.067 -0.120 -0.079  0.053  0.011 -0.090 -0.031 -0.120 -0.070  0.034 -0.097  0.000 -0.036 -0.087 -0.185 -0.049 -0.045  0.022  0.040  0.062
M        0.089  0.410 -0.211  0.005 -0.089 -0.040  0.175 -0.153 -0.121  0.001  0.143  0.056  0.000 -0.172 -0.122  0.241  0.005  0.012  0.173  0.164 -0.499
N       -0.027 -0.332  0.043 -0.188  0.012 -0.436  0.397 -0.071  0.062 -0.065  0.177  0.239  0.000  0.038 -0.057 -0.227  0.135  0.020  0.058  0.103 -0.371
P        0.190  0.000  0.000  0.203  0.096 -0.372 -0.383  0.196 -0.281  0.037 -0.322  0.000  0.000 -0.070 -0.185  0.172  0.085  0.020  0.169 -0.213  0.000
Q       -0.062 -0.455 -0.124  0.086 -0.217 -0.182 -0.359 -0.005 -0.096  0.058  0.077  0.045  0.000 -0.398 -0.086 -0.067 -0.049 -0.070 -0.078 -0.209 -0.020
R        0.082  0.029 -0.313 -0.060  0.089 -0.205 -0.334 -0.046  0.110 -0.125 -0.099  0.097  0.000  0.108 -0.079  0.213  0.082 -0.052 -0.043  0.055 -0.253
S       -0.166 -0.466 -0.336 -0.124 -0.170 -0.013  0.094 -0.098 -0.010  0.042  0.199 -0.113  0.000 -0.230 -0.003  0.042 -0.025 -0.042 -0.469  0.046  0.000
T       -0.075  0.114 -0.279 -0.162 -0.001 -0.191 -0.051  0.018 -0.107  0.039 -0.102  0.015  0.000 -0.215 -0.225 -0.066 -0.054  0.038  0.005 -0.008  0.118
V       -0.252 -0.060 -0.153 -0.025 -0.023 -0.056 -0.168 -0.037 -0.096 -0.129 -0.101 -0.087  0.000 -0.148 -0.126 -0.090 -0.048 -0.086 -0.131 -0.015 -0.034
W       -0.525  0.100 -0.018 -0.423 -0.065 -0.139 -0.277 -0.055 -0.267  0.102  0.220 -0.482  0.000 -0.467 -0.375 -0.139  0.031 -0.220  0.000 -0.207 -0.197
Y       -0.305  0.436 -0.132 -0.028 -0.063 -0.214 -0.297 -0.049 -0.383 -0.123  0.066 -0.145  0.000 -0.320 -0.233 -0.312 -0.163 -0.206 -0.027 -0.126 -0.373
X       -0.128  0.000 -0.463  0.055 -0.403 -0.390 -0.162 -0.465 -0.498 -0.199 -0.128  0.310  0.000  0.080  0.153  0.055 -0.126 -0.108  0.151 -0.105 -0.026
