i-1/i     A      C      D      E      F      G      H      I      K      L      M      N      P      Q      R      S      T      V      W      Y      X
A       -0.110  0.098  0.039  0.063  0.014 -0.054  0.163 -0.083 -0.014 -0.064 -0.193 -0.131  0.000  0.114 -0.042 -0.247 -0.001 -0.102 -0.306 -0.118  0.021
C        0.102  0.204  0.032  0.031 -0.070 -0.312 -0.047  0.099  0.127  0.312  0.304  0.043  0.000 -0.314  0.064 -0.009  0.069  0.030  0.572 -0.246  0.000
D       -0.076 -0.028 -0.551 -0.025 -0.102  0.037 -0.406 -0.185 -0.231 -0.140  0.129 -0.105  0.000 -0.044 -0.123 -0.056 -0.265 -0.106  0.276  0.039 -0.094
E        0.103  0.075 -0.007  0.036  0.069 -0.008  0.097  0.054 -0.029  0.040  0.180 -0.062  0.000  0.132  0.142 -0.217 -0.038  0.064  0.069  0.053  0.221
F        0.229 -0.196  0.007  0.109 -0.001  0.046  0.007  0.049  0.259  0.011  0.142 -0.090  0.000  0.049  0.187  0.053  0.055  0.023  0.141  0.229 -0.215
G       -0.419 -0.187 -0.309 -0.079 -0.313 -0.486 -0.201 -0.103 -0.186 -0.335 -0.318 -0.268  0.000 -0.124 -0.105 -0.135 -0.137 -0.217 -0.117 -0.335  0.325
H       -0.035  0.010  0.027  0.027  0.102 -0.043 -0.104 -0.047  0.031 -0.048  0.188  0.116  0.000 -0.117  0.023  0.098 -0.095 -0.082  0.161  0.062  0.011
I        0.088  0.045  0.116  0.083  0.060  0.180  0.088  0.036  0.102 -0.007  0.119  0.061  0.000  0.099  0.092  0.077  0.148  0.073  0.268  0.247 -0.129
K       -0.107  0.048 -0.156 -0.135  0.001 -0.121 -0.067  0.038 -0.014 -0.062 -0.114 -0.163  0.000 -0.171  0.053  0.081 -0.124  0.062 -0.060 -0.032  0.274
L       -0.000  0.007  0.003  0.040  0.209  0.093  0.120  0.149  0.081  0.081 -0.037  0.162  0.000  0.223  0.185  0.052  0.131  0.138  0.067  0.127 -0.171
M       -0.078  0.189 -0.041  0.203  0.153  0.219  0.493  0.090  0.081 -0.114  0.227 -0.250  0.000  0.264  0.113 -0.131  0.073  0.102 -0.233  0.298  0.025
N        0.068  0.090 -0.107 -0.103  0.201 -0.166 -0.018  0.135 -0.087  0.092  0.009  0.000  0.000 -0.158  0.025 -0.134 -0.011  0.085 -0.437  0.110 -0.224
P        0.047  0.000  0.000 -0.103 -0.088  0.157 -0.024 -0.169  0.127 -0.181 -0.191 -0.324  0.000  0.238  0.278 -0.117 -0.186 -0.089 -0.093 -0.023  0.000
Q        0.048  0.029  0.059  0.145 -0.006 -0.182 -0.497  0.043 -0.129  0.069 -0.058  0.169  0.000 -0.013 -0.066 -0.048 -0.160 -0.021  0.140  0.212  0.057
R        0.019 -0.038  0.031 -0.034  0.042 -0.055 -0.147  0.068 -0.028 -0.018 -0.060 -0.043  0.000  0.164  0.102  0.117 -0.088  0.036  0.048 -0.044  0.158
S        0.045 -0.010 -0.006 -0.040 -0.129 -0.169  0.142 -0.076 -0.047 -0.073 -0.180 -0.053  0.000  0.047 -0.013  0.009  0.088 -0.060 -0.114 -0.137  0.008
T        0.130 -0.007 -0.149  0.024  0.157  0.094 -0.026  0.161 -0.056  0.174  0.148 -0.319  0.000  0.134 -0.013  0.014  0.047  0.160 -0.071  0.064  0.119
V        0.117  0.047  0.020  0.112  0.177 -0.022 -0.028  0.082  0.143  0.061  0.124 -0.020  0.000  0.117  0.130  0.121  0.098  0.109  0.176  0.098  0.126
W        0.361 -0.089  0.208  0.324  0.177  0.308  0.277 -0.061  0.447  0.325  0.545  0.205  0.000  0.364  0.261  0.309  0.384  0.367  0.256  0.366  0.208
Y        0.124  0.000  0.028  0.160  0.042  0.124  0.132  0.032  0.139  0.015  0.204 -0.124  0.000  0.104  0.059  0.109 -0.011 -0.049  0.125  0.144 -0.100
X        0.386  0.000  0.000  0.411  0.367  0.000  0.000  0.202  0.346  0.273 -0.080  0.045  0.000  0.442  0.500  0.000 -0.067  0.075  0.484  0.188  0.243
