i-1/i     A      C      D      E      F      G      H      I      K      L      M      N      P      Q      R      S      T      V      W      Y      X
A        0.166  0.140  0.080  0.174  0.371 -0.124  0.015  0.438  0.351  0.238  0.638  0.202 -0.238  0.323  0.433 -0.036  0.090  0.130 -0.293  0.262 -0.012
C        0.157 -0.360 -0.011 -0.133 -0.304  0.571  0.920  0.313  0.190  0.494  1.236  0.430  0.718  0.000  0.753  0.363  0.077  0.308 -0.359  0.766  0.000
D        0.228  0.000  0.071  0.434 -0.103 -0.114  0.491  0.436  0.134  0.106  0.034  0.252  0.209 -0.055 -0.076  0.172 -0.071  0.262 -0.106  0.281  0.000
E        0.157 -0.029  0.067  0.356  0.140 -0.165  0.113  0.429  0.382  0.402  0.043  0.410  0.117  0.243  0.351 -0.007  0.211  0.416  0.952  0.791  0.596
F        0.152 -0.764 -0.004 -0.113  0.061 -0.054  0.174 -0.132  0.093  0.207 -0.255 -0.557 -0.867  0.289  0.036  0.614  0.666  0.216  0.332 -0.446  0.861
G        0.104  0.000  0.188  0.121 -0.407 -0.169 -0.205  0.351  0.044  0.163 -0.500  0.083  0.161 -0.021  0.205  0.333 -0.167  0.114 -1.219  0.215  0.000
H        0.085  0.000 -0.073  0.264  0.520  0.070  0.476  0.313  0.492  0.331 -0.925  0.577 -0.347  0.262  0.484  0.521  1.214 -0.003  0.198  0.855  0.000
I        0.270  0.700  0.080  0.006 -0.344  0.066 -0.010  0.055  0.200  0.194 -0.026  0.109 -0.164  0.044  0.337  0.448  0.656  0.312  0.847 -0.033  0.990
K        0.113  0.042  0.313  0.146  0.435 -0.039 -0.109 -0.151  0.516  0.386 -0.153  0.200  0.054  0.127  0.359  0.077  0.013  0.386 -0.017  0.441  1.222
L        0.139  0.507 -0.056 -0.069 -0.107  0.048  0.046  0.099 -0.044  0.264  0.198 -0.135 -0.254  0.187 -0.116  0.388  0.348  0.260 -0.509 -0.223  2.223
M       -0.000  0.187  0.281 -0.117  0.226  0.532  0.233  0.335  0.230  0.333 -0.129 -0.088 -0.229  0.115  0.333  0.445  0.575  0.058 -0.285 -0.179  0.418
N        0.179  0.164  0.235  0.238  0.190  0.265  0.336 -0.039  0.063  0.355 -0.060  0.244  0.026  0.237 -0.019  0.062  0.320  0.186  0.836  0.672  0.000
P       -0.180 -0.803 -0.465 -0.125  0.000  0.000  0.000  0.000  0.072  0.722  0.000  0.000  0.000  0.000 -0.398 -0.465  0.000 -0.884  0.000  0.000  0.000
Q        0.145  0.212  0.192  0.236 -0.042  0.378  0.117 -0.257  0.314  0.324  0.148  0.218  0.099  0.237  0.171 -0.291  0.191  0.318  0.283  0.324  0.000
R        0.158 -0.260  0.268  0.312  0.618  0.308  0.211  0.144  0.462  0.240 -0.030  0.307  0.035  0.326  0.524  0.155  0.174  0.126  0.517  0.330 -0.474
S        0.189  0.071  0.116  0.303  0.318 -0.097  0.208  0.290  0.441  0.182  0.096  0.211  0.101  0.278  0.375  0.274 -0.012 -0.174  1.201  0.595  0.000
T        0.103  0.431  0.005  0.216  0.629  0.322 -0.210 -0.218  0.288  0.207 -0.217  0.354  0.314  0.059 -0.095  0.143 -0.248  0.005  0.913  0.293  0.143
V        0.259 -0.716  0.084 -0.038  0.234 -0.093  0.542 -0.439 -0.024  0.268  0.522 -0.143 -0.220  0.269  0.374  0.605  0.091  0.369  0.178  0.020  0.603
W        0.236 -0.096 -0.243 -0.102 -0.079  0.328  0.571  1.016 -0.071  0.247 -0.617  0.496 -0.339  0.034  0.390  0.366  0.268  0.346  0.447  0.653  0.000
Y        0.130  0.987 -0.004  0.070  0.409  0.185  0.014 -0.282 -0.380  0.197 -0.086  0.040 -0.187  0.159  0.034  0.272 -0.026 -0.070 -0.194  0.217  1.637
X        0.459  0.000  0.296  0.000 -0.360  0.000  0.000  0.559  0.581  0.194  0.000  0.000 -0.134  0.302  0.565  0.000  0.000 -0.199  0.671  0.038 -0.855
