i-1/i     A      C      D      E      F      G      H      I      K      L      M      N      P      Q      R      S      T      V      W      Y      X
A       -0.211 -0.766 -0.238 -0.254 -0.198 -0.307 -0.056  0.011 -0.157 -0.170 -0.113 -0.416 -0.101 -0.046 -0.246 -0.418 -0.125 -0.011 -0.321 -0.096 -1.573
C       -0.004 -0.882  0.154 -0.165 -1.402 -0.451  0.341  0.663  0.069  0.008  0.000  0.269 -0.757  0.167 -0.011 -0.988 -0.467 -0.044  1.275  0.802  0.000
D       -0.268 -0.826 -0.100 -0.291  0.091 -0.457 -0.292 -0.123 -0.529 -0.145  0.056 -0.532 -0.785 -0.218 -0.287 -0.080 -0.743 -0.251  0.109 -0.006  0.256
E       -0.058 -0.252 -0.115 -0.237 -0.202 -0.329 -0.602 -0.138 -0.541 -0.045  0.114 -0.426  0.042 -0.134 -0.475 -0.403 -0.142 -0.094  0.073 -0.377 -0.386
F        0.107  0.444  0.182  0.207  0.204 -0.022 -0.153  0.232  0.120 -0.049 -0.510  0.110  0.626  0.293  0.315  0.129 -0.127  0.176 -0.204 -0.326  0.000
G       -0.463 -0.411 -0.300 -0.288 -0.369 -0.137 -1.348 -0.570 -0.361 -0.154 -0.452 -0.078 -0.380 -0.621 -0.548 -0.491 -0.165 -0.284 -0.001 -0.352 -1.893
H        0.034  0.014 -0.050 -0.131 -0.689 -0.151 -0.052  0.267 -0.235  0.182 -0.898  0.246  0.000 -0.290  0.169 -0.157 -0.468 -0.015 -0.303  0.158  0.706
I        0.314  0.496  0.165  0.219  0.038  0.163 -0.077  0.068  0.303  0.114 -0.255  0.050  0.405  0.278  0.447  0.055  0.157  0.394  0.440  0.161  0.367
K       -0.176 -0.238 -0.317 -0.204 -0.364 -0.298 -1.088  0.092 -0.479 -0.078  0.001 -0.690  0.255 -0.309 -0.535 -0.457 -0.241 -0.146 -0.863 -0.850  0.000
L        0.046  0.430  0.064  0.111  0.017 -0.074  0.183  0.190  0.174  0.057  0.126 -0.034  0.651  0.035  0.157 -0.100  0.117  0.108  0.143 -0.099  0.254
M       -0.096 -1.473 -0.034  0.225  0.397 -0.373 -0.169 -0.518  0.075 -0.011 -0.362  0.110  0.443  0.160  0.048 -0.197 -0.886  0.060  0.295 -1.182  1.208
N       -0.087 -0.411 -0.127 -0.417  0.160 -0.272 -0.651 -0.585 -0.231  0.024 -0.407 -0.384  0.000 -0.143 -0.485 -0.221  0.044  0.090  0.110 -0.139  0.838
P        0.052  0.000 -0.354  0.258 -0.597  0.221  0.025 -0.792 -0.040 -0.005  0.396 -0.269  0.000  0.125 -0.417 -0.111  0.246 -0.679 -0.082 -0.082  1.721
Q       -0.182 -0.752 -0.156 -0.231 -0.439 -0.392 -0.616 -0.147 -0.207  0.049  0.731 -0.221  0.534 -0.123 -0.130 -0.178 -0.320 -0.019 -0.178 -0.341 -1.012
R       -0.128 -1.678 -0.181 -0.314 -0.935 -0.287 -0.664 -0.087 -0.193 -0.202 -0.110 -0.637 -0.021 -0.358 -0.366 -0.268 -0.408 -0.101 -0.449 -0.140  0.000
S       -0.205 -0.613 -0.146 -0.376 -0.086 -0.702  0.090 -0.431 -0.440 -0.315 -0.660 -0.264 -0.749 -0.400 -0.294 -0.701 -0.832 -0.478 -0.560 -0.597 -1.105
T        0.196  0.438  0.184 -0.160 -0.845  0.014 -0.486  0.044 -0.217  0.264  0.164 -0.261  0.592  0.161 -0.006 -0.202  0.000 -0.096 -0.292 -0.143 -1.179
V        0.209  1.030  0.145  0.335  0.132 -0.111 -0.437  0.184  0.278  0.168 -0.122  0.143  0.487  0.072  0.224  0.056 -0.361  0.130  0.102  0.353 -0.074
W        0.032  1.491  0.133  0.139  0.810 -0.194  0.775  0.052 -0.035  0.084  0.718  0.176  0.473  0.226  0.172  0.156  0.437 -0.199 -1.122  0.133  0.000
Y        0.096  0.667 -0.314  0.103 -0.303 -0.044  0.247 -0.013  0.320 -0.090 -0.106 -0.299  0.395 -0.079  0.028 -0.143 -0.127  0.045 -0.050  0.023  0.098
X        0.686  0.000  0.637  0.088  0.316  0.000  0.000  1.167  0.546  0.162  0.000  0.427  0.000  0.013  0.098 -0.385  0.776  0.096  0.000  0.000  0.000
