i-1/i     A      C      D      E      F      G      H      I      K      L      M      N      P      Q      R      S      T      V      W      Y      X
A        0.022 -0.208  0.260  0.140  0.115  0.000  0.089  0.120  0.135  0.097 -0.194  0.138 -0.646  0.023  0.039  0.157  0.102  0.072 -0.141  0.167 -0.574
C        0.073  0.599 -0.319 -0.164 -0.595  0.000 -0.844 -0.262  0.175  0.154 -1.146 -0.042  0.000  0.015  0.280  0.278  0.154 -0.021  0.000 -0.252  0.000
D        0.202  0.535  0.242  0.198  0.119  0.000 -0.018  0.079  0.140  0.149  0.682  0.643 -0.557 -0.011  0.158  0.188  0.418  0.121 -0.289 -0.012  1.507
E        0.158 -0.334 -0.031  0.123  0.267  0.000  0.046  0.031  0.017  0.179  0.419  0.530 -0.545  0.084  0.173  0.081  0.055  0.047 -0.065  0.006 -0.933
F        0.047 -0.097 -0.060 -0.096 -0.450  0.000 -0.052 -0.220  0.040 -0.126 -0.920 -0.137 -0.495 -0.145  0.103  0.213 -0.020 -0.037  0.387 -0.440  0.000
G        0.176 -0.388  0.009  0.117 -0.003  0.000 -0.030  0.222 -0.041 -0.023 -0.381 -0.334  0.521  0.144  0.106  0.404  0.302  0.016  0.156 -0.062 -1.866
H        0.130  0.313  0.020  0.092  0.055  0.000 -0.470  0.215 -0.070  0.074 -0.262  0.088  0.000  0.336  0.176  0.114  0.420  0.153 -0.187  0.320 -1.246
I       -0.188 -0.359 -0.003 -0.165 -0.143  0.000 -0.105 -0.085 -0.021 -0.195 -0.594 -0.109 -0.611 -0.209 -0.060 -0.012  0.127 -0.070 -0.113  0.118 -0.985
K        0.032  0.373  0.048 -0.058  0.042  0.000  0.189  0.212  0.092  0.174  0.341  0.092 -0.470  0.017  0.079  0.139  0.066  0.107 -0.031  0.299  0.000
L       -0.137 -0.140  0.057 -0.035 -0.032  0.000  0.001  0.070  0.044 -0.151  0.306  0.168 -0.581 -0.017  0.014  0.111  0.214 -0.065 -0.269  0.118 -0.655
M       -0.143 -0.077 -0.318 -0.190 -0.012  0.000  0.522 -0.006  0.051  0.076 -0.208  0.125 -0.252 -0.025  0.164  0.095  0.426 -0.005  0.251 -0.765  2.034
N        0.263  0.438 -0.014  0.155  0.094  0.000 -0.080  0.206  0.063  0.261  0.140  0.204  0.000  0.033  0.202  0.042  0.074  0.077  0.420  0.034  1.495
P        0.443  1.134 -0.333 -0.500 -0.296  0.000 -0.885 -0.381  0.171 -0.109 -0.109 -0.714  0.000 -0.242 -0.095 -0.443 -0.151  0.024  0.112  0.015 -2.686
Q        0.116  0.524  0.089  0.070  0.126  0.000 -0.261  0.066  0.012  0.191  0.913  0.048 -0.485  0.114  0.145  0.219  0.169  0.088 -0.473 -0.027  0.959
R        0.087 -0.286 -0.077 -0.021  0.121  0.000 -0.287  0.213  0.083  0.181  0.149  0.180 -0.471  0.083  0.044  0.039 -0.070  0.167  0.110  0.021 -0.022
S        0.209  0.470  0.218  0.185 -0.166  0.000  0.294  0.253  0.225  0.254  0.347  0.122  0.000  0.276  0.251  0.302  0.293  0.080  0.284  0.137 -1.675
T       -0.009 -0.063  0.030  0.096  0.227  0.000  0.327  0.001  0.009  0.070  0.092  0.221 -0.725 -0.028 -0.010  0.196  0.384  0.059  0.023  0.373  0.693
V       -0.080 -0.845  0.025 -0.139 -0.133  0.000 -0.298 -0.167  0.042 -0.290 -0.207  0.103 -0.758 -0.056 -0.000 -0.083  0.091 -0.016 -0.083 -0.205  0.860
W       -0.245 -0.546 -0.365 -0.189  0.147  0.000  0.261  0.196 -0.131  0.273  0.213  0.119 -0.507 -0.359 -0.209 -0.393 -0.101  0.098  0.828  0.051  0.000
Y        0.099  0.112 -0.012 -0.127 -0.420  0.000 -0.424  0.060 -0.009 -0.103 -0.041 -0.139 -0.524 -0.036 -0.104  0.046  0.155 -0.003  0.339 -0.068 -0.522
X       -0.009  0.000 -0.571 -0.140  0.595  0.000  0.000 -0.007 -0.066  0.115  0.000  0.277  0.000 -0.036  0.451 -0.065  0.376  0.371  0.000  0.000  0.000
