i-1/i     A      C      D      E      F      G      H      I      K      L      M      N      P      Q      R      S      T      V      W      Y      X
A        0.448 -0.033  0.422  0.593 -0.272  0.348  0.308 -0.234  0.567  0.101  0.109  0.312 -0.391  0.459  0.361  0.374  0.102 -0.070  0.172 -0.128  0.516
C       -0.094  0.152  0.782  0.147 -1.355 -0.598 -0.119  0.206  0.348 -0.151  0.527  0.077  0.178  0.369  0.000  0.550  0.055  0.256 -0.056  0.924  0.000
D       -0.003  0.632 -0.531 -0.264  0.158 -0.232  0.218 -0.163 -0.538  0.062  0.138  0.147 -0.158 -0.755 -0.661 -0.232 -0.380 -0.250  0.537 -0.419  0.000
E        0.476  0.017  0.186  0.190  0.120  0.070 -0.041 -0.059 -0.048  0.295  0.471  0.016  0.312 -0.096 -0.182  0.337 -0.028 -0.235 -0.266 -0.022 -0.721
F       -0.115 -0.688 -0.072  0.009  0.256 -0.042  0.073 -0.100  0.107 -0.048 -0.400 -0.334  0.000  0.126  0.125  0.006 -0.412  0.194 -0.116 -0.191  0.413
G        0.337  0.000  0.555  0.688 -0.254 -0.125  0.548  0.473  0.501  0.699  0.537  0.950  0.964  0.609  0.776  0.434  0.935  0.549 -0.827  0.819  0.000
H        0.395  0.000 -0.018  0.205  0.399  0.886  0.149  0.093  0.073  0.264  0.531  0.559 -1.265  0.170  0.394  0.982  0.655  0.163  1.182  0.679  0.000
I       -0.267 -0.037 -0.334 -0.117 -0.354 -0.612  0.182 -0.458 -0.232 -0.465 -0.051  0.000 -0.546 -0.157 -0.756 -1.055 -0.436 -0.382  0.280 -0.245 -0.419
K        0.743 -0.085 -0.133  0.051 -0.199  0.383 -0.500  0.341  0.342  0.229  0.589  0.335  0.246  0.351  0.598  0.553 -0.030  0.168  0.015 -0.288 -0.647
L       -0.184  0.116 -0.141 -0.224 -0.359 -0.610  0.104 -0.138 -0.079 -0.389 -0.408 -0.501 -0.632  0.089 -0.360 -0.566  0.005 -0.339 -0.346 -0.183 -0.063
M       -0.243  0.193 -0.286  0.160 -0.418 -0.601 -0.097 -0.336 -0.086 -0.163  0.058 -0.799 -0.082  0.303  0.149  0.005  0.003  0.053 -0.831  0.106  0.762
N       -0.039 -0.144 -0.039 -0.246  0.048  0.365 -0.099 -0.143 -0.174  0.301  0.367 -0.208 -0.040 -0.343  0.093  0.212 -0.581  0.182  0.000  0.772  0.000
P        0.000 -0.421  0.000  0.382  0.000  0.000  0.000  0.000  0.448  0.000  0.000  0.000  0.000  0.000 -0.249 -0.937  0.306 -0.353  0.000  0.000  0.000
Q        0.641 -0.314 -0.141  0.012  0.037  0.287  0.091  0.154  0.188  0.218  0.233 -0.205  0.406  0.172  0.141  0.188  0.101 -0.021 -0.051  0.086  0.000
R        0.561  0.856 -0.130  0.132  0.100 -0.038  0.292 -0.046  0.271  0.099  0.270  0.350 -0.037  0.174  0.336  0.333  0.213  0.241 -0.171 -0.256  0.000
S        0.693  0.663  0.370  0.351  0.962  0.565  0.611  0.805  0.691  0.711  0.708  0.762  0.878  0.483  0.754  0.373  0.865  0.633  0.931  0.947  0.000
T        0.631  0.670  0.393  0.619  1.339  0.088  0.658  0.653  0.914  0.732  0.821  0.702  0.327  0.561  0.980  0.454  0.505  1.031  1.069  0.977  0.880
V       -0.294  0.264 -0.026 -0.057 -0.405 -0.634 -0.272 -0.277 -0.213 -0.366  0.163 -0.542 -0.781  0.080 -0.081 -0.749 -0.480 -0.468 -1.185 -0.379 -1.319
W       -0.454  1.407 -0.389 -0.176 -0.070 -0.689  0.058 -0.149 -0.743 -0.097 -1.079 -0.158  0.447  0.373 -0.348  0.062 -0.992 -0.183 -0.087  0.700  0.000
Y        0.074 -0.086  0.178 -0.065  0.007 -0.272  0.659 -0.347 -0.078 -0.323 -0.078 -0.661 -0.614  0.025  0.032  0.096 -0.267 -0.203 -0.298  0.356  1.278
X       -1.176  0.000  0.603  0.000  0.366  0.000  0.000 -0.422  0.000 -1.138  0.000 -1.246  0.000 -1.071 -0.927  0.000  0.000  0.414  0.554 -0.828  1.215
