i-1/i     A      C      D      E      F      G      H      I      K      L      M      N      P      Q      R      S      T      V      W      Y      X
A        0.099 -0.116 -0.147  0.010  0.261 -0.169 -0.055 -0.059  0.019  0.156 -0.227 -0.264 -0.252 -0.224 -0.025 -0.371 -0.109 -0.080 -0.628  0.016  0.739
C        0.496  0.145  0.090  0.389  0.277  0.334  0.856 -0.061  0.635 -0.152  0.155 -0.020 -1.274 -0.046  0.692 -0.278  0.498 -0.025  0.667  0.959  0.000
D        0.166  0.276 -0.281 -0.123 -0.234 -0.232 -0.517 -0.181 -0.238  0.032  0.171  0.165 -0.147  0.121 -0.253  0.216  0.261 -0.238 -0.128  0.035 -0.992
E        0.250 -0.394  0.122  0.243  0.230 -0.075  0.321 -0.068  0.146  0.124  0.105 -0.054  0.038  0.019 -0.004  0.196 -0.107  0.258 -0.571 -0.153 -0.083
F       -0.032 -0.322  0.086 -0.023  0.413  0.325  0.035 -0.096 -0.112  0.221 -0.712 -0.322  0.043 -0.038 -0.183  0.091 -0.119 -0.126  0.342  0.058 -1.347
G        0.695  0.000 -0.051 -0.093  0.152 -0.612 -0.494 -0.066  0.296  0.393  0.196  0.350  0.433  0.178 -0.284  0.457 -0.062  0.194  0.035 -0.597  0.000
H        0.205 -1.329 -0.155 -0.220 -0.012  1.151  0.068  0.019 -0.385  0.047  0.062  0.217 -0.568 -0.204 -0.023 -0.017 -0.511 -0.530  0.610  0.068  0.000
I        0.122 -0.325  0.282  0.133  0.253 -0.074  0.220  0.222  0.284  0.097  0.197 -0.002  0.155  0.431  0.450  0.240 -0.027 -0.012  0.162  0.410  0.486
K       -0.000 -0.131 -0.158  0.024  0.196 -0.038 -0.007  0.034  0.080  0.058  0.187  0.059 -0.331  0.041  0.105 -0.341 -0.054 -0.061 -0.133 -0.002  0.079
L        0.312  0.447  0.023  0.207 -0.059 -0.127  0.301  0.134  0.269  0.081  0.056 -0.124 -0.034  0.174  0.131 -0.134  0.124  0.137  0.186  0.272  0.006
M        0.227 -0.166 -0.016 -0.171 -0.381 -0.015  0.313  0.036  0.015  0.177  0.174 -0.134 -0.319  0.270  0.271 -0.261 -0.164 -0.001  0.980  0.304 -0.047
N       -0.060  1.054 -0.893 -0.340 -0.638 -0.336 -0.135 -0.128 -0.179 -0.098  0.019 -0.336 -0.581 -0.327 -0.242  0.033 -0.708  0.061 -0.820 -0.201  0.000
P        0.000  0.000  0.000  0.000  0.000 -0.361  0.000 -1.066  0.000  0.000  0.000  0.000  0.000  0.000  0.000  0.000  0.000  0.000  0.000 -0.353  0.000
Q        0.106  0.390 -0.019  0.169  0.112  0.029 -0.209 -0.023  0.193  0.005 -0.038  0.065 -0.064 -0.051  0.107 -0.008  0.040  0.075 -0.239  0.100  0.436
R        0.008 -0.030 -0.129 -0.138 -0.253 -0.060  0.254  0.147  0.158  0.143 -0.140  0.033 -0.057  0.149  0.200  0.042 -0.020 -0.200  0.448 -0.153  0.229
S        0.086 -0.376 -0.412 -0.016  0.198 -0.125  0.445  0.019 -0.003  0.144  0.599  0.043  0.437 -0.042 -0.052  0.019  0.341  0.322  0.101  0.269  0.216
T        0.051  0.575 -0.500  0.267 -0.017 -0.395 -0.192 -0.093  0.185  0.226 -0.024 -0.119 -0.567  0.092 -0.057 -0.075  0.372 -0.122  0.886 -0.396  0.413
V        0.198  0.541  0.153  0.295  0.124 -0.016  0.099  0.114  0.322  0.051  0.373  0.528 -0.131  0.280  0.406 -0.055  0.022 -0.113  0.237  0.008  0.691
W       -0.529  0.410  0.473  0.473 -0.918 -0.110  0.338 -0.515  0.031  0.097  0.987  0.153 -0.653  0.364  0.279 -0.224 -0.233 -0.130  0.000  0.448  0.000
Y        0.219  0.255 -0.229 -0.052 -0.209 -0.381 -0.092 -0.041 -0.490 -0.176 -1.050 -0.092 -0.553 -0.003 -0.375 -0.230 -0.308 -0.106  0.522  0.288  0.000
X        0.060  0.000 -0.712  0.000  0.000 -0.176  0.000  0.805 -0.102  1.212 -0.099 -1.180 -0.461 -0.435 -1.116 -0.617  0.021 -0.435  0.000 -0.887  0.000
