i-1/i     A      C      D      E      F      G      H      I      K      L      M      N      P      Q      R      S      T      V      W      Y      X
A        0.042 -0.015 -0.012  0.011  0.153  0.000  0.047  0.001  0.011 -0.004  0.088 -0.018  0.040  0.020 -0.000 -0.017 -0.028  0.009  0.120  0.013  0.300
C        0.076  0.048  0.049  0.077  0.078  0.000  0.188  0.033  0.105  0.076 -0.141  0.141  0.041  0.164 -0.020  0.071 -0.110  0.075 -0.134  0.053  0.000
D       -0.001 -0.052  0.031 -0.021 -0.027  0.000 -0.040 -0.057 -0.046 -0.041  0.141 -0.085 -0.005 -0.042 -0.045 -0.014 -0.008 -0.029 -0.061 -0.049 -0.098
E       -0.017 -0.135 -0.029 -0.047 -0.110  0.000 -0.017 -0.032 -0.034 -0.029 -0.082 -0.035 -0.031 -0.044 -0.024 -0.022  0.055 -0.037 -0.019 -0.064  0.130
F        0.067  0.043  0.042  0.034  0.080  0.000 -0.069  0.053  0.063  0.069 -0.102  0.054  0.117  0.033  0.056  0.068  0.005  0.049 -0.043  0.044  0.143
G        0.067  0.059  0.041  0.019 -0.025  0.000  0.120  0.015  0.032  0.023  0.248  0.044  0.014 -0.032  0.031 -0.012  0.028  0.015  0.198 -0.000  0.000
H        0.034 -0.097  0.007 -0.021 -0.169  0.000  0.049 -0.031  0.009  0.000 -0.090 -0.071 -0.149 -0.018 -0.017 -0.002 -0.018 -0.029  0.093  0.091  0.000
I        0.035  0.068  0.063  0.065  0.122  0.000 -0.031 -0.011  0.079  0.016  0.051  0.011  0.096  0.094  0.107  0.065  0.040  0.057  0.088  0.044  0.033
K        0.008  0.071 -0.014 -0.026 -0.001  0.000 -0.039 -0.000 -0.024 -0.015  0.132 -0.005  0.020 -0.012 -0.048 -0.002  0.036 -0.045 -0.039 -0.019 -0.027
L        0.057  0.079 -0.005  0.050  0.071  0.000  0.098  0.031  0.081  0.037 -0.001  0.021  0.099  0.087  0.088  0.045  0.034  0.098 -0.009  0.124 -0.018
M        0.105 -0.040  0.074  0.057  0.079  0.000  0.073  0.038  0.089  0.025 -0.083  0.002  0.026  0.024  0.084  0.073  0.005  0.005 -0.005  0.147 -0.178
N       -0.019  0.071 -0.007 -0.023 -0.081  0.000  0.004 -0.075 -0.004 -0.002 -0.080 -0.033  0.124 -0.009 -0.033  0.020 -0.077 -0.001  0.076 -0.111 -0.076
P        0.140  0.000  0.000  0.023  0.132  0.000  0.000  0.140  0.159  0.182  0.235  0.000  0.000  0.112  0.163 -0.147  0.069  0.217  0.276  0.217  0.000
Q       -0.025 -0.086  0.001 -0.015 -0.051  0.000  0.052  0.001 -0.026 -0.022  0.068  0.020  0.028 -0.043 -0.035 -0.076  0.018 -0.036 -0.035  0.018 -0.127
R       -0.023 -0.065  0.042 -0.036 -0.057  0.000 -0.092 -0.022 -0.005  0.004  0.013  0.032  0.013 -0.035  0.011 -0.014 -0.014 -0.018 -0.119  0.056 -0.347
S        0.017 -0.031 -0.075  0.006  0.026  0.000  0.064 -0.006  0.038  0.027  0.115  0.064  0.002  0.005 -0.007  0.052  0.048 -0.036 -0.158  0.045 -0.094
T        0.012  0.075 -0.020  0.049  0.067  0.000  0.097  0.076  0.052  0.003  0.006  0.049  0.042  0.010  0.067  0.003  0.170  0.072  0.070 -0.117 -0.166
V        0.055 -0.011  0.034  0.061  0.140  0.000  0.027  0.007  0.070  0.032  0.020  0.095  0.053  0.067  0.108  0.039  0.068  0.100  0.020  0.168  0.277
W       -0.007  0.223 -0.001  0.003 -0.186  0.000 -0.122  0.065  0.090  0.064 -0.057  0.176  0.084  0.072  0.106  0.071 -0.004  0.005 -0.272  0.102  0.000
Y        0.090  0.046  0.007  0.032 -0.160  0.000 -0.022  0.053 -0.005  0.052 -0.088 -0.054  0.059 -0.059 -0.004  0.087 -0.013  0.017  0.136 -0.021  0.000
X       -0.068  0.000  0.115  0.098  0.000  0.000  0.000 -0.005  0.141  0.035  0.128  0.073  0.154  0.132 -0.022  0.105 -0.182  0.135  0.000  0.111  0.000
