i-1/i     A      C      D      E      F      G      H      I      K      L      M      N      P      Q      R      S      T      V      W      Y      X
A        0.012 -0.002  0.019  0.017  0.005  0.000 -0.096 -0.012 -0.005 -0.014  0.031  0.028  0.058  0.062 -0.010  0.012 -0.000 -0.014 -0.082  0.003  0.045
C       -0.078 -0.304 -0.083 -0.079 -0.170  0.000  0.000 -0.187 -0.243 -0.072 -0.053 -0.137 -0.059 -0.039 -0.109 -0.018 -0.113 -0.036  0.000 -0.036  0.000
D        0.145  0.160 -0.001  0.098  0.234  0.000  0.064  0.123  0.160  0.117  0.114  0.061  0.216  0.141  0.177  0.134  0.167  0.164 -0.093  0.178  0.061
E        0.095  0.033  0.015  0.063  0.084  0.000  0.133 -0.006  0.141  0.041 -0.038  0.060  0.135  0.072  0.160  0.087  0.080  0.146  0.079  0.030 -0.258
F       -0.030 -0.014  0.066 -0.049 -0.220  0.000 -0.086  0.042 -0.019  0.040  0.206  0.106 -0.045 -0.032 -0.027 -0.021  0.078  0.035  0.099 -0.104  0.000
G        0.130 -0.052  0.063  0.063  0.044  0.000  0.210  0.083  0.085  0.124  0.052  0.039  0.154  0.100  0.084  0.096  0.102  0.115 -0.079  0.139  0.000
H        0.080  0.041  0.122  0.073 -0.018  0.000  0.079  0.008  0.099 -0.007 -0.055 -0.007  0.145  0.062  0.091  0.081  0.093  0.015  0.272  0.134 -0.164
I       -0.106 -0.120 -0.054 -0.123 -0.108  0.000 -0.127 -0.101 -0.145 -0.028  0.030 -0.075 -0.021 -0.116 -0.140 -0.073 -0.136 -0.111  0.196 -0.175  0.168
K        0.057  0.030 -0.002  0.023  0.024  0.000  0.005  0.000  0.016  0.008  0.051 -0.010  0.000 -0.016  0.033 -0.027 -0.040  0.020 -0.121  0.064 -0.214
L       -0.093 -0.097 -0.052 -0.129 -0.047  0.000 -0.122 -0.029 -0.125 -0.062  0.033 -0.037 -0.062 -0.113 -0.151 -0.117 -0.067 -0.113  0.033 -0.087 -0.339
M       -0.046  0.024 -0.017 -0.116  0.001  0.000  0.004  0.036 -0.057 -0.017 -0.064 -0.050  0.067  0.011 -0.049 -0.124  0.077 -0.011  0.115  0.009  0.300
N        0.139  0.063  0.065  0.055  0.035  0.000  0.146  0.031  0.077  0.013  0.022  0.027  0.122  0.102  0.068  0.067  0.002  0.105 -0.123  0.121  0.328
P        0.211  0.000  0.000  0.000  0.000  0.000  0.000  0.000  0.000  0.000  0.130  0.014  0.000  0.000  0.000  0.108  0.173  0.000  0.271  0.204  0.000
Q        0.096 -0.033 -0.009  0.029  0.199  0.000 -0.014  0.023  0.084  0.016  0.061 -0.096  0.068  0.049  0.109  0.049  0.063  0.103  0.142  0.039  0.109
R        0.003 -0.030  0.044  0.081  0.011  0.000 -0.007 -0.074  0.009 -0.011 -0.077 -0.006 -0.030 -0.035 -0.004  0.012 -0.061 -0.032 -0.173  0.040  0.232
S        0.115  0.088  0.018  0.049  0.091  0.000  0.049  0.016  0.055  0.046  0.059  0.063  0.147  0.041  0.074  0.055  0.010  0.015 -0.078  0.192  0.000
T        0.070 -0.207  0.034  0.047 -0.015  0.000  0.154 -0.045  0.019  0.038 -0.094  0.050  0.085  0.065  0.046 -0.028  0.131  0.082  0.084  0.173 -0.134
V       -0.083 -0.077 -0.066 -0.128 -0.104  0.000 -0.097 -0.055 -0.147 -0.051 -0.000 -0.077 -0.022 -0.056 -0.108 -0.064 -0.087 -0.127  0.076 -0.121 -0.255
W       -0.042  0.000  0.017  0.128  0.125  0.000  0.208  0.065  0.155  0.099  0.182  0.000  0.193  0.035 -0.027  0.219 -0.134  0.217  0.046 -0.051  0.000
Y        0.025  0.048  0.112 -0.055 -0.007  0.000  0.081 -0.011 -0.052  0.055  0.124  0.038  0.141  0.066 -0.051 -0.053  0.125 -0.123  0.002 -0.003  0.189
X       -0.155  0.000  0.000  0.000 -0.010  0.000  0.167 -0.087  0.000  0.048  0.041  0.070  0.000  0.000  0.000 -0.166  0.000 -0.133  0.000  0.000  0.104
