i-1/i     A      C      D      E      F      G      H      I      K      L      M      N      P      Q      R      S      T      V      W      Y      X
A       -0.101 -0.111 -0.094 -0.114 -0.137 -0.061  0.109 -0.138 -0.062 -0.063 -0.072 -0.177  0.000 -0.019 -0.074 -0.085 -0.078 -0.088 -0.103 -0.073 -0.117
C       -0.168  0.075 -0.262 -0.168 -0.116 -0.292  0.081  0.306 -0.211  0.028 -0.019 -0.250  0.000 -0.081 -0.104 -0.241  0.002 -0.201  0.307  0.438  0.000
D       -0.178 -0.100 -0.128 -0.174 -0.069 -0.030 -0.421 -0.110 -0.154 -0.213 -0.136 -0.263  0.000 -0.171 -0.146 -0.155 -0.213 -0.187 -0.030 -0.101 -0.237
E       -0.058 -0.159 -0.125 -0.182  0.057 -0.144 -0.278 -0.095 -0.127 -0.042 -0.009 -0.221  0.000 -0.145 -0.201 -0.130 -0.016 -0.129 -0.000 -0.085 -0.204
F        0.266  0.175  0.123  0.202  0.136  0.100  0.060  0.158  0.225  0.199  0.256  0.078  0.000  0.166  0.201  0.203  0.130  0.239 -0.079  0.407  0.000
G       -0.146 -0.392 -0.095 -0.077 -0.202  0.072  0.000  0.007 -0.063 -0.031 -0.200  0.010  0.000 -0.242 -0.317 -0.074 -0.198  0.004  0.061 -0.127 -0.092
H        0.108  0.325  0.077 -0.100 -0.292 -0.067 -0.163  0.004 -0.123  0.173  0.163 -0.054  0.000  0.023  0.204  0.150  0.069 -0.042 -0.143 -0.090 -0.047
I        0.003 -0.149 -0.019 -0.037  0.002 -0.021  0.133  0.013 -0.002 -0.005  0.036 -0.044  0.000  0.078  0.054 -0.036 -0.003  0.028  0.168  0.058  0.042
K       -0.124 -0.297 -0.141 -0.153 -0.141 -0.189 -0.210 -0.074 -0.222 -0.150 -0.095 -0.217  0.000 -0.144 -0.217 -0.114 -0.193 -0.177 -0.219 -0.204 -0.074
L       -0.019 -0.002  0.025 -0.030  0.011 -0.056  0.091 -0.001  0.068  0.010  0.083  0.046  0.000  0.005  0.068 -0.057  0.011 -0.017  0.123 -0.038  0.099
M        0.011 -0.225  0.053  0.025 -0.022 -0.115  0.095  0.006  0.016 -0.076  0.048 -0.073  0.000  0.008 -0.012 -0.019 -0.032 -0.036 -0.015 -0.115  0.526
N       -0.039  0.199 -0.004 -0.138 -0.128 -0.130 -0.249  0.114 -0.060  0.004 -0.075  0.052  0.000  0.021 -0.089 -0.162 -0.020  0.021  0.048 -0.034 -0.193
P        0.014 -0.562  0.020  0.365 -0.566  0.113  0.000  0.000 -0.173 -0.322  0.000  0.239  0.000 -0.049 -0.065  0.140 -0.223 -0.566 -0.577  0.000 -0.157
Q       -0.073 -0.098 -0.008 -0.112 -0.105  0.046 -0.102  0.005 -0.079  0.001  0.021 -0.067  0.000 -0.084 -0.108 -0.032  0.043 -0.061 -0.061 -0.084 -0.491
R       -0.122 -0.233 -0.034 -0.127 -0.148 -0.120 -0.207 -0.088 -0.089 -0.061 -0.029 -0.193  0.000 -0.009 -0.100 -0.131 -0.181  0.019  0.064 -0.069 -0.144
S       -0.219 -0.170 -0.136 -0.261 -0.145 -0.108 -0.134 -0.140 -0.200 -0.235 -0.302 -0.080  0.000 -0.272 -0.238 -0.200 -0.181 -0.229 -0.149 -0.292  0.240
T       -0.089 -0.192 -0.246 -0.167 -0.093 -0.249 -0.169 -0.136 -0.162 -0.093 -0.012 -0.135  0.000  0.012 -0.075 -0.190 -0.075 -0.027 -0.565 -0.042 -0.219
V       -0.010  0.095  0.016 -0.012 -0.052 -0.060 -0.100 -0.019  0.028 -0.093  0.005 -0.082  0.000 -0.079 -0.103 -0.037 -0.078 -0.033 -0.002 -0.027 -0.184
W        0.152  0.441 -0.033  0.210  0.291  0.241 -0.179  0.465  0.074  0.271  0.109 -0.013  0.000 -0.012  0.223  0.125  0.248  0.291  0.524  0.205  0.000
Y        0.236  0.118  0.149  0.153  0.000 -0.041  0.154  0.202  0.173  0.203  0.109 -0.004  0.000  0.069  0.028  0.089 -0.086  0.064  0.092  0.202 -0.485
X        0.346  0.000  0.340  0.237  0.000  0.000  0.000  0.117  0.280  0.237 -0.242  0.000  0.000 -0.195 -0.392 -0.053 -0.207  0.000  0.000  0.000  0.000
