i-1/i     A      C      D      E      F      G      H      I      K      L      M      N      P      Q      R      S      T      V      W      Y      X
A        0.428  0.426  0.351  0.585  1.027  1.146  1.098  0.364  0.962  0.762  0.211  1.009  0.000  0.435  0.516  0.335  0.587  0.454  0.072  0.571  0.859
C       -0.278 -1.709  0.340  0.327 -1.069  0.060  0.000  0.652  2.067  0.078  1.879  1.133  0.000  1.180  1.285  1.102  1.450  0.496 -0.271  0.724  0.000
D       -0.758  1.316  0.408 -0.389 -0.037  0.169 -0.257 -0.326 -0.282  0.109 -0.313  0.661  0.000  0.182 -0.532 -0.139 -0.671 -0.036  0.053 -1.009  0.571
E       -0.166  0.110  0.271  0.059  0.261  0.015 -0.353  0.420  0.154  0.422  0.805  0.399  0.000  0.346 -0.311 -0.075  0.548 -0.009 -0.849  0.785 -0.717
F        0.623 -0.602 -0.782  0.104 -0.109  0.632  0.834  0.190  0.647  0.925  0.204 -0.155  0.000  0.606  0.760  0.379  1.111  0.070  1.200  0.383  0.000
G        0.587 -0.385  0.987  1.322  1.753  0.389  0.623  0.976  0.940  1.353  1.200  1.041  0.000  0.658  1.173  0.695 -0.124  0.810  0.944  1.121  0.000
H        0.347  0.560  0.622 -0.295  1.156 -0.821  2.265  1.433  0.132  0.270  0.435  0.637  0.000  1.076  0.580  0.883 -1.198  0.549  0.515 -0.065  0.743
I       -0.388 -0.090  0.253 -0.203  0.055 -0.819  0.883 -0.309 -0.467 -0.417 -1.441 -0.214  0.000 -0.551  0.159 -0.455 -0.930 -0.467  0.574  0.224 -0.250
K       -0.050  0.855  0.093  0.055 -0.010 -0.325  0.409 -0.175  0.077  0.537  0.146  0.241  0.000  0.448  0.100  0.056  1.061  0.429  1.164 -0.128  2.719
L       -0.105  0.392 -0.092 -0.325 -0.150 -0.208  0.682 -0.006 -0.161 -0.069 -0.366  0.487  4.093 -0.265  0.108  0.309 -0.294 -0.192 -0.380  0.040 -0.369
M        0.631  0.424  0.219  0.201  0.866 -0.068  0.271  0.204  0.083  0.444  0.129  0.081  0.000 -0.326  0.428 -0.475 -0.135  0.561  0.975  0.681 -2.126
N        0.250  1.805  0.044 -0.095  0.580  0.693  0.217  0.634  0.019  0.473  0.030  0.123  0.000  0.470  0.417  0.127  0.978  0.554 -0.401  0.378  1.636
P        0.227  3.255  0.000 -1.332  0.000  1.626  0.000  0.000  0.000  0.000 -1.614  0.000  0.000  0.000 -1.921 -1.167 -2.415  0.000  1.013  0.000  0.000
Q       -0.173  0.225 -0.109  0.304  0.561  0.560 -0.260  0.655  0.581  0.141  1.411  0.725  0.000  0.382  0.067  0.498  1.055  0.428 -0.080  0.763  1.198
R        0.253  0.716  0.398  0.401  0.742  0.507  0.451  0.329  0.403  0.435  1.070  0.319  0.000  0.356  0.221  0.156  1.119  0.696 -0.249  0.130 -0.933
S        1.174  0.489  1.242  1.238  1.095  1.448  0.955  1.542  1.305  1.108  0.865  1.089  0.000  1.373  1.226  1.052  1.265  1.670  1.883  1.504  0.000
T        1.717  0.000  0.822  2.086  2.602  0.990  0.988  1.688  1.513  1.917  1.752  1.431  0.000  1.578  2.022  1.330  1.151  2.620  1.332  2.649  1.182
V       -0.106  1.606 -0.731 -0.833  0.174 -0.509 -0.652  0.403 -0.668 -0.039 -0.621 -0.200  5.368 -0.796 -0.528 -0.200 -0.758 -0.092 -0.563  0.509  0.554
W        0.760  0.000 -0.338  0.737 -0.172 -0.201 -0.166 -0.265  0.846  0.791 -0.184  0.312  0.000  1.283 -0.517  0.801  0.125  0.626  0.556 -0.279  0.000
Y        0.587 -0.923  0.343 -0.374  0.013  0.722  1.126  0.612  1.016  0.417  0.672  1.213  0.000  0.685 -0.006  0.548  0.435  0.109 -0.378  0.480 -0.958
X        1.027  0.000 -2.263  0.395  0.000  0.000 -2.217  2.591 -1.197  0.563  1.774 -0.653  0.000  1.487 -0.354  0.000  0.000  1.146  0.000  1.464  0.970
