i-1/i     A      C      D      E      F      G      H      I      K      L      M      N      P      Q      R      S      T      V      W      Y      X
A        0.206  0.807  0.134  0.171  0.742  0.525  0.365  0.342  0.357  0.237  0.191  0.568  0.000  0.237  0.187  0.223  0.582  0.091 -0.146  0.350  1.126
C       -0.578  0.000  0.347 -0.092  1.237 -1.857  1.436 -0.198  0.096  0.726 -1.314  0.754  0.000 -0.177 -0.805  0.337  0.368 -0.745 -0.623  0.000  0.000
D       -0.008 -0.736  0.505  0.839  0.883  0.110  0.526  0.372  0.504  0.305  0.331  0.125  0.000  1.203  0.778  0.203 -0.102  0.338  0.175  0.327 -0.836
E        0.493  0.828  1.026  0.714  0.186  0.836  0.878  0.300  0.926  0.415  0.316  0.875  4.070  0.682  1.304  0.544  0.580  0.351  1.113  0.386 -0.738
F       -0.421  0.655 -0.457 -0.215  0.532 -0.314 -0.032 -0.440  0.025 -0.526 -0.232  0.181  0.000  0.097 -0.323 -0.433 -0.628  0.075 -1.247  0.305 -0.460
G        0.479 -0.026  0.422  0.245  0.960  0.798  0.219  0.697  0.434  0.369  0.456  0.309  0.000  0.665 -0.319  0.932  1.086  0.513  1.812  0.337  0.000
H        0.095  0.902  0.736  0.694  0.647  0.913  1.325 -0.031  0.559  0.074  0.415  0.520  0.000  0.382  0.013  1.070 -0.310  0.855  1.390  0.141  0.000
I       -0.472 -1.571 -0.461 -0.496 -0.235 -0.522  0.329 -0.695 -0.208 -0.494  0.196  0.072  0.000 -0.296 -0.255 -0.782 -0.437  0.476 -0.915  0.229  0.229
K        0.530  1.263  0.724  0.727  1.038  0.708  0.469  0.464  0.627  0.602 -0.013  0.635 -2.637  0.376  0.041  0.627  0.571  0.181  0.437  0.609  2.499
L       -0.234  0.112 -0.189 -0.341 -0.707 -0.325 -0.081 -0.059 -0.019 -0.050 -0.045  0.335  1.074 -0.127 -0.276 -0.039 -0.152 -0.397 -0.656  0.197 -1.448
M       -0.651 -0.235  0.126  0.174 -0.314 -0.106 -0.925 -0.084 -0.033  0.222 -0.828  0.424  0.000  0.212 -0.422  0.171 -0.274 -0.227  0.742 -0.430  0.000
N        0.275  1.600  0.115  0.517 -0.098 -0.858  2.152 -0.299  0.547  0.472  0.488 -0.153  0.000  0.896 -0.123  1.124  1.233 -0.492 -1.037  0.634  1.930
P       -1.445  0.000 -0.461 -1.573  1.194  2.684  0.000 -2.595 -0.479 -1.279  0.000  0.691  0.000 -1.396  0.030  0.522  0.000 -1.106  0.000  0.000  0.000
Q        0.343  0.989  0.771  0.780  0.456  0.316  1.100  0.862  0.644  0.604  0.776  0.677  0.000  1.003  0.588  0.702  0.795  0.483 -0.025  0.424 -0.901
R        0.260  0.097  0.312  0.355  0.347  0.259  1.063  0.463  0.234  0.105  0.577  1.056  0.000 -0.114  0.397  0.226  0.732  0.489 -0.608  0.516  1.541
S        0.692  1.283  1.371  0.843  0.446  1.086  0.092  0.830  0.049  0.598  0.217  0.619  0.000  0.923  0.424  0.817  0.446  0.773  0.137  0.356 -0.246
T        0.430  0.840  1.065  0.502  0.922  0.434 -0.377  0.312  0.613  0.922  0.602  0.332  0.000 -0.154  0.911  1.238 -0.010  0.411  0.818  0.623  0.545
V       -0.417 -2.388 -0.281 -0.487 -0.252  0.162 -0.243 -0.266 -0.569 -0.073 -0.143 -0.026  0.000  0.021 -0.374  0.006 -0.337 -0.215 -0.257 -0.149 -0.651
W       -0.712  1.228 -0.270  0.196 -2.905  0.742 -0.838  0.784  0.533 -0.722 -2.136 -0.099  0.000  0.109  0.195  0.978  0.467  0.204  0.000  0.199  0.000
Y       -0.447 -1.811 -0.665 -0.121 -0.299 -1.563 -0.272 -0.109 -0.348 -0.340 -0.866 -0.201  0.000 -0.532 -0.324 -0.521  1.540 -0.014 -0.682  0.037  0.000
X       -0.828  0.000 -0.370  2.022  0.000 -3.021 -1.342 -1.306 -0.272 -0.429  0.000  0.000  0.000  0.000 -0.520  0.000  2.055  0.261 -0.763 -1.161  0.000
