i-1/i     A      C      D      E      F      G      H      I      K      L      M      N      P      Q      R      S      T      V      W      Y      X
A       -1.407 -2.018 -1.744 -1.641 -1.753 -1.367 -1.460 -1.712 -1.715 -1.498 -1.494 -1.866  0.000 -1.376 -1.495 -1.726 -1.620 -1.758 -2.209 -0.907 -2.776
C       -0.328 -0.241 -0.211  0.458 -0.746 -0.005  0.815  0.111  0.624 -0.298 -0.645  1.016  0.000 -0.207  0.555 -0.302 -1.561  0.483  0.438  0.909  0.000
D        0.402  0.653  0.434  0.536  1.051  0.879 -0.200  0.582 -0.060  0.309  0.254 -0.609  0.000  0.235  0.171  0.019 -0.939  0.566 -0.333 -0.359  1.565
E       -0.031 -0.102 -0.174 -0.168  0.185 -0.184 -1.024  0.144 -0.506  0.118  0.199 -0.513  0.000 -0.374 -0.756 -0.690 -0.148 -0.142 -0.136  0.048  0.333
F       -0.228 -0.844 -0.401 -0.638 -0.910 -1.016 -1.348 -0.053 -0.559 -1.132 -0.597 -0.126  0.000 -0.404 -1.127 -0.257 -1.257 -0.759 -2.253 -1.319  0.000
G        2.327  2.518  1.937  1.927  2.710  1.762  0.966  2.221  2.231  2.127  2.108  0.000  0.000  1.737  1.462  1.642  1.314  2.428  1.489  2.570  3.016
H       -0.264  0.523 -0.737 -0.922 -2.417 -0.708 -1.009 -0.282 -0.579  0.140 -1.084 -0.336  0.000 -0.016 -0.656  0.070 -1.885 -0.919  0.161 -1.381  2.019
I        0.231  0.148  0.678  0.123 -0.909  0.590  1.084 -0.128  0.299 -0.563 -0.520  0.445  0.000  0.323  0.192  0.237 -0.232  0.178  1.089  0.007  0.037
K       -0.485 -0.282 -0.687 -0.593 -1.253 -0.559 -1.917 -0.421 -0.649 -0.414 -0.581 -0.750  0.000 -0.799 -0.557 -0.476 -0.967 -0.242 -0.791 -1.876  0.500
L       -0.719 -1.024 -0.806 -0.465 -1.453 -1.234 -0.375 -0.715 -0.502 -1.002 -0.349 -0.529  0.000 -0.688 -0.592 -0.709 -1.138 -0.932 -1.138 -1.125  0.000
M       -0.374 -1.349  0.826 -0.069 -2.080  0.297 -0.272 -0.294  0.060 -0.293 -0.619 -0.866  0.000  0.147 -0.009  0.217 -2.404 -0.360 -0.089 -1.870  1.219
N        0.866  0.907  0.630  0.305  1.515  0.822 -0.977  0.492  1.082  1.286  1.173  0.621  0.000  0.773  0.207  0.564  0.837  1.081  1.315  0.811  2.514
P       -1.994  0.000  0.000 -2.047 -2.358 -1.977  0.000 -2.150  0.000 -1.631 -1.843 -1.991  0.000 -2.239 -2.257 -2.111 -1.522 -1.876 -0.960 -1.951 -3.058
Q       -0.095 -1.721 -0.169 -0.081 -0.189  0.029 -0.433  0.174 -0.225  0.265  0.182 -0.111  0.000 -0.004 -0.566 -0.008  0.226  0.094 -0.014 -0.233 -1.439
R       -0.541 -1.079 -0.694 -1.165 -1.194 -0.623 -0.405 -0.419 -0.952 -0.406  0.123 -1.028  0.000 -0.833 -0.590 -0.463 -0.749 -0.144 -0.424 -0.459 -2.919
S        1.888  2.861  2.173  1.995  2.556  3.015  2.571  2.076  1.849  1.937  2.324  2.301  0.000  1.916  1.906  1.992  0.488  2.351  1.373  2.341  0.000
T        1.612  1.755  1.473  1.755  1.187  1.535  1.642  1.666  2.042  1.809  0.000  2.229  0.000  2.391  1.832  1.975  0.166  1.633  1.321  2.180  1.012
V       -0.022  0.608  0.321  0.073 -0.706 -0.433 -0.913  0.035  0.105 -0.605 -0.372 -0.033  0.000 -0.082 -0.184 -0.023 -0.745  0.155 -0.527 -0.035 -0.163
W       -1.165  1.046 -1.278 -0.786 -0.552 -2.406 -1.328 -0.393 -0.668 -1.216 -0.262 -1.017  0.000 -0.244 -0.668 -0.580  0.709  0.110 -0.159 -1.863  0.000
Y       -0.807 -0.231 -0.524 -0.661 -1.791 -0.238 -0.478 -0.383 -0.295 -0.837 -1.147 -0.666  0.000 -0.635 -0.721 -0.841 -2.322 -0.428 -1.131 -0.922  0.860
X        2.013  0.000  1.851  2.052  0.000  0.000  0.000  0.000  1.273  1.126  0.619 -2.479  0.000  1.011  1.038  1.283 -0.617  0.000  0.000  0.000  0.000
