i-1/i     A      C      D      E      F      G      H      I      K      L      M      N      P      Q      R      S      T      V      W      Y      X
A        0.299  0.638  0.310  0.331  0.584  0.098  0.224  0.503  0.496  0.328  0.848  0.394 -0.090  0.602  0.585  0.235  0.642  0.309 -0.130  0.345  0.751
C        0.005  0.547  0.432 -0.088 -0.323  0.793  1.281  0.328  0.421  0.655  1.180  0.763  0.942  1.225  0.716  0.329  0.595  0.719 -0.086  0.979  0.000
D        0.310  2.444  0.246  0.556 -0.161  0.055  0.653  0.623  0.318  0.177  0.137  0.421  0.305  0.091  0.132  0.603  0.375  0.421 -0.536  0.467  0.896
E        0.217  0.685  0.262  0.444  0.384 -0.006  0.424  0.626  0.538  0.447  0.109  0.782  0.256  0.408  0.492  0.364  0.757  0.579  1.321  1.154  0.531
F        0.251 -0.317  0.266 -0.025  0.376 -0.081  0.397  0.151  0.309  0.306 -0.237 -0.613 -0.559  0.444 -0.335  0.822  1.025  0.457  0.761 -0.108  1.187
G        0.137  0.000  0.421  0.298  0.144  0.151 -0.208  0.486  0.301  0.325  0.039  0.349  0.248  0.157  0.421  0.078  0.474  0.424 -0.707  0.218  0.000
H        0.140  0.907  0.134  0.271  0.983  0.292  0.441  0.622  0.591  0.385 -0.797  1.017 -0.338  0.386  0.517  0.692  1.551  0.255  0.867  0.478  0.000
I        0.339  1.254  0.241  0.147 -0.246  0.034  0.268  0.152  0.327  0.314  0.286 -0.211 -0.036  0.100  0.500  0.753  0.900  0.509  0.824  0.023 -0.346
K        0.183  0.478  0.446  0.270  0.697  0.178  0.163  0.025  0.597  0.512  0.137  0.548  0.097  0.270  0.511  0.219  0.522  0.593  0.203  0.758  1.395
L        0.219  0.884  0.077  0.050  0.105  0.295  0.308  0.336  0.127  0.363  0.373  0.153 -0.002  0.304  0.149  0.653  0.851  0.448 -0.277  0.004  1.547
M        0.151  0.844  0.636  0.148  0.544  0.832  0.656  0.252  0.375  0.372  0.078  0.369 -0.040  0.367  0.619  0.328  1.159  0.238 -0.853  0.226  2.187
N        0.261 -0.301  0.452  0.342  0.234  0.528  0.611  0.141  0.316  0.505  0.085  0.276  0.188  0.351  0.256  0.333  0.714  0.424  0.963  0.732  0.000
P       -0.044 -0.127 -0.097  0.004 -2.177  0.000  0.000 -2.083  0.186  1.140  0.000  0.840  0.000  0.000 -0.324 -0.633 -1.869 -0.693  0.000  0.000  0.000
Q        0.272  0.835  0.369  0.342  0.029  0.579  0.586 -0.222  0.431  0.475  0.486  0.483  0.278  0.461  0.450 -0.010  0.577  0.613  0.550  0.415  2.538
R        0.269  0.263  0.453  0.409  0.829  0.568  0.827  0.371  0.659  0.369 -0.013  0.676  0.019  0.489  0.606  0.332  0.612  0.370  0.271  0.445  0.293
S        0.316  0.172  0.296  0.444  0.913  0.187  0.423  0.489  0.583  0.262  0.111  0.471  0.266  0.350  0.507  0.460  0.519  0.152  1.141  0.761  1.754
T        0.181 -1.317  0.067  0.371  0.868  0.441  0.102 -0.054  0.668  0.356 -0.233  0.635  0.069  0.222  0.094  0.322  0.428  0.302  1.195  0.576  0.417
V        0.399  0.260  0.312  0.173  0.562  0.067  0.903 -0.236  0.134  0.372  0.741 -0.029 -0.159  0.396  0.558  0.588  0.320  0.586  0.370  0.227  0.623
W        0.311 -0.493 -0.205  0.000 -0.984  0.673  1.176  1.103  0.006  0.334 -0.606  0.440 -0.235  0.066  0.210  0.621  0.026  0.627  0.688  0.912  2.659
Y        0.178 -0.603  0.168  0.213  0.626  0.339  0.854 -0.171 -0.027  0.279 -0.048  0.357 -0.083  0.338  0.073  0.428 -0.047  0.097  0.164  0.526  1.576
X        0.117  0.000  0.668  0.746  0.032  0.847  0.000  0.716  1.007  0.098  0.000  1.089 -0.031  0.498  0.785 -2.081  0.000  0.182  0.809  0.297 -1.164
