i-1/i     A      C      D      E      F      G      H      I      K      L      M      N      P      Q      R      S      T      V      W      Y      X
A        0.011  0.896  0.014  0.022 -0.024  0.087  0.067  0.121  0.239  0.140 -0.481  0.224  0.243 -0.035  0.195  0.258  0.649  0.094 -0.216  0.197 -1.592
C        0.076  0.767  0.349  0.211 -0.075  0.015  0.157 -0.008 -0.114  0.467  1.346  0.002 -0.686 -0.037 -0.112  0.311  0.884  0.440  1.307  0.912  0.000
D        0.262 -0.507  0.218  0.324 -0.046  0.154  0.964  0.265  0.518  0.262  0.066  0.710  0.132  0.474  0.381  0.170  0.689  0.489 -0.212  0.528 -0.984
E        0.292  1.139  0.387  0.513  0.549  0.272  0.706  0.163  0.510  0.373  0.287  0.511  0.006  0.540  0.434  0.238  0.415  0.495  0.206  0.519 -0.118
F        0.033 -0.330  0.281 -0.143  0.325  0.022  0.244 -0.080 -0.144  0.212  0.579  0.306  0.179  0.030 -0.292  0.125  0.345 -0.211  0.675  0.303  1.224
G        0.075 -0.418 -0.043  0.144  0.525  0.153 -0.134  0.157  0.065  0.012 -0.696  0.297  0.318  0.142  0.322  0.018  0.217  0.146 -1.293 -0.332  0.000
H        0.261  0.089  0.137  0.238  0.977  0.265 -0.307  0.243 -0.065  0.265  0.705  0.799 -0.312  0.243  0.113  0.469 -0.080  0.306 -0.762  0.404  0.000
I        0.141 -0.027  0.298 -0.020  0.270  0.127  0.667  0.479 -0.104  0.340  0.505  0.408 -0.111  0.130  0.047  0.349  0.795  0.234  0.096 -0.007  1.760
K        0.152  0.906  0.084  0.116  0.148  0.102  0.504  0.212  0.371  0.216 -0.438  0.138  0.031  0.242  0.509  0.235  0.271  0.405 -0.226  0.245  2.864
L        0.063  0.572  0.150 -0.054  0.266  0.049  0.118  0.167 -0.135  0.233  0.459  0.360  0.263 -0.017 -0.214  0.281  0.562 -0.035  0.799  0.008  0.488
M        0.057 -0.715  0.101 -0.139  0.039  0.067  0.054  0.165 -0.139  0.368  0.818  0.306 -0.256  0.196  0.100  0.038  0.231  0.243  0.681  0.001 -0.016
N        0.134 -0.221 -0.169  0.052  0.669  0.465  0.335  0.020  0.253  0.176  0.250  0.396 -0.138  0.309  0.236  0.311  0.475  0.347 -0.308  0.408  1.586
P        1.906 -0.687 -0.623  2.558  2.118  0.956  0.000  2.199  1.787  2.264  0.802  0.000  1.495  1.943  2.411  1.781  2.712  2.449  1.639 -0.440  0.000
Q        0.198  1.598  0.211  0.415  0.523  0.082  0.182  0.072  0.480  0.189  0.314  0.251 -0.006  0.244  0.331  0.257  0.450  0.308 -0.323  0.288 -0.587
R        0.190  0.271  0.373  0.258  0.296  0.254  0.273  0.228  0.211  0.187  0.138  0.143 -0.286  0.211  0.158  0.075  0.673  0.229  0.623  0.273  2.768
S        0.122  0.653  0.106  0.160  0.159  0.103 -0.228  0.176  0.266  0.114 -0.432  0.161  0.153  0.266  0.416  0.177 -0.220  0.380  0.081  0.514  1.325
T        0.273  0.219 -0.011  0.311 -0.159 -0.125  0.022 -0.315  0.327  0.209 -0.102  0.110 -0.339  0.243  0.288  0.304 -0.571  0.221 -0.267  0.770 -1.401
V        0.187  0.084  0.186  0.063  0.269  0.119  0.354  0.240 -0.026  0.257  0.420  0.265 -0.041  0.095  0.128  0.221  0.615  0.067  0.154 -0.022  0.439
W        0.242  0.768  0.495  0.010  0.365  0.605  1.187  0.344 -0.025  0.420  0.717  0.530 -0.240  0.312  0.220  0.291 -0.240  0.286 -0.316  0.131  0.000
Y       -0.053  0.638  0.302 -0.039  0.691  0.108  0.578 -0.083  0.077  0.124  0.406  0.323  0.228  0.086  0.112  0.280  0.334  0.047  0.039  0.289  1.021
X        0.064  0.000  0.216 -0.754  0.000  0.497  1.466 -0.193 -0.352  0.110  1.055 -1.364  0.087  0.335 -0.111 -0.076  0.846  0.133  0.000  0.293 -0.724
