i-1/i     A      C      D      E      F      G      H      I      K      L      M      N      P      Q      R      S      T      V      W      Y      X
A        0.162 -0.003  0.022  0.117  0.368 -0.079  0.219 -0.023  0.214  0.236 -0.236  0.148 -0.115 -0.046  0.127 -0.110  0.041  0.094 -0.391  0.118  0.768
C        0.613  0.093  0.380  0.326  0.448  0.589  0.710  0.075  0.623 -0.138  0.369  0.135  0.171  0.117  0.923 -0.124  0.760  0.267  0.855  1.175  0.000
D        0.385  0.575 -0.068  0.016 -0.057  0.098 -0.246 -0.123 -0.091  0.186  0.389  0.595 -0.190  0.324 -0.208  0.558  0.380 -0.005 -0.047  0.015 -0.963
E        0.361 -0.128  0.239  0.300  0.362  0.108  0.515  0.065  0.229  0.178  0.282  0.462  0.220  0.134  0.103  0.378 -0.011  0.322 -0.485 -0.048 -0.061
F        0.024 -0.209  0.219  0.057  0.622  0.655  0.204 -0.041  0.003  0.268 -0.465 -0.107  0.487  0.137 -0.035  0.367 -0.085 -0.057  0.330  0.109 -1.318
G        0.782  1.969  0.196  0.180  0.269 -0.357 -0.256  0.027  0.491  0.421  0.130  0.579  0.611  0.337 -0.033  0.670  0.011  0.193  0.399 -0.463  0.000
H        0.236 -1.217 -0.057 -0.166  0.190  0.526  0.166  0.116 -0.107  0.180  0.317  0.369 -0.390 -0.124  0.039  0.221 -0.322 -0.417  0.691  0.229  0.000
I        0.241  0.056  0.428  0.288  0.296  0.107  0.554  0.272  0.440  0.198  0.329  0.279  0.089  0.550  0.594  0.396  0.065  0.200  0.256  0.402 -0.128
K        0.109 -0.048  0.066  0.085  0.304  0.186  0.208  0.157  0.178  0.194  0.372  0.356 -0.299  0.190  0.169 -0.202  0.081  0.010  0.020  0.016  0.931
L        0.406  0.569  0.294  0.320  0.045  0.063  0.456  0.187  0.354  0.176  0.125  0.258  0.076  0.310  0.231 -0.003  0.240  0.249  0.244  0.342 -0.094
M        0.344 -0.053  0.177 -0.074 -0.255  0.216  0.706  0.147  0.312  0.204  0.212  0.165 -0.144  0.393  0.439 -0.058  0.365  0.085  0.915  0.306  0.372
N        0.002  0.541 -0.622 -0.238 -0.462  0.234  0.214 -0.104 -0.021  0.064 -0.188 -0.028 -0.852 -0.143 -0.072  0.240 -0.487  0.205 -0.520 -0.103  0.665
P       -2.660  0.000  0.000 -2.809  0.000  0.014  0.000 -1.428 -2.254 -1.828 -1.174  0.000  0.000 -3.195 -2.639  0.000 -1.065 -2.883  0.000 -0.964  0.000
Q        0.225  0.413  0.241  0.277  0.272  0.120  0.045  0.117  0.252  0.120  0.112  0.399 -0.069  0.064  0.237  0.182  0.179  0.171 -0.069  0.139  0.465
R        0.174  0.071  0.058 -0.074 -0.079  0.146  0.237  0.214  0.352  0.184 -0.012  0.273  0.102  0.253  0.145  0.273  0.254  0.091  0.500 -0.043  0.257
S        0.101 -0.286 -0.378  0.091  0.318 -0.019  0.825  0.084  0.085  0.237  0.637  0.391  0.519  0.162  0.086  0.255  0.332  0.356  0.363  0.260  0.189
T        0.206  0.688 -0.315  0.230  0.118 -0.153  0.085 -0.086  0.224  0.267  0.112  0.228 -0.267  0.295 -0.040  0.334  0.514 -0.076  0.345 -0.529 -0.124
V        0.345  0.405  0.327  0.408  0.267  0.167  0.320  0.177  0.387  0.195  0.338  0.792  0.025  0.399  0.508  0.209  0.143  0.070  0.286  0.068  0.812
W       -0.455  0.522  0.698  0.534 -0.830  0.093  0.696 -0.382  0.188  0.122  0.883  0.577 -0.475  0.488  0.399 -0.125 -0.002  0.039 -1.622  0.355  0.000
Y        0.177  0.590  0.016  0.039 -0.023 -0.170  0.269 -0.061 -0.343 -0.100 -0.937  0.085 -0.375  0.129 -0.202 -0.080 -0.030  0.114  0.295  0.442 -2.292
X        0.101  0.000 -0.177 -1.240  0.000  0.079  0.000  0.785 -0.160  1.162 -0.456 -0.828 -0.565 -0.392 -0.654 -0.423  0.156 -0.568  0.000 -1.337  0.000
