A 50.744 22.257 175.705 8.695 5.058 124.397
C 57.012 30.494 173.688 8.833 5.087 121.680
D 53.237 43.077 175.526 8.627 5.112 123.498
E 54.752 32.847 175.221 8.624 4.995 122.198
F 56.348 41.964 174.513 8.842 5.218 121.299
G 45.098 ------ 171.900 8.505 ----- 110.093
H 54.867 32.607 174.195 8.767 5.163 121.456
I 59.840 40.288 174.930 8.812 4.756 122.962
K 54.987 35.283 175.251 8.637 4.934 122.605
L 53.656 44.585 175.509 8.824 4.985 124.752
M 54.123 35.630 174.836 8.774 5.134 121.717
N 52.175 40.671 174.682 8.715 5.212 122.258
P 62.200 32.196 176.410 ----- 4.811 ------- 
Q 54.469 31.928 174.776 8.672 4.937 121.669
R 54.647 33.142 174.906 8.686 4.965 122.269
S 56.971 65.518 173.698 8.649 5.152 117.335
T 61.071 70.823 173.835 8.661 5.046 117.491
V 60.563 34.242 174.797 8.749 4.738 122.133
W 56.111 31.857 175.192 8.843 5.285 122.990
Y 56.658 41.334 174.675 8.836 5.175 121.391
X 54.692 44.151 173.580 8.736 5.328 120.971
