i-1/i     A      C      D      E      F      G      H      I      K      L      M      N      P      Q      R      S      T      V      W      Y      X
A       -0.043  0.212  0.332  0.114  0.112 -0.197 -0.174  0.185 -0.122 -0.123  0.265 -0.040  0.496 -0.163 -0.203 -0.209 -0.043  0.022  0.011 -0.073  0.440
C        0.285 -0.330  0.277  0.194  0.305  0.264 -0.176  0.299  0.116  0.227 -0.751 -0.474  0.000  0.517  0.121 -0.027  0.356  0.122  0.502  0.000  0.000
D        0.394  0.004  0.632  0.521  0.944  0.364  0.660  0.189 -0.119  0.287  0.213  0.980  0.000  0.321  0.299  0.575  0.258  0.541  0.559  0.647 -0.950
E        0.380 -0.080  0.543  0.667  0.168  0.237  0.052  0.296  0.524  0.336  0.247  0.200  0.918  0.575  0.480  0.516 -0.148  0.385  0.301  0.312  0.382
F       -0.002  0.232  0.050 -0.095  0.056  0.243 -0.305 -0.098  0.093  0.053 -0.511  0.100  0.050 -0.081  0.102 -0.265 -0.364  0.175 -0.173 -0.126 -0.622
G        0.074  0.075  0.726  0.150  0.183 -0.033  0.842 -0.069  0.116  0.217  0.153  0.867  0.114  0.455 -0.075  0.255  0.181  0.092  0.670 -0.015 -0.352
H        0.115  0.203  0.321 -0.377  0.146  0.128 -0.105  0.403  0.156  0.006  0.071 -0.293  0.072  0.716  0.275 -0.075 -0.173  0.439 -0.169  0.292 -0.715
I       -0.022  0.351 -0.098  0.187 -0.065 -0.270 -0.121  0.067 -0.013  0.194 -0.198  0.240  0.134 -0.175 -0.090  0.056 -0.112  0.140 -0.136 -0.306 -0.782
K        0.326 -0.326  0.497  0.569  0.301  0.045  0.188  0.106  0.541  0.128  0.337  0.330  0.556  0.452  0.575  0.383 -0.055  0.324  0.318  0.054  0.052
L        0.248 -0.061 -0.280  0.075 -0.122 -0.221 -0.191  0.031  0.062  0.018  0.492  0.070 -0.013  0.033  0.172  0.206  0.049  0.232  0.163  0.222  0.006
M        0.735 -0.056  0.341  0.395 -0.007 -0.488 -0.032 -0.227 -0.190  0.340 -0.369 -0.429  0.132  0.001 -0.190  0.717 -0.082  0.352  0.641  0.266 -1.011
N        0.216  0.237  0.797  0.116  0.671  0.497  0.916  0.536  0.421  0.219  0.442  0.242  0.000  0.356  0.433  0.694  0.785  0.305  0.251  0.532 -0.431
P        0.507  0.000  0.000  0.558  0.639  0.192 -0.259  0.007  0.352  0.061  0.000  0.918  0.000 -0.621 -0.417 -0.499 -0.148  0.081  0.000  0.015  0.000
Q       -0.110  0.415  0.323  0.762  0.229  0.083  0.860  0.151  0.232  0.117  0.866  0.580  0.283  0.563  0.393  0.445  0.557  0.493  0.786  0.650  0.222
R        0.207  0.733  0.540  0.283  0.163  0.177  0.596  0.311  0.389  0.206  0.473  0.186  0.029  0.170  0.303  0.432 -0.011  0.247  0.142  0.074  0.384
S        0.414 -0.157  0.563  0.427  0.042  0.540 -0.110  0.356  0.651  0.320  0.428  0.361  0.000  0.282  0.348  0.428 -0.069  0.054  0.464  0.343  0.216
T        0.255  0.440  0.356  0.436  0.171  0.087 -0.212  0.032  0.243  0.014  0.172  0.438  0.798  0.325  0.155  0.534  0.009 -0.149  0.011  0.007  0.353
V       -0.007  0.033  0.074  0.028  0.004 -0.244 -0.151  0.063  0.181  0.144 -0.260  0.048  0.612  0.114  0.056 -0.027 -0.155  0.002 -0.175  0.085  0.030
W        0.554  0.210  0.247 -0.220  0.074 -0.293  0.272  0.144 -0.241  0.246  0.139  0.924  0.000 -0.293  0.140  0.152 -0.272 -0.421  0.000  0.157 -0.577
Y       -0.020  0.682 -0.410  0.062  0.156 -0.028 -0.054  0.079  0.057  0.053 -0.260  0.065  0.258 -0.032  0.054 -0.235  0.087  0.231 -0.239 -0.005  0.000
X        0.400  0.000 -0.352  0.408  0.024 -0.570  0.000 -0.850  0.272 -0.156  0.794  0.443  0.000 -0.316  0.401  0.000 -0.023 -1.025  0.681  0.493  0.068
i-2/i     A      C      D      E      F      G      H      I      K      L      M      N      P      Q      R      S      T      V      W      Y      X
A        0.041  0.272 -0.091  0.089 -0.095  0.416  0.483  0.109  0.241  0.000  0.920 -0.047  0.319 -0.060 -0.072  0.139 -0.159  0.372  0.958 -0.369 -0.577
C       -0.177  0.377 -0.144  0.182 -0.639 -0.012  0.682  0.435 -0.210  0.087 -0.354  0.721  0.820 -0.243 -0.262 -0.023 -1.192  0.182  0.000 -0.047  0.000
D        0.121  0.000  0.070  0.278 -0.111 -0.212 -1.107  0.255 -0.326  0.235  0.706  0.391  0.351 -0.219 -0.347  0.517  0.231 -0.153 -0.333 -0.060  0.000
E        0.131 -0.338 -0.122  0.059 -0.123  0.093 -0.434  0.308  0.035  0.583 -0.218  0.091  0.350  0.150  0.060  0.025 -0.037  0.485 -0.085 -0.149 -0.410
F        0.245 -0.420 -0.270  0.123  0.290 -0.248  0.053 -0.178 -0.058  0.104  0.532 -0.211  0.215  0.261  0.036  0.004 -0.430  0.126  0.120 -0.401 -0.336
G       -0.200 -0.619 -0.042  0.259  0.033  0.111 -0.486  0.016  0.095  0.537  0.377  0.170  0.601  0.169 -0.371  0.381 -0.708  0.507  0.224 -0.027  1.056
H        0.287  0.000 -0.167  0.023 -0.128 -0.048  0.388  0.707  0.022  0.124  0.000  0.837  0.580 -0.059  0.123  0.112  0.616  0.261  0.394  0.814  0.000
I        0.363  0.248  0.201  0.339  0.306  0.086  0.051  0.166  0.527 -0.045 -0.036 -0.026  0.455  0.171  0.443  0.348 -0.259  0.067 -0.525  0.044 -0.661
K        0.157  0.586 -0.044  0.033  0.169 -0.199 -1.002  0.245 -0.056  0.423  0.476 -0.185  0.451 -0.128 -0.232  0.069  0.155  0.159  0.476  0.209  0.168
L        0.208 -0.492  0.010  0.227  0.121  0.178  0.802 -0.056  0.233 -0.070  0.127  0.247  0.864  0.104  0.083  0.105 -0.444 -0.126 -0.114  0.004  0.296
M       -0.447 -0.385 -0.067  0.128  0.415 -0.140  0.000 -0.266  0.215 -0.188 -0.090  0.241 -0.749  0.000  0.682  0.517  0.079  0.197  0.224 -0.555  0.000
N        0.287  1.053  0.301  0.052 -0.266 -0.373 -1.223  0.196 -0.090  0.536 -0.171  0.457  0.588  0.053  0.047 -0.232  0.393  0.580  0.929  0.104  0.037
P       -0.239 -0.172  1.116 -0.194 -0.077  0.359 -0.374 -0.921 -0.040 -0.298 -0.094  0.242  0.799  0.607 -0.216 -0.198  0.246  0.327  0.411  0.287  0.000
Q        0.191  0.130  0.075 -0.153 -0.021 -0.212  0.129  0.156  0.107  0.391  0.404  0.249  0.026  0.182  0.395 -0.273 -0.351 -0.097  0.474  0.373  0.495
R        0.170  0.397 -0.101 -0.093  0.135 -0.054  0.231  0.048  0.333  0.413  0.055 -0.028  0.727 -0.064  0.191  0.075 -0.175  0.337  0.522  0.174  0.195
S        0.375  0.194 -0.106 -0.112  0.383 -0.389 -0.372  0.088  0.278  0.299 -0.126  0.079  0.535  0.038  0.072  0.140  0.090  0.307 -0.207  0.079  0.074
T        0.424 -0.034 -0.125 -0.139  0.322 -0.019  0.027  0.287 -0.091  0.168 -0.004  0.194 -0.231  0.257 -0.247 -0.042 -0.115  0.458  0.523  0.379 -0.807
V        0.150  0.355  0.212  0.392  0.292 -0.081 -0.073  0.111  0.192 -0.096  0.377 -0.003  0.321  0.354  0.305  0.096 -0.178  0.002  0.113  0.067  0.440
W        0.389  0.000  0.471  0.475  0.084  0.503  0.000 -0.109  0.248  0.481  0.810  0.944  0.015 -0.220  0.636 -0.022 -0.096  0.071  0.019  0.510  0.000
Y        0.094  0.918  0.039  0.484  0.055  0.257  0.058  0.259  0.576  0.008 -0.281 -0.271  0.115  0.132  0.322 -0.220 -0.524  0.356  0.814  0.298 -0.866
X        0.265  0.000  0.382  0.000 -0.281  0.000  0.000  0.783 -0.663  0.224  0.000  0.000  0.000  0.000  0.362  0.343  0.440  0.000  0.000  0.569 -0.478
i+1/i     A      C      D      E      F      G      H      I      K      L      M      N      P      Q      R      S      T      V      W      Y      X
A        0.181 -0.373  0.710  0.268  0.071 -0.096 -0.137  0.222  0.299  0.398  0.226  0.004  0.645 -0.107  0.002  0.586 -0.249  0.242  0.110 -0.114  0.506
C       -0.029 -0.153 -0.268  0.274  0.439 -0.275 -0.226 -0.010  0.057  0.239  0.489 -0.310  0.000 -0.169 -0.017  0.233 -0.105  0.574  0.446  0.537  0.000
D        0.271  0.666  0.000  0.538  0.225 -0.292  0.670  0.267  0.189  0.204 -0.152  0.796  0.000  0.623 -0.315  0.521 -0.069  0.327 -0.194  0.040  0.000
E        0.183  0.552  1.095  0.341  0.046  0.154 -0.431  0.150  0.136  0.190  0.423  0.272  0.000  0.171 -0.005  0.309  0.352 -0.066  0.163 -0.091 -0.636
F        0.079 -0.414 -0.014 -0.084  0.114 -0.129 -0.691 -0.298 -0.137 -0.056  0.288 -0.023 -0.030 -0.090  0.152 -0.200  0.043  0.160  0.509 -0.093 -0.556
G        0.274 -0.033  0.322 -0.069 -0.102 -0.072 -0.170 -0.215  0.126  0.067  0.058  0.607  0.000 -0.014 -0.167 -0.140 -0.497 -0.173 -0.034 -0.324 -0.782
H       -0.060  0.109 -0.409  0.543  0.119  0.423  0.063  0.075  0.095  0.266  0.393  0.197  0.313  0.682  0.021 -0.087 -0.078 -0.196  0.460  0.355  0.000
I        0.117 -0.460  0.515  0.188  0.187 -0.063  0.336  0.299 -0.048  0.201  0.157  0.312  0.170  0.101  0.158  0.234  0.285  0.665  0.209  0.173 -0.382
K        0.139 -0.261  0.761  0.380 -0.002  0.017 -0.014  0.369  0.106  0.208  0.179  0.389  0.797  0.307  0.416  0.471  0.229  0.084  0.083  0.460 -0.770
L       -0.015 -0.131  0.513  0.198  0.388  0.196 -0.057  0.433  0.169  0.212 -0.320  0.298  0.443  0.166  0.170  0.222  0.402  0.475 -0.143  0.064  1.081
M        0.224 -1.029 -0.123 -0.104 -0.094 -0.379 -0.616 -0.035  0.226  0.305 -0.435  0.454  0.324  0.150  0.390  0.204  0.101  0.504  0.738  0.708 -0.355
N        0.408  0.119  1.107  0.066  0.018  0.067 -0.481  0.149 -0.229  0.022  0.134  0.450  0.000 -0.003  0.150  0.669  0.272 -0.018  0.587 -0.051 -0.710
P        0.000  0.000 -0.451  0.000  0.000 -0.893  0.000  0.000  0.000  0.000  0.000  0.000 -0.202  0.000  0.000 -0.668  0.000  0.000 -0.387  0.000  0.000
Q       -0.207  1.352  0.982  0.145  0.064 -0.249  0.000  0.363 -0.170  0.014 -0.089  0.506  0.000  0.311  0.467  0.655 -0.027  0.378 -0.280  0.183  0.419
R        0.013  0.297  0.000  0.160  0.024  0.028  0.448  0.126  0.107  0.135  0.101  0.280  0.416  0.550  0.001  0.427  0.144 -0.134 -0.258  0.001  1.160
S        0.386 -0.014  1.017  0.307 -0.055 -0.104  0.625 -0.017  0.202  0.373  0.715  0.616  0.909  0.426  0.104  0.525  0.162 -0.019  0.619 -0.265  0.000
T        0.353 -0.272  1.084  0.356  0.308  0.105  0.096  0.164  0.309  0.162  0.227  0.458  0.000  0.185  0.139  0.503  0.390 -0.006  0.433  0.299  0.333
V        0.431 -0.165  0.544  0.213  0.214  0.096  0.207  0.354  0.238  0.207  0.240  0.252 -0.054  0.264  0.298  0.285  0.362  0.572  0.033  0.107  0.479
W        0.508 -1.329  0.167  0.156 -0.303 -0.111 -0.075  0.222 -0.252  0.425  0.042 -0.068 -0.389  0.277  0.075  0.118  0.038  0.277  0.675  0.280  1.506
Y       -0.038 -0.356 -0.134  0.179  0.211  0.160 -0.252  0.059  0.229 -0.128  0.238  0.218  0.103 -0.307 -0.378  0.273 -0.030  0.205  0.317 -0.119 -0.636
X       -0.059  0.000 -0.831  0.171  0.036  0.361  0.565 -0.086 -0.137  0.839  0.416  0.353  0.000 -0.313  0.008 -0.593  0.553 -0.291  1.157  0.631  0.734
i+2/i     A      C      D      E      F      G      H      I      K      L      M      N      P      Q      R      S      T      V      W      Y      X
A        0.172  0.411  0.486  0.217  0.091  0.189  0.652  0.107  0.223  0.306  0.215 -0.327  0.567  0.544  0.281  0.296 -0.219  0.330  0.101  0.058 -0.769
C        0.121  0.355  0.000  0.620  0.259  0.117  0.229  0.021  0.810  0.385  1.005  0.294  0.000  0.524  0.313  0.302  1.156 -0.096  0.194  0.069  0.000
D        0.235 -0.009  0.442 -0.368  0.445 -0.172 -0.566  0.778 -0.226  0.535  0.171  0.276  0.000  0.063  0.000  0.161 -0.324  0.731 -0.513 -0.429  1.444
E        0.113 -0.117  0.625  0.152  0.108 -0.285  0.079  0.532  0.180  0.654 -0.332  0.361 -0.228  0.103  0.049  0.181 -0.062  0.944  0.561  0.248  0.000
F        0.078 -0.099  0.281  0.215  0.160  0.252  0.741 -0.107  0.015  0.148  0.415  0.273  0.208  0.277  0.108  0.573  0.202  0.102  0.324 -0.183 -0.991
G        0.439  0.485  0.973  0.562  0.540 -0.032  0.681  0.344 -0.048  0.367  0.386  0.242  0.652  0.003  0.266  0.452  0.054  0.568 -0.438  0.598  0.000
H        0.348  0.716  0.685 -0.078  0.766 -0.327 -0.062  0.146 -0.412  0.650  0.038  0.451 -0.062  0.232 -0.259  0.209  0.078  0.567  0.298 -0.411  0.000
I        0.009  0.087  0.000  0.345  0.077  0.232 -0.248 -0.007  0.052  0.204 -0.139  0.155  0.255  0.213  0.262  0.720  0.618 -0.126 -0.188 -0.004 -0.111
K        0.290 -0.332  0.032  0.420  0.259 -0.365 -0.369  0.699  0.231  0.201  0.689  0.194  0.364  0.063  0.400  0.379  0.402  0.506  0.332 -0.085  0.767
L        0.216 -0.328  0.612  0.272  0.015  0.120  0.322  0.156  0.056 -0.054  0.024  0.342  0.325  0.043  0.153  0.498  0.759 -0.048  0.722  0.044  0.125
M       -0.150  1.017  0.150  0.678  0.523 -0.284  0.681 -0.171  0.587  0.155  0.218  0.906  0.335 -0.385  0.328  0.425 -0.088  0.501  0.323  0.257  0.000
N        0.242  0.094  0.227 -0.043  0.269 -0.630  0.722  0.407 -0.076 -0.043 -0.358  0.444 -0.041  0.266  0.222  0.391 -0.204  0.569  1.293  0.241  0.417
P       -0.137 -0.492  0.330  0.206  0.299  0.153 -0.053  0.079 -0.100  0.046 -0.756 -1.161  0.650  0.693  0.329  0.436  0.304  0.009  0.700 -0.603  0.133
Q        0.619  0.063  0.228  0.191  0.332  0.024  0.130  0.179  0.109  0.551  0.000  0.717  0.620  0.050 -0.052  0.022  0.106  0.656  0.585  0.181  0.000
R        0.245 -0.030  0.249  0.194  0.101 -0.195  0.291  0.142  0.315  0.367  0.287  0.220  0.364  0.383  0.320  0.041  0.244  0.641  0.845  0.127  0.035
S        0.590  0.300  0.646  0.490  0.101 -0.019 -0.281  0.683  0.365  0.146  0.832  0.778  0.127  0.105  0.085  0.228  0.086  0.762  0.717  0.319  0.168
T        0.164 -0.129 -0.039  0.179 -0.070 -0.321 -0.646  0.400  0.150  0.386 -0.270  0.234  0.288  0.331  0.323 -0.175  0.081  0.579 -0.081 -0.259  0.573
V        0.063 -0.198  1.010  0.219 -0.076  0.169  0.403 -0.062  0.132  0.119  0.224  0.306  0.733  0.266  0.085  0.556  0.389 -0.123 -0.331  0.296 -0.396
W        0.386  0.000  0.273 -0.277  0.799 -0.032 -0.347 -0.418  0.327  0.572 -1.010 -0.442 -0.049 -0.188  0.183  0.870  0.305  0.165 -0.804  0.666  0.000
Y        0.169 -0.201  0.675  0.079 -0.196 -0.139  0.250  0.247  0.269  0.238  0.372 -0.037  0.489 -0.049  0.356  0.357  0.757  0.111  0.356  0.067  0.261
X        0.243  0.000  0.000 -0.287 -0.020  0.014  0.000  0.153  0.058  0.033  0.000 -0.864  0.000 -0.006  0.000  0.309  0.661  0.000  0.000  0.056  0.128
