i-1/i     A      C      D      E      F      G      H      I      K      L      M      N      P      Q      R      S      T      V      W      Y      X
A       -0.109  0.000 -0.082  0.223  0.422 -0.194 -0.547 -0.192 -0.126 -0.048 -0.264  0.343 -0.107 -0.067 -0.228  0.063  0.240 -0.102  0.134  0.034  0.261
C       -0.402  0.000  0.000 -0.938  0.000 -0.099  0.254  0.948  0.000 -0.255  0.000  0.000  0.000 -0.853  0.056 -0.252 -0.485  0.000  0.000  0.000  0.000
D        0.011 -0.146 -0.113 -0.193  0.363 -0.049 -0.890 -0.103  0.558 -0.112 -0.316  0.525  0.425  0.191 -0.130 -0.293  0.291 -0.419  0.458 -0.363  0.618
E        0.052 -0.055 -0.023 -0.040  0.080  0.190 -0.591 -0.236 -0.218 -0.393  0.505  0.151 -0.007 -0.343  0.139 -0.177 -0.127  0.025 -0.034  0.149  0.000
F       -0.182 -0.675 -0.234 -0.415  0.000  0.178 -0.560 -0.033 -0.303 -0.516 -0.771 -0.172  0.175 -0.556 -0.081 -0.464 -0.584 -0.301  0.000 -1.269  0.000
G       -0.294  0.044  0.137 -0.198 -0.074 -0.240 -0.452 -0.468 -0.325 -0.449 -0.090  0.118 -0.089 -0.587 -0.009 -0.051 -0.268 -0.105 -0.194 -0.193 -0.207
H        0.138  0.000 -0.132 -0.778  0.000 -0.446 -0.102 -0.285 -0.128  1.168  0.041  0.079  0.599  0.230  0.444 -0.000  0.217 -0.019 -0.149  0.525  0.000
I       -0.303 -0.849 -0.372 -0.062 -0.889 -0.154 -0.780  0.128 -0.176  0.228 -0.902 -0.229  0.024 -0.533 -0.350 -0.445 -0.331  0.126  0.000 -0.466  0.000
K       -0.410 -0.511 -0.081 -0.255 -0.475  0.041 -0.489 -0.252  0.117 -0.192  0.812 -0.231 -0.367 -0.078  0.097 -0.066 -0.405 -0.285  0.247 -0.033 -0.523
L       -0.000  0.000 -0.143 -0.028 -0.337  0.394 -0.558 -0.201 -0.470  0.235  0.332 -0.251 -0.219  0.252 -0.043 -0.328 -0.374 -0.300  0.764 -0.270  0.000
M        0.029  0.000  0.083 -0.381 -0.084 -0.221  0.004  0.925  0.381 -0.385 -0.543 -0.133  0.200 -0.084 -0.065 -0.285 -0.205  0.294 -0.425  0.000  0.000
N       -0.061 -0.526  0.168  0.248 -0.055  0.219  0.000 -0.183  0.115 -0.043 -0.085  0.464  0.535 -0.285 -0.188  0.100  0.226  0.047  0.000  0.332 -0.411
P       -0.094 -0.749  0.114  0.029 -0.866 -0.264 -0.477  0.799  0.030 -0.104  0.073 -0.570 -0.220 -0.184  0.000  0.302 -0.157  0.150 -0.319  0.842  0.204
Q        0.039 -0.203  0.083 -0.009  0.537  0.111 -0.419 -1.224  0.002 -0.147  0.008 -0.274  0.124  0.442 -0.260 -0.120 -0.200 -0.696  1.210  0.172  0.000
R       -0.240  0.313  0.175 -0.254 -0.242 -0.236 -0.455  0.411 -0.008 -0.339 -0.685  0.094 -0.282 -0.182 -0.393 -0.195 -0.001 -0.560 -0.301 -0.313  0.000
S        0.119  0.224  0.334  0.133 -0.522  0.111 -0.248 -0.067 -0.337 -0.205 -0.507  0.288  0.017  0.003 -0.090  0.169  0.169  0.078 -0.348  0.268  1.345
T        0.074  0.318 -0.039  0.166  0.444  0.081 -0.327  0.613  0.160 -0.011 -0.385  0.509 -0.022 -0.050 -0.282 -0.208 -0.099  0.328  1.200  0.072 -0.377
V       -0.148  0.699 -0.354 -0.165 -0.420 -0.090 -1.100 -0.422 -0.268 -0.435  0.046 -0.430  0.096  0.000  0.209 -0.055 -0.010  0.040  1.189 -0.059  0.000
W        0.000  0.000 -0.621  0.675  0.000 -0.233 -0.345 -0.570 -0.624 -1.149  0.000 -0.783  0.324 -0.726  0.000  0.190 -0.411 -0.103  0.000  0.000  0.000
Y       -0.328  0.000 -0.395 -0.423 -0.063  0.003 -0.222  0.502 -0.764 -0.370  0.000  0.095  0.069 -0.065 -0.463 -0.164  0.040 -0.848  0.613  0.000  0.000
X        0.000  0.000  0.916 -0.134  0.000  0.000  0.000  0.000  0.000  0.000  0.000  0.000 -0.103 -0.487 -0.046  0.000  0.187  0.000  0.000  0.000  0.000
i-2/i     A      C      D      E      F      G      H      I      K      L      M      N      P      Q      R      S      T      V      W      Y      X
A       -0.164 -0.642  0.113  0.205 -0.255 -0.214 -0.322  0.210  0.111  0.367  0.557 -0.047 -0.033 -0.383 -0.081 -0.327 -0.291  0.930  0.326 -1.304  1.018
C       -0.081  0.000  0.000  0.000  0.251  0.000  0.000  0.000  0.000  0.000 -0.181  0.000  0.581  0.581  0.000  0.473 -1.090  0.000 -0.703  0.000  0.000
D        0.214  0.275  0.210 -0.234  0.073 -0.131  0.000  1.172  0.098  0.245  0.035 -0.145 -0.075  0.187  0.236  0.343  0.137 -0.141  0.280  0.057  0.000
E        0.016  0.000  0.183 -0.188 -0.168 -0.082 -0.443  0.424 -0.135 -0.092  0.027 -0.628  0.169 -0.230 -0.208  0.085 -0.420  0.132 -0.185  0.402  1.374
F       -0.116  0.000 -0.928 -0.134  0.140 -0.176  0.000 -0.914  0.267  0.107  0.000 -0.402 -0.656  0.660 -1.104 -1.034 -0.368 -0.750  0.746  0.781  0.000
G       -0.231  0.004 -0.207 -0.049 -0.129 -0.091 -1.090  0.359 -0.219 -0.321  0.176 -0.581 -0.126 -0.405 -0.175 -0.142  0.183  0.393  1.266  0.213  0.300
H        0.332  0.000  0.857 -0.245  0.286  0.214 -0.485 -0.377 -1.036  0.350 -1.029  0.488  0.010  0.650  0.043 -0.646  0.435  0.401  0.000  0.000  0.000
I       -0.708  1.156 -0.065  0.194  1.454 -0.194 -0.676 -0.510  0.555  0.180  0.003  0.091  0.035 -0.755 -0.844 -0.680  0.339 -0.368  0.000  0.257  0.000
K       -0.157 -0.610  0.021 -0.107  0.423 -0.216 -0.695  0.615  0.045 -0.190 -0.113 -0.235 -0.533 -0.440 -0.132  0.525 -0.217  0.210  0.625 -0.259  0.000
L       -0.380 -1.074 -0.252 -0.027 -1.152  0.146 -0.942 -0.669 -0.035 -0.609  0.372  0.994 -0.001  0.200  0.029 -0.155 -0.931  0.264 -0.278 -1.210  0.000
M       -0.704  0.000  0.017  0.211  0.402 -0.060 -0.663  0.710  0.399 -0.184  0.297  0.760 -0.192  0.000 -0.214 -0.626  0.468 -0.481  0.000  0.344  0.000
N       -0.198  0.000  0.165  0.001 -0.144 -0.046  0.069 -0.093 -0.549 -0.718 -0.004  0.408  0.206  0.295  0.725  0.077 -0.478 -0.935  0.000  0.426  0.000
P       -0.372 -0.624 -0.386 -0.061 -0.369 -0.084 -0.087 -0.530 -0.330 -0.218 -0.741 -0.264 -0.108 -0.431 -0.330 -0.373 -0.403 -0.338 -0.287  0.318 -0.303
Q       -0.171  0.000 -0.315 -0.041 -0.216 -0.072  0.611 -0.554 -0.654  0.404  0.598  0.162  0.115  0.376 -0.129 -0.422  0.455  0.022 -0.114  0.312 -0.300
R       -0.241  0.494 -0.204 -0.377 -0.759 -0.101 -0.231  0.266  0.131 -0.269  0.527 -0.088 -0.042  0.190 -0.071 -0.233  0.218 -0.126  0.000  0.128  0.000
S        0.427 -0.636 -0.049 -0.065 -0.274 -0.098 -0.015 -0.062 -0.185  0.160 -0.242 -0.351 -0.020  0.051  0.119  0.201 -0.381 -0.045 -0.780  1.347  0.340
T        0.164  0.408 -0.359 -0.178  0.256  0.215 -0.686  0.702 -0.410 -0.050  0.000  0.546  0.179 -0.517 -0.611 -0.441  0.411 -0.078  0.000 -0.003 -0.382
V       -0.416  0.194 -0.192 -0.538 -1.138 -0.037  0.229 -0.748 -0.344 -0.355 -0.299 -0.055 -0.239  0.190 -0.307 -0.358 -0.163 -0.382 -0.546 -0.874 -1.070
W       -0.116  0.000 -1.003  0.897 -0.332  0.000  0.000  0.000  0.206  0.000  0.000  0.000 -0.763 -1.068  0.000 -0.129 -0.993  0.000  0.000  0.000  0.000
Y       -0.282 -1.002 -0.129  0.662 -0.178  0.419 -0.950 -0.530 -0.179  0.250 -0.542 -0.594 -0.106  0.258  0.046 -0.398 -0.000 -0.771  0.000  0.901  0.000
X        0.000  0.000  1.205  0.238  0.000  0.000  0.000  0.000  0.000  0.000  0.264  0.000  0.000  0.000  0.000  0.075  0.000 -0.802  0.000  0.000  0.000
i+1/i     A      C      D      E      F      G      H      I      K      L      M      N      P      Q      R      S      T      V      W      Y      X
A        0.214  0.622  0.107  0.024  0.210 -0.162 -0.927 -0.180  0.044 -0.033 -0.105 -0.030 -0.238 -0.268 -0.188  0.007  0.077 -0.290  0.000  0.424  0.000
C        0.000  0.000 -0.218 -0.426 -1.349  0.100  0.000 -0.116 -0.163 -0.592  0.000  0.695  0.006 -0.835 -0.685 -0.674 -0.014  0.172  0.000  0.000  0.000
D        0.039  0.866  0.204 -0.083 -0.323 -0.176 -0.398 -0.027  0.342  0.211  0.294  0.271 -0.074  0.296  0.228 -0.091 -0.247 -0.455  0.145  0.399 -0.143
E        0.250 -1.232  0.172 -0.076  0.138  0.011 -0.430  0.591 -0.242  0.237  0.430  0.479  0.161 -0.412 -0.035  0.540  0.169  0.418  0.000  0.507 -0.204
F       -0.188  0.000  0.063  0.501  0.000 -0.026  0.000  0.240  0.018  0.105 -0.821 -0.160 -0.059 -0.156  0.205 -0.345  0.080  0.083  1.043  1.272  0.000
G        0.189  0.552 -0.022  0.230  0.911 -0.014 -0.326  0.484  0.063  0.475  0.502  0.221  0.393  0.411 -0.043  0.407  0.333  0.091  0.345  0.617  1.324
H        0.480  0.965  0.161  0.536 -0.676  0.204 -0.180 -0.182  0.391  0.517 -0.472  0.000  0.615  0.731  0.111  0.366  0.551  0.577  0.889  1.097  0.000
I       -0.004  0.788 -0.003  0.005 -0.158  0.519 -0.358  0.296 -0.285  0.353  0.159  0.494  0.075  0.252  0.115  0.086  0.669  0.306 -1.396 -0.205  0.000
K        0.242  0.000 -0.056  0.144  1.507 -0.072 -0.853  0.241  0.035  0.189  0.744  0.333 -0.016  0.002  0.155  0.386  0.415 -0.008 -0.402 -0.043  0.000
L       -0.136  0.283  0.116  0.268  0.452  0.362 -0.061  0.474 -0.028  0.562 -0.120  0.339 -0.021  0.170  0.028 -0.222  0.424  0.428  0.565  0.243  0.000
M        0.568  0.000  0.383  0.375  0.334  0.058  0.173 -0.068  0.205  0.441  0.161  0.244  0.755  0.554 -0.332  0.618  0.250  0.593  0.000  0.000  0.000
N       -0.231 -0.987  0.121  0.212 -0.749  0.202 -0.792 -0.175  0.132  0.228  0.116  0.140  0.238 -0.072 -0.184  0.003  0.635  0.158  0.948 -0.071  0.112
P        0.000 -0.903  0.000  0.000  0.000  0.000  0.000  0.000  0.000  0.000 -1.103  0.000  0.000  0.000  0.000  0.000  0.000  0.000 -1.492  0.000 -0.777
Q        0.302  0.857  0.167  0.297  0.010  0.148 -0.845  0.394  0.421  0.051  0.430 -0.093  0.077  0.193  0.303  0.123  0.502  0.156 -1.358 -0.328 -0.628
R       -0.136  0.185  0.239  0.051 -0.115  0.185 -0.360  0.351  0.233  0.011  0.282  0.239  0.165  0.123  0.350  0.105  0.266  0.101  0.000  0.529  0.000
S        0.151 -1.036  0.446  0.185  0.142  0.057 -0.015 -0.056 -0.003 -0.063  0.087  0.339  0.078  0.123 -0.106  0.232  0.172 -0.121 -0.540 -0.203  0.000
T       -0.163  0.000  0.477 -0.004 -0.544  0.106  0.109 -0.040 -0.014 -0.220  0.065  0.325  0.259 -0.000  0.015  0.148  0.455  0.270  1.470 -0.573 -0.469
V        0.011  0.000  0.285 -0.022  1.331  0.440 -0.637  0.878  0.305 -0.147  0.243  0.278  0.128 -0.385 -0.035  0.007  0.097  0.285 -0.256  1.047  0.000
W       -0.727  0.000  0.009 -0.547  0.000  0.111  0.000  0.000  0.547  0.000  0.370  0.033  0.383  0.103 -0.491 -0.893  0.007 -0.146  0.168 -0.973  0.000
Y       -0.584  0.000 -0.417 -0.741 -0.267  0.010  0.000 -0.131  0.174  0.469  0.000  0.244  0.339  0.480  0.373  0.303 -0.175  0.713  0.000  0.840  0.000
X       -0.208  0.000  0.477  0.000  0.000 -0.459  0.000  0.000 -0.146  0.411  0.000  0.190 -0.536  0.000  0.000  0.416 -0.422  0.000  0.000  0.000  0.000
i+2/i     A      C      D      E      F      G      H      I      K      L      M      N      P      Q      R      S      T      V      W      Y      X
A       -0.241 -0.583  0.451  0.279  0.381  0.114 -0.820 -0.175 -0.089  0.131 -0.041  0.099  0.282 -0.111  0.257  0.305 -0.146  0.601 -0.060 -0.247  0.000
C        0.442  0.139  0.585  0.000  0.000  0.550  0.000 -1.167 -0.758  0.730  0.000  0.000  0.177  0.000  0.660  0.890  0.105 -0.533  0.000 -1.502  0.000
D       -0.449  0.000  0.362  0.096 -0.223  0.213 -0.492  0.201  0.411 -0.237  0.778  0.143  0.033 -0.128 -0.053  0.148 -0.823 -0.063  1.107  1.176 -1.075
E        0.033  0.000  0.016 -0.170  0.235  0.012 -0.494  0.287 -0.046  0.140  0.591  0.286  0.164  0.059 -0.492 -0.334  0.290  0.324 -0.749  0.070  0.553
F        0.038  0.000  0.120 -0.564 -0.002 -0.318 -0.014 -1.009  0.234 -0.285 -0.060  0.465 -0.101 -0.063  0.194  0.153 -0.209 -1.407  0.000 -0.534  0.000
G       -0.054  0.000 -0.087  0.139 -0.291 -0.038 -1.076 -0.062  0.052  0.278  0.302  0.370  0.244 -0.177  0.036  0.123 -0.100 -0.003  0.000 -0.424 -1.150
H       -0.003  0.000 -0.140 -0.003  0.000 -0.268 -0.225  0.100 -0.512  0.197 -0.017  0.172  0.590  0.354 -0.457  0.044 -0.273  0.033  0.075  1.556  0.000
I       -0.215  0.000 -0.415 -0.568 -1.560 -0.176  0.000 -0.204 -0.074  0.087 -0.282  0.154  0.042 -0.051 -0.498  0.239  0.194 -1.004 -0.083  0.470  0.000
K       -0.040  0.218 -0.078 -0.239  0.592 -0.083 -0.729 -0.280  0.145  0.028 -0.728 -0.288  0.142 -0.279  0.041  0.140  0.309  0.294  1.333  0.563  0.000
L        0.607  0.000 -0.244 -0.202  0.947 -0.064 -0.858  0.269  0.103 -0.498  0.331 -0.093  0.540 -0.419 -0.513 -0.043  0.654 -0.840 -0.899 -0.320  0.284
M        0.296 -0.040  0.115  0.093  0.000  0.690  0.000  1.069  0.117  0.489  0.796 -0.820 -0.878  0.975  0.300  0.185  0.000  0.000  0.000  1.287 -0.646
N        0.145  0.000 -0.232  0.321  1.371  0.238 -0.416  0.471 -0.110  0.025  0.093  0.535 -0.104  0.705  0.111 -0.011  0.048  0.384  0.000  0.000  0.000
P       -0.351 -0.638 -0.056 -0.279  0.844  0.064 -0.338 -0.614 -0.337  0.143 -0.345  0.433 -0.273 -0.521 -0.213  0.110  0.188  0.195 -0.705  0.602  0.000
Q        0.254  0.406  0.260 -0.024  0.599  0.155 -0.314  0.519 -0.253  0.663  0.562 -0.173  0.509  0.427  0.292  0.380  0.166  0.625 -0.325  1.054  0.000
R       -0.173  0.000 -0.629  0.159  0.747  0.032 -0.236  0.315 -0.499 -0.108 -0.820  0.004  0.189  0.143  0.473  0.582  0.416 -0.024  0.724 -0.294  0.000
S        0.064  0.000 -0.087  0.152  0.185  0.186 -0.437  0.873  0.354  0.068  0.298  0.015 -0.217 -0.003  0.035  0.192  0.108 -0.445  0.689  0.430 -0.121
T        0.129  0.349  0.295 -0.167 -0.205  0.377 -0.189  0.403 -0.056  0.396 -0.019 -0.334  0.131 -0.478  0.383  0.291  0.345  0.102 -1.499 -0.692  0.000
V        0.025  0.000  0.176 -0.425 -0.048  0.120 -0.339 -0.197 -0.239 -0.456 -0.758 -0.040 -0.179 -0.253  0.123  0.131  0.503 -0.196  0.000  0.000  0.908
W       -0.536 -1.356 -0.173  0.087 -0.762 -0.268  0.000  0.000 -0.118 -0.221  0.000  0.000  0.630 -0.521  0.000 -0.916  1.244 -1.483  0.000  0.000  0.000
Y        0.482  0.000  0.049  0.217  0.270 -0.151  0.000 -0.195 -0.036 -0.545  0.617  0.202  0.678 -0.145 -0.006  0.281  0.607  0.014  0.000  0.048  0.000
X        0.083  0.000  0.000 -1.110  0.000  0.038  0.000  0.000  0.000  0.000  0.000  0.000  0.394  0.207  0.000 -0.867 -0.702 -0.879  0.000  0.000  0.000
