i-1/i     A      C      D      E      F      G      H      I      K      L      M      N      P      Q      R      S      T      V      W      Y      X
A       -0.211 -0.766 -0.238 -0.254 -0.198 -0.307 -0.056  0.011 -0.157 -0.170 -0.113 -0.416 -0.101 -0.046 -0.246 -0.418 -0.125 -0.011 -0.321 -0.096 -1.573
C       -0.004 -0.882  0.154 -0.165 -1.402 -0.451  0.341  0.663  0.069  0.008  0.000  0.269 -0.757  0.167 -0.011 -0.988 -0.467 -0.044  1.275  0.802  0.000
D       -0.268 -0.826 -0.100 -0.291  0.091 -0.457 -0.292 -0.123 -0.529 -0.145  0.056 -0.532 -0.785 -0.218 -0.287 -0.080 -0.743 -0.251  0.109 -0.006  0.256
E       -0.058 -0.252 -0.115 -0.237 -0.202 -0.329 -0.602 -0.138 -0.541 -0.045  0.114 -0.426  0.042 -0.134 -0.475 -0.403 -0.142 -0.094  0.073 -0.377 -0.386
F        0.107  0.444  0.182  0.207  0.204 -0.022 -0.153  0.232  0.120 -0.049 -0.510  0.110  0.626  0.293  0.315  0.129 -0.127  0.176 -0.204 -0.326  0.000
G       -0.463 -0.411 -0.300 -0.288 -0.369 -0.137 -1.348 -0.570 -0.361 -0.154 -0.452 -0.078 -0.380 -0.621 -0.548 -0.491 -0.165 -0.284 -0.001 -0.352 -1.893
H        0.034  0.014 -0.050 -0.131 -0.689 -0.151 -0.052  0.267 -0.235  0.182 -0.898  0.246  0.000 -0.290  0.169 -0.157 -0.468 -0.015 -0.303  0.158  0.706
I        0.314  0.496  0.165  0.219  0.038  0.163 -0.077  0.068  0.303  0.114 -0.255  0.050  0.405  0.278  0.447  0.055  0.157  0.394  0.440  0.161  0.367
K       -0.176 -0.238 -0.317 -0.204 -0.364 -0.298 -1.088  0.092 -0.479 -0.078  0.001 -0.690  0.255 -0.309 -0.535 -0.457 -0.241 -0.146 -0.863 -0.850  0.000
L        0.046  0.430  0.064  0.111  0.017 -0.074  0.183  0.190  0.174  0.057  0.126 -0.034  0.651  0.035  0.157 -0.100  0.117  0.108  0.143 -0.099  0.254
M       -0.096 -1.473 -0.034  0.225  0.397 -0.373 -0.169 -0.518  0.075 -0.011 -0.362  0.110  0.443  0.160  0.048 -0.197 -0.886  0.060  0.295 -1.182  1.208
N       -0.087 -0.411 -0.127 -0.417  0.160 -0.272 -0.651 -0.585 -0.231  0.024 -0.407 -0.384  0.000 -0.143 -0.485 -0.221  0.044  0.090  0.110 -0.139  0.838
P        0.052  0.000 -0.354  0.258 -0.597  0.221  0.025 -0.792 -0.040 -0.005  0.396 -0.269  0.000  0.125 -0.417 -0.111  0.246 -0.679 -0.082 -0.082  1.721
Q       -0.182 -0.752 -0.156 -0.231 -0.439 -0.392 -0.616 -0.147 -0.207  0.049  0.731 -0.221  0.534 -0.123 -0.130 -0.178 -0.320 -0.019 -0.178 -0.341 -1.012
R       -0.128 -1.678 -0.181 -0.314 -0.935 -0.287 -0.664 -0.087 -0.193 -0.202 -0.110 -0.637 -0.021 -0.358 -0.366 -0.268 -0.408 -0.101 -0.449 -0.140  0.000
S       -0.205 -0.613 -0.146 -0.376 -0.086 -0.702  0.090 -0.431 -0.440 -0.315 -0.660 -0.264 -0.749 -0.400 -0.294 -0.701 -0.832 -0.478 -0.560 -0.597 -1.105
T        0.196  0.438  0.184 -0.160 -0.845  0.014 -0.486  0.044 -0.217  0.264  0.164 -0.261  0.592  0.161 -0.006 -0.202  0.000 -0.096 -0.292 -0.143 -1.179
V        0.209  1.030  0.145  0.335  0.132 -0.111 -0.437  0.184  0.278  0.168 -0.122  0.143  0.487  0.072  0.224  0.056 -0.361  0.130  0.102  0.353 -0.074
W        0.032  1.491  0.133  0.139  0.810 -0.194  0.775  0.052 -0.035  0.084  0.718  0.176  0.473  0.226  0.172  0.156  0.437 -0.199 -1.122  0.133  0.000
Y        0.096  0.667 -0.314  0.103 -0.303 -0.044  0.247 -0.013  0.320 -0.090 -0.106 -0.299  0.395 -0.079  0.028 -0.143 -0.127  0.045 -0.050  0.023  0.098
X        0.686  0.000  0.637  0.088  0.316  0.000  0.000  1.167  0.546  0.162  0.000  0.427  0.000  0.013  0.098 -0.385  0.776  0.096  0.000  0.000  0.000
i+1/i     A      C      D      E      F      G      H      I      K      L      M      N      P      Q      R      S      T      V      W      Y      X
A       -0.086  0.231 -0.156 -0.117 -0.236 -0.151 -0.258 -0.027  0.060  0.004 -0.674 -0.158  0.069 -0.178  0.048  0.066  0.105 -0.053 -0.521 -0.018 -2.193
C       -0.061  0.351  0.243  0.140  0.041  0.000 -0.351 -0.344 -0.265  0.342  0.634 -0.206 -0.366 -0.053 -0.126  0.009  0.529  0.240  1.530  0.608  0.000
D        0.174 -1.196  0.088  0.172  0.045  0.076  0.621  0.049  0.363  0.156 -0.128  0.468  0.169  0.316  0.220 -0.017  0.330  0.242 -0.333  0.169 -1.488
E        0.195  0.790  0.197  0.406  0.393  0.122  0.346  0.021  0.347  0.230  0.200  0.171 -0.113  0.362  0.261  0.045  0.046  0.263 -0.123  0.399 -0.390
F       -0.042 -1.005  0.054 -0.269  0.190 -0.247 -0.133 -0.216 -0.270  0.096  0.338  0.176  0.073 -0.153 -0.295 -0.090 -0.232 -0.294  0.622  0.238  1.031
G       -0.004 -0.701 -0.184  0.058  0.509 -0.117 -0.409 -0.015 -0.004  0.006 -0.748 -0.018  0.214  0.171  0.306 -0.303 -0.266 -0.240  0.000 -0.550  0.000
H        0.223 -0.920 -0.164  0.117  0.699  0.181 -0.379  0.051 -0.256  0.082  0.592  0.194 -0.007  0.001  0.044  0.095 -0.283  0.285 -1.029  0.155  0.000
I        0.067  0.025  0.093 -0.148 -0.023 -0.124  0.501  0.274 -0.223  0.232  0.352  0.119 -0.247  0.040 -0.143 -0.019  0.368  0.055 -0.058  0.066  1.377
K        0.071  0.282 -0.088  0.030  0.029 -0.054  0.061  0.098  0.212  0.097 -0.637 -0.121 -0.061  0.093  0.309  0.005 -0.132  0.246 -0.448  0.053  1.349
L       -0.048 -0.150 -0.040 -0.172 -0.007 -0.106 -0.047  0.005 -0.300  0.114  0.208  0.089  0.063 -0.099 -0.359 -0.030  0.096 -0.275  0.585 -0.225  0.441
M       -0.017 -0.262 -0.176 -0.268 -0.332 -0.159 -0.412 -0.125 -0.219  0.297  0.837  0.014 -0.380 -0.046 -0.087 -0.138 -0.094 -0.042  0.553 -0.206  1.282
N        0.020 -0.472 -0.227 -0.069  0.246  0.113  0.312 -0.012  0.044  0.089  0.067  0.177 -0.222  0.096  0.061  0.002  0.017  0.143 -0.124  0.159  1.007
P        0.000  1.047  0.000  0.000  0.000  0.000  0.000  0.000  0.000  0.000  0.694  0.000  0.000  0.000  0.000  0.000  0.000  0.000  0.000  0.760  0.000
Q        0.072  0.989 -0.025  0.256  0.216 -0.242  0.027 -0.060  0.290  0.086  0.180 -0.067 -0.111  0.098  0.077 -0.073  0.004  0.071 -0.457  0.064  0.038
R        0.137 -0.463  0.171  0.168  0.043  0.015  0.258  0.021 -0.038  0.072 -0.181 -0.127 -0.429  0.108  0.075 -0.127  0.044  0.076  0.433  0.183  1.545
S       -0.005 -0.031 -0.078 -0.013 -0.090 -0.053 -0.584 -0.014  0.134  0.020 -0.625 -0.123  0.079  0.006  0.187 -0.142 -0.485  0.253  0.074  0.194  0.956
T        0.133 -0.456 -0.208  0.143 -0.396 -0.232 -0.222 -0.434  0.138  0.127 -0.240 -0.073 -0.601  0.097  0.113 -0.081 -1.279 -0.103 -0.513  0.669  1.254
V        0.051  0.297 -0.002 -0.039  0.001 -0.119 -0.166  0.025 -0.160  0.162  0.139 -0.027 -0.141 -0.067 -0.081 -0.052  0.113 -0.189  0.145 -0.081  0.358
W        0.167  0.094  0.360 -0.011  0.140  0.310  0.731 -0.010 -0.074  0.251  0.851  0.374 -0.344  0.197  0.360 -0.082 -0.418  0.040  0.000 -0.170  0.000
Y       -0.147  0.513  0.068 -0.071  0.382 -0.080  0.232 -0.275 -0.143  0.011  0.077  0.246  0.142 -0.098 -0.022  0.066 -0.130 -0.115 -0.784  0.042  0.000
X        0.217  0.000  0.039 -0.708  0.000  0.305  0.485  0.578 -0.533 -0.030  0.933  0.000  0.013  0.328  0.000 -0.295 -0.067 -0.246  0.000 -0.827  0.000
i+2/i     A      C      D      E      F      G      H      I      K      L      M      N      P      Q      R      S      T      V      W      Y      X
A        0.060  0.501  0.139  0.196  0.182  0.167 -0.081 -0.092  0.206  0.169  0.311  0.306 -0.099  0.126  0.169  0.018  0.271  0.083  0.094 -0.051 -0.050
C        0.346  0.000  0.426  0.103  0.068  0.141  0.076  0.352 -0.037  0.147 -0.902  0.273 -0.345 -0.003  0.453  0.503  0.420 -0.215 -0.177  0.000  0.000
D        0.107 -0.333  0.086  0.181 -0.111 -0.071 -0.160  0.281  0.054  0.150  0.211 -0.078 -0.150  0.038  0.221  0.034  0.216  0.177  0.287  0.122 -0.628
E        0.192 -0.220  0.234  0.104  0.164 -0.116  0.354  0.093  0.236  0.200  0.162 -0.212 -0.076  0.185  0.193 -0.185  0.250  0.242  0.135  0.328  0.063
F        0.067  0.206  0.082  0.220  0.439 -0.157 -0.300 -0.086  0.390  0.273 -0.282  0.099  0.341  0.335  0.290  0.146 -0.019  0.084 -0.375  0.428  0.000
G        0.137 -0.341 -0.227 -0.105 -0.449 -0.007  0.141  0.091 -0.010  0.039  0.039  0.137 -0.065 -0.480  0.065 -0.072  0.828 -0.081  0.746 -0.309  0.000
H        0.330  1.509 -0.015  0.115 -0.071  0.235  0.150  0.272  0.304  0.359  0.350 -0.083  0.342  0.255  0.121  0.704 -0.187  0.196  0.360 -0.037  0.000
I        0.129 -0.045  0.014  0.008  0.595 -0.038  0.114  0.013  0.200  0.219  0.191  0.137 -0.040  0.118  0.122  0.128 -0.105 -0.018 -0.204  0.400 -1.264
K        0.084  0.801 -0.042 -0.103  0.034  0.111 -0.089  0.003  0.064  0.191 -0.394  0.119 -0.261  0.106  0.156  0.186  0.264  0.155 -0.303  0.045 -0.094
L        0.075  0.905  0.037  0.133  0.064 -0.042  0.109 -0.018  0.217  0.212  0.172  0.231  0.159  0.157  0.127  0.041  0.141  0.071  0.516  0.271 -0.671
M        0.209  0.168  0.166  0.349  0.175  0.045 -0.099  0.325  0.058 -0.002  0.031  0.410  0.042  0.100  0.262  0.120  0.122  0.039  0.471  0.528  0.000
N        0.108 -0.448 -0.169  0.050  0.175 -0.120  0.152 -0.104 -0.060  0.266 -0.015 -0.310 -0.033  0.305  0.154  0.110  0.336  0.044  0.283 -0.207  0.550
P       -0.560  0.000  0.000  0.000  0.259  0.000  0.000  0.000 -0.235 -0.709  0.000 -0.191  0.000  0.000  0.741  0.514  0.000 -0.275  0.000  0.128  0.000
Q        0.107  0.211 -0.021  0.023  0.303  0.387  0.356  0.174  0.377  0.280  0.124 -0.044 -0.027  0.171  0.215  0.138  0.192  0.350  0.077  0.387  0.852
R        0.159  0.502 -0.066  0.113  0.180  0.081  0.387  0.030  0.015  0.202  0.126 -0.232 -0.228  0.211  0.099  0.432  0.335 -0.001 -0.098  0.116 -0.380
S        0.098  0.219 -0.171 -0.040  0.113  0.221  0.136  0.264 -0.042  0.279  0.081 -0.038 -0.300  0.233 -0.014 -0.203  0.004  0.167 -0.325 -0.042  1.254
T        0.081  0.140  0.089  0.150  0.460 -0.184  0.296  0.228 -0.200  0.363  0.030  0.331 -0.139 -0.104  0.285  0.474 -0.750 -0.051 -0.055 -0.118  1.604
V        0.002 -0.234  0.005  0.112  0.069 -0.132 -0.189 -0.421  0.103  0.093 -0.031  0.163 -0.122  0.131  0.041  0.071 -0.029  0.021  0.227  0.409  0.431
W        0.015  0.000 -0.046  0.162 -0.654  0.025  0.557 -0.742  0.438  0.550 -0.313 -0.003  0.178  0.230  0.445  0.251  0.586  0.259  0.000  0.261  0.000
Y        0.227 -0.265  0.249  0.090  0.107 -0.123  0.779  0.637  0.232  0.390 -0.154  0.153 -0.206  0.087  0.200 -0.020  0.506  0.394 -0.911 -0.039  0.000
X        0.129  0.000 -0.224  0.149  0.000  0.000  0.015  1.194 -0.336  0.162  0.000 -0.430  0.364  0.271 -0.724  0.000  0.517  0.217  0.439 -0.846  0.000
i+3/i     A      C      D      E      F      G      H      I      K      L      M      N      P      Q      R      S      T      V      W      Y      X
A       -0.042  0.341  0.079  0.066 -0.029 -0.022  1.063 -0.148  0.317  0.280 -0.000 -0.151 -0.272 -0.084  0.124 -0.012  0.123  0.254  0.440  0.134 -0.330
C        0.517  1.579  0.474  0.427  0.221  0.084  0.000  0.925  0.000  0.595  1.033  0.669  0.472  0.852  0.982  0.914  1.034  0.661  0.000  1.138  0.000
D       -0.204 -1.010  0.103 -0.082 -0.326 -0.061 -0.684 -0.219 -0.387  0.202  0.963  0.088 -0.039  0.228 -0.133 -0.196 -0.273 -0.306  0.407 -0.268 -0.608
E       -0.067 -0.137 -0.177 -0.041 -0.235 -0.261 -0.628  0.034 -0.544  0.147  0.502 -0.243 -0.132  0.086 -0.553 -0.195 -0.202 -0.348  0.202  0.146  0.993
F        0.408 -0.390  0.423  0.623  0.457  0.278  0.715  0.455  0.762  0.319 -0.556  0.301  0.022  0.623  0.764  0.528  0.555  0.384 -0.261  0.451  0.000
G       -0.311  0.437 -0.414 -0.163 -0.060 -0.527 -0.358  0.028 -0.258  0.095  0.550 -0.193 -0.559 -0.322 -0.032 -0.383 -0.675 -0.426  0.920 -0.222  0.000
H        0.355  0.118  0.269  0.103  0.739  0.017 -0.035  0.253  0.337  0.460  1.187  0.607  0.066  0.318 -0.150  0.307  0.118  0.341 -0.490  0.192 -0.091
I        0.441  1.063  0.404  0.642  0.221  0.166  0.407  0.242  0.728  0.120 -0.414  0.285  0.121  0.451  1.007  0.563  0.378  0.560  0.013  0.569  0.923
K        0.058  0.316  0.039 -0.144  0.241  0.114  0.302 -0.190  0.264  0.156 -0.080  0.188 -0.152 -0.119  0.042 -0.051  0.317 -0.010  0.631  0.142  1.646
L        0.420  0.732  0.255  0.621  0.375  0.212  0.576  0.112  0.872  0.310 -0.002  0.348  0.113  0.479  0.781  0.653  0.505  0.467 -0.212  0.421  2.070
M        0.375  0.093  0.366  0.613  0.547  0.147  0.572 -0.011  0.342  0.307 -0.237  0.955  0.205  0.273  0.377  0.396  0.072  0.292 -1.237  0.166  0.000
N        0.135  0.117  0.064  0.040  0.635 -0.250 -0.066  0.360  0.177  0.389  0.616  0.103 -0.393  0.234  0.188  0.063  0.521 -0.044  0.887  0.034  0.000
P        0.000  0.000  0.000  0.000  0.000 -0.480  0.000  0.000  0.000  0.000 -0.472 -0.699  0.000 -0.867  0.000 -0.753  0.000  0.000 -1.159 -1.023  0.000
Q       -0.020  0.401 -0.145  0.188 -0.537 -0.064  0.202  0.030 -0.289  0.147  0.121  0.627 -0.030  0.189 -0.454 -0.004  0.255 -0.075 -0.437 -0.035  1.301
R        0.171 -0.015  0.106 -0.229  0.314  0.154  0.129  0.081  0.278  0.309  0.514  0.208  0.115 -0.007  0.215  0.044  0.297  0.068  0.664  0.185 -1.379
S       -0.092 -1.037 -0.131  0.096 -0.250 -0.258 -0.133  0.063 -0.005  0.211 -0.036 -0.218 -0.162  0.021 -0.109 -0.108 -0.016 -0.096  0.029 -0.198 -1.750
T        0.285  0.759 -0.147  0.195  0.407 -0.171 -0.432  0.293  0.213  0.352  1.132 -0.017 -0.138  0.245  0.270 -0.263 -0.724  0.011  0.155 -0.181  2.020
V        0.323  0.820  0.146  0.380  0.208  0.243  0.340  0.072  0.455  0.202 -0.362  0.364 -0.080  0.145  0.424  0.099  0.592  0.323 -0.692  0.687  2.034
W        0.552  0.000  0.340  0.552  0.706  0.171  1.079 -0.376  0.500  0.511  0.134  0.240  0.201  0.581  0.101  0.565  0.556  0.159  0.085  0.481  0.000
Y        0.423  0.512  0.598  0.421 -0.264  0.100 -0.066  0.552  0.621  0.331 -0.033  0.451  0.030  0.150  0.494  0.174  0.574  0.417  0.169  0.023  0.000
X        0.785  0.000  0.424  0.000  0.000  0.000  0.000  0.000  0.673  0.817 -0.489  0.000  0.000  0.375 -0.163  0.000  0.000  1.162  0.000  0.000 -1.172
i+4/i     A      C      D      E      F      G      H      I      K      L      M      N      P      Q      R      S      T      V      W      Y      X
A        0.166  0.140  0.080  0.174  0.371 -0.124  0.015  0.438  0.351  0.238  0.638  0.202 -0.238  0.323  0.433 -0.036  0.090  0.130 -0.293  0.262 -0.012
C        0.157 -0.360 -0.011 -0.133 -0.304  0.571  0.920  0.313  0.190  0.494  1.236  0.430  0.718  0.000  0.753  0.363  0.077  0.308 -0.359  0.766  0.000
D        0.228  0.000  0.071  0.434 -0.103 -0.114  0.491  0.436  0.134  0.106  0.034  0.252  0.209 -0.055 -0.076  0.172 -0.071  0.262 -0.106  0.281  0.000
E        0.157 -0.029  0.067  0.356  0.140 -0.165  0.113  0.429  0.382  0.402  0.043  0.410  0.117  0.243  0.351 -0.007  0.211  0.416  0.952  0.791  0.596
F        0.152 -0.764 -0.004 -0.113  0.061 -0.054  0.174 -0.132  0.093  0.207 -0.255 -0.557 -0.867  0.289  0.036  0.614  0.666  0.216  0.332 -0.446  0.861
G        0.104  0.000  0.188  0.121 -0.407 -0.169 -0.205  0.351  0.044  0.163 -0.500  0.083  0.161 -0.021  0.205  0.333 -0.167  0.114 -1.219  0.215  0.000
H        0.085  0.000 -0.073  0.264  0.520  0.070  0.476  0.313  0.492  0.331 -0.925  0.577 -0.347  0.262  0.484  0.521  1.214 -0.003  0.198  0.855  0.000
I        0.270  0.700  0.080  0.006 -0.344  0.066 -0.010  0.055  0.200  0.194 -0.026  0.109 -0.164  0.044  0.337  0.448  0.656  0.312  0.847 -0.033  0.990
K        0.113  0.042  0.313  0.146  0.435 -0.039 -0.109 -0.151  0.516  0.386 -0.153  0.200  0.054  0.127  0.359  0.077  0.013  0.386 -0.017  0.441  1.222
L        0.139  0.507 -0.056 -0.069 -0.107  0.048  0.046  0.099 -0.044  0.264  0.198 -0.135 -0.254  0.187 -0.116  0.388  0.348  0.260 -0.509 -0.223  2.223
M       -0.000  0.187  0.281 -0.117  0.226  0.532  0.233  0.335  0.230  0.333 -0.129 -0.088 -0.229  0.115  0.333  0.445  0.575  0.058 -0.285 -0.179  0.418
N        0.179  0.164  0.235  0.238  0.190  0.265  0.336 -0.039  0.063  0.355 -0.060  0.244  0.026  0.237 -0.019  0.062  0.320  0.186  0.836  0.672  0.000
P       -0.180 -0.803 -0.465 -0.125  0.000  0.000  0.000  0.000  0.072  0.722  0.000  0.000  0.000  0.000 -0.398 -0.465  0.000 -0.884  0.000  0.000  0.000
Q        0.145  0.212  0.192  0.236 -0.042  0.378  0.117 -0.257  0.314  0.324  0.148  0.218  0.099  0.237  0.171 -0.291  0.191  0.318  0.283  0.324  0.000
R        0.158 -0.260  0.268  0.312  0.618  0.308  0.211  0.144  0.462  0.240 -0.030  0.307  0.035  0.326  0.524  0.155  0.174  0.126  0.517  0.330 -0.474
S        0.189  0.071  0.116  0.303  0.318 -0.097  0.208  0.290  0.441  0.182  0.096  0.211  0.101  0.278  0.375  0.274 -0.012 -0.174  1.201  0.595  0.000
T        0.103  0.431  0.005  0.216  0.629  0.322 -0.210 -0.218  0.288  0.207 -0.217  0.354  0.314  0.059 -0.095  0.143 -0.248  0.005  0.913  0.293  0.143
V        0.259 -0.716  0.084 -0.038  0.234 -0.093  0.542 -0.439 -0.024  0.268  0.522 -0.143 -0.220  0.269  0.374  0.605  0.091  0.369  0.178  0.020  0.603
W        0.236 -0.096 -0.243 -0.102 -0.079  0.328  0.571  1.016 -0.071  0.247 -0.617  0.496 -0.339  0.034  0.390  0.366  0.268  0.346  0.447  0.653  0.000
Y        0.130  0.987 -0.004  0.070  0.409  0.185  0.014 -0.282 -0.380  0.197 -0.086  0.040 -0.187  0.159  0.034  0.272 -0.026 -0.070 -0.194  0.217  1.637
X        0.459  0.000  0.296  0.000 -0.360  0.000  0.000  0.559  0.581  0.194  0.000  0.000 -0.134  0.302  0.565  0.000  0.000 -0.199  0.671  0.038 -0.855
