i-1/i     A      C      D      E      F      G      H      I      K      L      M      N      P      Q      R      S      T      V      W      Y      X
A       -0.046  0.000  1.338 -0.337  0.000  0.000  0.000  0.000 -0.585  0.000 -0.630  0.000 -0.181  0.000  0.286  0.062  1.268  0.244  0.000  0.000  0.000
C        0.000  0.000  0.000  0.000  0.000  0.000  0.000  0.000  0.000  0.000  0.000  0.000  0.000  0.000  0.000  0.000  0.000  0.000  0.000  0.000  0.000
D        0.000  0.000  0.000  0.000  0.000  0.000  0.000  0.029  0.000  0.000  0.000  0.000  0.893  0.878  0.000  0.657  0.000  0.000  0.000  0.000  0.000
E       -0.128  0.797  0.377  1.376  0.302  0.000  0.496 -0.308 -0.051  0.170  0.000 -0.342 -0.470  0.000  0.000  0.000  0.307  0.455  0.076  0.000  0.000
F        0.000  0.000 -0.237  0.000  0.672  0.000  0.000  0.000  0.000  0.000  0.000  0.000  0.006  0.000  0.000 -0.233  0.000  0.041  0.000  0.000  0.000
G        0.000  0.000  0.000  0.000  0.000  0.000  0.000 -0.136  0.000  0.448  0.000  0.000 -0.317  0.000  0.000  0.000  0.988  0.000  0.000  0.000  0.000
H        0.000  0.000  0.000  0.000  0.000  0.000  0.000  0.000  0.000  0.000  0.000  0.000  0.103  0.000  0.000  0.000  0.000  0.000  0.000  0.000 -0.293
I        0.124  0.000 -0.710  0.651  0.000  0.000  0.000 -0.001  0.721  0.196  0.000  0.000 -0.483  0.000  1.096  0.046 -0.081  0.000  0.000  0.000  0.000
K        0.000  0.000 -1.247  0.689  0.000  0.000  0.000  1.149 -0.030 -0.183  0.000  0.792 -0.148  0.803 -0.306 -0.360  0.000 -0.973  0.000  0.000  0.000
L       -0.096  0.000 -0.572 -0.278  0.000 -0.554  0.429 -0.439 -0.468 -0.075  0.000  0.000 -0.573  0.559 -0.227  0.029 -0.219 -0.982  0.000  0.000  0.000
M        1.298  0.000  0.319  0.000  0.000 -0.007  0.000  0.000  0.000  0.000  0.000  0.000 -0.080  0.000  0.000 -0.229  1.513  1.282  0.000  0.000  0.000
N        0.000  0.000  0.308  0.000  0.000  0.000  0.000 -0.752  0.000  0.000  0.000  0.000  0.000  1.179  0.000  0.000  0.000  1.243  0.000  0.000  0.000
P       -0.539  0.000  0.436  0.981  0.000 -0.611 -0.166  0.436  0.517  0.114  0.587  0.212 -0.012  0.748  0.000 -0.080 -0.147  0.875  0.000  0.000 -0.510
Q       -0.644  0.000  0.854  0.282 -0.991  0.029  0.000  0.184  0.000  0.469 -0.391  0.000  0.061  0.000  0.000  0.000 -0.160  0.706  0.000  0.000  0.000
R       -0.010  0.000  0.000  0.759  0.000  0.000  0.000  0.709 -0.256  0.435  0.000  0.000  0.261  0.589  0.409  0.312  0.492  1.442  0.000 -1.804  0.000
S        0.000  0.000  0.767  1.426  0.000  0.000  0.000 -0.368  0.919 -0.954  0.348  0.743  0.220  0.000  0.000 -0.190  1.188  0.000  0.000  0.000  0.000
T        1.453  0.000  0.000  0.000 -1.148  0.000  0.000  1.438  0.164  0.735  0.534  0.000  0.166 -0.086  0.000  0.000  0.410  0.788  0.000  0.000  0.000
V       -0.155  0.000 -0.420 -0.178 -0.425  0.000  0.000  0.444  0.427  0.085  0.000  0.494  0.074  0.000  1.233 -0.422  0.604  0.709  0.000  1.104  0.543
W        0.000  0.000  0.000  0.000  0.000  0.000  0.000  0.000  0.000  0.000  0.000  0.000  0.000  0.000  0.000 -0.399  0.000  0.000  0.000  0.000  0.000
Y       -0.832  0.000  0.000  0.000 -0.777  0.000  0.000  0.000  0.000 -0.402  0.000  0.000  0.000 -0.204 -1.378  0.000 -0.075  0.000  0.000  0.000  0.000
X        0.000  0.000  0.149  0.000  0.000 -0.258  0.000  0.000  0.000  0.000  0.000  0.000  0.472  0.000  0.000  0.000  0.000  0.000  0.000  0.000  0.000
i-2/i     A      C      D      E      F      G      H      I      K      L      M      N      P      Q      R      S      T      V      W      Y      X
A        0.748  0.000 -0.147  0.800  0.000  0.000  0.000  0.000  0.441 -0.697  0.000  0.000  0.166  0.184  0.000  0.569  0.000  0.000  0.000  0.000  0.000
C        0.000  0.000  0.000  0.000  0.000  0.000  0.000  0.000  0.000  0.000  0.000  0.000  0.000  0.000  0.000  0.000  0.000  0.000  0.000  0.000  0.000
D        0.292  0.000  0.000  0.000  0.000  0.000  0.000  1.408  0.000  0.000  0.000  0.000  0.144  0.000  0.000  0.000  0.000  0.000  0.000  0.000  0.000
E        0.000  0.000 -1.134  0.000  0.000  0.000  0.000  0.000  0.353 -0.750  0.000  0.000  0.387 -0.035  0.000  0.384 -0.123  0.903  0.000  0.000  0.352
F        0.000  0.000  0.000  0.000  0.734  0.000  0.000  0.000  0.933  0.000  0.000  0.000 -0.368  0.000  1.315 -0.038 -0.218  0.832  0.000  0.000  0.000
G       -0.570  0.000  0.000 -1.146  0.000  0.000  0.000  1.513  0.000 -0.647  0.000  0.000 -0.009  0.000  0.000  0.000  0.000  0.000  0.000  0.000  0.000
H        0.000  0.000  0.000  0.000  0.000  0.000  0.000  0.000  0.000  0.000  0.000  0.000  0.276 -1.171  0.000  0.000  0.000  0.000  0.000  0.000  0.000
I        0.000  0.000  1.011  1.517  0.000  0.588  0.000  0.000 -0.298  0.223  0.000  0.414  0.013  0.000  1.436  0.972  0.342 -0.121 -1.015  1.943  0.000
K       -0.158  0.000  0.543 -1.123  0.000  0.000 -0.596 -0.007  0.000 -0.289  0.000  0.000  0.180  0.000  0.941 -0.336 -0.110  0.446  0.000  0.000  0.000
L        0.000  0.000  1.264  0.000  0.000  0.000  0.140 -1.311  1.225 -0.474  0.000  0.000  0.554 -0.902  1.634 -0.550 -0.601  0.251  0.000  0.000  0.000
M        0.000  0.000  0.000  0.566  0.000  0.000  0.000  0.000  0.000  0.000  0.000  0.000  0.000  0.434  0.000  0.061 -0.466  0.000  0.000  0.000  0.000
N        0.000  0.000  0.000  0.000  0.000  0.000  0.000  0.000  0.000  0.000  0.000  0.000 -0.080  0.000  0.000  0.000  0.688  0.000  0.000  0.000  0.000
P       -1.032  0.000  0.241  1.113  0.000  0.000  0.000  0.322  0.346  0.500  0.000 -0.834  0.043  0.368  1.270 -0.066  0.188  1.337  0.000  0.000  0.000
Q       -1.117  0.000  1.070  0.300  0.000  0.000  0.000  0.000  0.000 -0.580 -0.311  0.000 -0.324  0.000  0.000 -0.058  1.091  0.000  0.000  0.000  0.000
R        0.745  0.000  0.449  0.000  0.000  0.000  0.000  0.668  1.192  0.196  0.000  0.834 -0.350  0.000  1.416  0.045  0.000  1.369  0.000  0.000  0.000
S        0.000  0.000  0.000  0.287  0.000  0.000  0.000  0.000  0.000  0.000  0.000  0.000 -0.145  0.000  0.000  0.000  0.000 -0.186  0.966  0.000 -0.915
T        0.000  0.000  1.496  0.000  0.000 -0.044  0.000 -0.858 -0.487  0.909  0.000  0.000 -0.454  0.000  1.671 -0.236  0.000  1.280  0.000  0.000  0.000
V        0.000  0.268 -0.268  1.435  0.252  0.000  0.000  0.349  0.000  0.684  0.000  0.000  0.022  0.000  0.000 -0.098 -0.882  0.000  0.000  0.000  1.243
W        0.000  0.000  0.000  1.084  0.000  0.000  0.000  0.000  0.000  0.000  0.000  0.000 -0.378  0.000  0.000  0.000  0.000  0.000  0.000  0.000  0.000
Y        0.000  0.000  0.000  0.983  0.000  0.000  0.000  0.000  0.000  0.000 -0.882  0.000  0.571  0.000  0.000  0.000 -1.486  0.000  0.000  0.000  0.000
X        0.000  0.000  0.000  0.000  0.000  0.000  0.000  0.000  0.000  0.000  0.000  0.000  0.000  0.000  0.000  0.000  0.719  0.000  0.000  0.000  0.000
i+1/i     A      C      D      E      F      G      H      I      K      L      M      N      P      Q      R      S      T      V      W      Y      X
A        0.288  0.000  0.000  0.809  0.000  0.000  0.000 -0.310  0.000 -0.395 -0.371  0.000 -0.180 -0.302 -0.214 -0.350  1.203  0.868  0.000 -0.937  0.000
C        0.000  0.000  0.000 -1.182  0.000 -0.276  0.000  0.000  0.000  0.000  0.000  0.000  0.000  0.000  0.000  0.000  0.000  0.000  0.000  0.000  0.000
D       -0.069  0.000  0.740  0.356  0.297  0.000  0.000  0.629  0.000  0.413  0.231  1.067 -0.040  0.000  0.000  0.337 -0.390 -0.248  0.000  0.000 -0.230
E        1.126  0.000  0.000 -0.025 -0.813  0.000  0.000 -0.231 -0.127  0.696  0.000  0.000  0.011  0.073 -0.037  0.015 -1.138  0.258  0.000  0.000  0.000
F        0.000  0.000  0.000  0.328 -0.433  0.000  0.000  1.093  0.000  0.000  0.000  0.000 -0.297  0.154  0.000  0.000  0.726 -1.507  0.000  0.909  0.000
G        0.000  0.000  0.000  0.000  0.000  0.000  0.000  0.000  0.000 -0.365  0.013  0.000  0.028  0.148  0.000  0.000  0.000 -0.819  0.000  0.000 -0.574
H        0.000  0.000  0.000  0.851  0.000  0.000  0.000  0.000  0.000  0.082  0.000  0.000 -0.293  0.000  0.000  0.000  0.000  0.000  0.000  0.000  0.000
I        0.000  0.000 -0.484  0.687  0.000 -0.297  0.000  0.808  0.597  0.349  0.000 -0.428  0.396  0.481  0.541  0.013 -0.329  0.252  0.000  0.000  0.000
K        0.579  0.000  0.158  0.537  0.000  0.000  0.000  0.306 -0.300  0.246  0.000  0.000  0.048  0.000 -0.304  0.029  0.283 -0.242  0.000  0.000  0.000
L        0.000  0.000  0.000 -0.550  0.000  0.530  0.000 -0.006 -0.196  0.329  0.000  0.012  0.172  0.133 -0.498  0.392 -0.086  0.537  0.000 -1.126  0.000
M       -0.695  0.000  0.000  0.000  0.000  0.000  0.000  0.000  0.000  0.000  0.000  0.000 -0.301 -0.486  0.000  0.063  1.000  0.000  0.000  0.000  0.000
N        0.000  0.000  0.000  0.622  0.000  0.000  0.000  0.000  0.646  0.000  0.000  0.000 -0.058  0.000  0.000  0.000 -0.611  0.774  0.000  0.000  0.000
P       -1.421  0.000  0.000  0.000 -1.480 -0.019 -0.118 -1.500 -1.559 -1.126 -0.831  0.000  0.000 -0.767 -1.780 -0.606 -0.923  0.000  0.000 -1.762 -1.351
Q        0.000  0.000  0.274  0.000  0.000  0.000  0.000  0.000 -0.198  0.870  0.000  0.810  0.137  0.000 -1.360  0.000  0.817  0.000  0.000  0.451 -0.722
R        0.627  0.000  0.000  0.000  0.000  0.591  0.000  0.803 -0.375 -0.282  0.000  0.000  0.007  0.000 -1.404  0.089  0.000 -0.111  0.000 -0.882  0.000
S        0.238  0.000  0.352  0.891  1.312  0.000  0.000  0.750  0.406  0.115  0.633  0.000 -0.359  0.000 -0.217 -0.119  0.000  0.384  0.439  0.000  0.000
T       -0.212  0.000  0.000  0.163  0.933 -0.139  0.000  0.960  0.000  0.529  0.221  0.014 -0.612 -0.205  0.513  0.055 -0.345  0.346  0.000 -0.733  0.000
V       -0.040  0.000 -0.418 -0.217  0.157  0.000  0.000  0.847 -0.177  0.078  0.243 -0.475 -0.204  0.000  0.029 -0.346  1.012 -0.424  0.000  0.000  0.000
W        0.237  0.000  0.000  0.106  0.000  0.000  0.000  0.000  0.000  0.000  0.000  0.000  0.393  0.000  0.000  0.000  0.000  0.000  0.000  0.000  0.000
Y        0.000  0.000  0.000 -1.070  0.000  0.000  0.000  0.000  0.000  0.000  0.000  0.000  0.000  0.000 -0.491  0.000  0.000 -1.315  0.000  0.000  0.000
X        0.000  0.000  0.000  0.000  0.000  0.000 -0.910 -0.371  0.000  0.000  0.000  0.000  0.408  0.000  0.000  0.000  0.000  1.033  0.000  0.000  0.000
i+2/i     A      C      D      E      F      G      H      I      K      L      M      N      P      Q      R      S      T      V      W      Y      X
A        0.183  0.000 -0.580  0.000  0.000 -0.290  0.000  0.000 -1.543 -0.737  0.000  0.000 -0.186  0.000 -0.550  0.000 -0.464  0.000  0.000  0.000  0.000
C        0.000  0.000  0.000  0.000  0.000  0.000  0.000  0.000  0.000  0.000  0.000  0.000  0.000  0.000  0.000  0.000  0.000 -0.787  0.000  0.000  0.000
D        0.195  0.000  0.000 -1.116  0.900  0.000  0.000  0.995 -0.815 -0.627  0.000  0.000  0.096 -0.559 -0.272  0.000  1.012  1.291  0.000  0.000  1.293
E        0.563  0.000  1.067  0.000  0.000  0.321  0.000  0.083 -1.598 -0.122 -0.475  0.000  0.125  0.701  0.000 -0.926  0.000 -0.246  0.180 -0.313  0.000
F        0.000  0.000  0.000  0.387 -0.693  0.000  0.000  0.000  0.155  0.000  0.000  0.000  0.000  0.000  0.000  0.000  0.000 -1.492  0.000  0.000  0.000
G        0.000  0.000  0.000  0.000  0.000  0.000  0.000  0.239  0.000  0.000  0.000  0.000  0.000  0.000  0.000  0.000 -0.501  0.000  0.000  0.000  0.000
H        0.000  0.000  0.000 -0.787  0.000  0.000  0.000  0.000 -0.181  0.860  0.000  0.000  0.000  0.000  0.000  0.000  0.063  0.000  0.000  0.000  0.000
I        0.000  0.000 -0.939  0.000  0.000 -0.196  0.000  0.929 -0.554 -0.591  0.000  0.000 -0.643  0.000 -1.037  0.106 -0.697  0.554  0.000  0.000  0.000
K       -0.407  0.000  0.000 -0.360  1.157  0.000  0.000  1.519 -1.159  0.625  0.000  0.000 -0.534  0.000  0.136  0.000 -1.174 -1.289  0.000  0.000  0.513
L       -0.709  0.000  0.000 -0.949  0.000 -0.005  0.000  0.046 -0.917 -0.570  0.000  0.000 -0.562  0.000 -0.610  0.000 -0.051  0.000  0.000  1.026  0.000
M        0.000  0.000  0.000  0.000  0.000  0.000  0.000  0.000  0.000  0.000  0.000  0.000  0.000  0.114  0.000  0.412  0.000  0.000  0.000 -0.831  0.000
N        0.000  0.000  0.000  0.000  0.000  0.000  0.000 -0.560  0.000  0.633  0.000  0.000  0.000 -1.171  0.271  0.000  0.000  0.000  0.000  0.000  0.000
P       -0.207  0.000  0.035 -0.299  0.609 -0.223 -0.760 -0.045 -0.011 -0.356  0.000  0.158 -0.166 -0.134 -0.262 -0.254 -0.692 -0.345  0.043 -0.783  0.000
Q       -0.443  0.000  0.000  0.050  0.000  0.000 -0.910  0.000  0.000 -0.545 -0.391  0.000 -0.459  0.000  0.000  0.000  0.362  0.000  0.000  0.000  0.000
R        0.000  0.000  0.000  0.000  0.901  0.000  0.000  0.000  0.181  0.177  0.000  0.000 -0.091  0.000  0.282  0.000  0.245 -1.145  0.000  0.000  0.000
S       -0.082  0.000  0.000 -0.098 -1.175  0.000  0.000 -1.064 -0.696  0.664  0.180  0.000 -0.013 -0.204 -1.091 -0.586  0.141  0.291  0.000  0.000  0.000
T        0.000  0.000  0.000 -0.005  0.221  0.000  0.000  0.000  1.109  0.491 -0.948 -0.454 -0.296  0.050  0.000  0.000  0.000 -1.125  0.000 -0.296 -0.493
V       -0.202  0.000  0.000 -0.338 -1.450  0.000  0.000 -0.917 -0.049  0.382  0.000  0.000 -0.844  0.000 -1.400  0.604  0.662 -1.014  0.000  1.025 -0.293
W        0.000  0.000  0.000  0.000  0.000  0.000  0.000  0.000  0.000  0.000  0.000  0.000  0.000  0.000  0.000  0.172  0.000  0.000  0.000  0.000  0.000
Y        0.000  0.000  0.000  0.000  0.000  0.000  0.000 -0.083  0.000  0.000  0.000  0.000  0.000  0.000  0.000  0.000  0.000  0.000  0.000  0.000  0.000
X        0.000  0.000  0.000 -1.209  0.000  0.000  0.000  0.000  0.000  0.000  0.000  0.000  0.000  0.000  0.270  0.821  0.000  0.159  0.000  0.000  0.000
