i-1/i     A      C      D      E      F      G      H      I      K      L      M      N      P      Q      R      S      T      V      W      Y      X
A       -0.587 -0.121 -0.730 -0.390  0.271  0.000  0.143 -0.107 -0.094 -0.090  0.293 -0.951  0.078 -0.280  0.133  0.129 -0.006 -0.049 -0.437 -0.271  1.692
C       -0.448 -0.716 -0.569  0.056 -0.098  0.000 -0.396  0.810 -0.381 -1.052  0.967  0.373  0.000 -0.591 -0.414  0.062 -0.049  0.177  0.000 -0.895  0.000
D       -0.440  0.311 -1.364 -0.706 -0.911  0.000  0.572 -0.639 -0.665 -0.422 -1.453  0.338 -0.745 -1.060 -0.233 -0.273  0.161 -0.183  0.281  0.160  0.000
E       -0.399 -0.784 -0.296 -1.137 -0.711  0.000 -0.268 -0.364 -0.818 -0.469  0.228 -0.770  0.098 -0.884 -0.228 -0.330 -0.166 -0.364 -0.497 -0.110 -1.106
F       -0.095 -0.482 -0.464 -0.124 -0.622  0.000  0.017  0.310 -0.405 -0.131 -1.396 -0.044 -0.245 -0.324 -0.236 -0.005  0.051 -0.145 -0.500 -0.535  1.909
G       -0.922  0.271 -0.372  0.024  0.671  0.000 -0.336  0.096  0.311  0.150  0.005 -0.140  0.325 -0.423  0.178  0.107  0.311  0.212 -0.333  0.181  0.135
H       -0.335  0.374 -0.981 -0.428 -0.886  0.000 -1.300 -0.313 -0.601 -0.034  0.054 -0.162 -0.094 -0.317 -0.424 -0.266 -0.118 -0.428  0.486 -0.307 -2.756
I       -0.574 -0.181 -0.397 -0.244 -0.603  0.000 -0.536 -0.430 -0.378 -0.713 -0.057 -0.047 -0.018 -0.542 -0.164 -0.408 -0.341 -0.380 -0.376 -0.211 -0.537
K       -0.324  0.297 -0.665 -1.203 -0.027  0.000  0.151 -0.425 -0.816 -0.407 -0.355 -1.081 -0.118 -1.619 -0.795 -0.543 -0.197 -0.349 -0.463 -0.382 -2.543
L       -0.648  0.085 -0.494 -0.310 -0.162  0.000 -0.222 -0.491 -0.244 -0.317 -0.364 -0.455 -0.414 -0.444 -0.321 -0.556 -0.226 -0.341 -0.609 -0.830  0.000
M       -1.189  0.240 -0.869 -0.262 -0.623  0.000 -1.467 -0.484 -0.090 -1.112 -0.568 -0.619  0.124 -0.189 -0.360 -0.910 -0.291 -0.563  0.117 -0.340 -0.505
N       -0.491 -0.179  0.000  0.896 -0.213  0.000  0.173 -0.293 -1.012 -0.451 -1.110 -0.734 -0.378 -0.200 -0.864 -1.034 -1.141 -0.253 -0.985  0.099  0.000
P        0.317  0.000  0.000 -0.973  0.050  0.000  0.175 -0.531  1.258 -0.547 -0.243  0.000 -0.231 -0.260 -0.298 -0.172  1.108 -0.019 -1.359  0.125  0.000
Q       -0.173  0.688  0.189 -0.949 -0.087  0.000  1.171 -0.481 -1.017 -0.480 -0.019 -0.358 -0.065 -1.251 -0.563 -0.357 -0.869 -0.488  0.150  0.149  2.221
R       -0.455 -0.841  0.000 -0.819 -0.233  0.000  0.996 -0.615 -0.764 -0.574  0.168 -0.069 -0.047 -0.437 -0.335 -0.301 -0.200 -0.357 -0.192 -0.452 -2.867
S       -0.031  0.092 -0.686 -0.541  0.048  0.000 -0.005  0.667 -0.610  0.345 -0.587  0.564  0.088  0.401  0.153 -0.306 -0.257  0.214 -0.000  0.522  1.512
T       -0.540 -0.763 -0.812 -0.577 -0.251  0.000  0.005 -0.049 -0.687 -0.172 -0.655 -0.028  0.065 -0.047 -0.341 -0.367 -0.243 -0.134 -0.049  0.067 -3.595
V       -0.419 -0.164 -0.571 -0.516 -0.561  0.000 -0.363 -0.247 -0.752 -0.497 -0.390 -0.583 -0.054 -0.645 -0.296 -0.470 -0.351 -0.277  0.180 -0.237 -2.879
W       -0.426 -0.097 -0.013  0.299 -0.475  0.000 -0.441  0.586 -0.067  0.193  1.808 -1.422  0.235  0.110  0.293  0.132  0.310  0.886  0.420  0.870 -1.258
Y       -0.101 -0.485  0.024  0.037 -0.205  0.000 -0.702  0.398 -0.268 -0.033  0.286 -0.359  0.058  0.101 -0.442 -0.021 -0.121 -0.197 -0.274 -0.118 -2.731
X        0.748  0.000 -0.532 -0.442  1.080  0.000  0.000  0.079 -0.130 -0.120  0.388  0.292  0.000  0.292 -0.606  0.000  0.294  1.220 -1.476 -0.408  1.686
i-2/i     A      C      D      E      F      G      H      I      K      L      M      N      P      Q      R      S      T      V      W      Y      X
A       -0.142  0.229 -0.898 -0.699 -0.386  0.000 -0.344 -0.860 -1.010 -0.269  1.271 -0.549  0.498 -0.637 -0.313 -0.625 -0.120 -0.155 -0.781 -0.699 -3.525
C        0.517  0.327 -1.044  0.248  0.233  0.000 -0.268 -0.274 -0.225  0.210  0.388 -1.538  0.304 -1.579 -0.582 -0.256 -0.156  0.006 -0.379 -0.283  0.000
D       -0.587  0.000  0.442 -0.255 -0.590  0.000  0.296 -0.058 -0.331 -0.707  0.122  1.735  0.210 -0.314 -0.420 -0.122 -0.405  0.218 -0.443 -0.511  0.000
E       -0.873 -0.320 -1.074 -0.596 -0.403  0.000 -0.425 -0.183 -0.207 -0.777  0.629  0.074 -0.052 -0.687 -0.165 -0.543 -0.042 -0.257 -0.526 -0.320  2.011
F       -0.275 -0.466 -0.260  0.101 -0.316  0.000 -0.138  0.122 -0.451 -0.336  0.306 -1.314 -0.064 -0.740 -0.040 -0.543 -0.232 -0.147 -0.757 -0.284 -2.735
G        0.107 -0.960 -0.214 -0.037 -1.073  0.000  0.089  0.245  0.477  0.133  0.168  1.092  0.270  0.143  0.097 -0.044  0.029 -0.449  0.573 -0.103 -1.707
H        0.052 -1.123 -0.446 -0.229  0.373  0.000 -0.910 -0.252  0.052  0.119 -1.725  1.141 -0.086 -0.158  0.313 -0.733 -0.888  0.243  0.436 -0.871  0.000
I       -0.100 -0.974 -0.466 -0.188 -0.365  0.000  0.501 -0.582 -0.475 -0.501 -0.031 -0.998 -0.067 -0.705 -0.023 -0.412 -0.287 -0.344 -0.085 -0.368 -0.790
K       -0.420 -0.432 -0.167 -0.065 -0.040  0.000 -0.771 -0.538 -0.103 -0.531 -1.336 -1.037  0.093 -0.103 -0.201 -0.482 -0.423  0.036 -0.382  0.040  1.656
L       -0.538  0.412 -0.892 -0.472 -0.333  0.000  0.445  0.029 -0.634 -0.410 -0.148 -1.148 -0.058 -0.808 -0.142 -0.463 -0.275 -0.258 -0.671  0.013  2.848
M       -0.745 -0.318 -0.464 -1.210 -0.346  0.000 -1.636  0.074 -0.576 -0.194 -0.158  0.710 -0.654  0.000 -0.076  0.053 -0.165 -0.282  1.157  0.038  0.000
N       -0.471 -1.046 -0.219 -0.210 -0.823  0.000 -0.271  0.187 -0.325 -0.304 -0.135 -1.084 -0.257 -0.653 -0.497 -0.041  0.105  0.045  0.142 -0.204 -0.243
P       -1.470  0.000 -1.034 -0.458  0.244  0.000 -0.516 -0.381 -0.742 -0.282  1.609 -1.639 -0.691  0.000  0.058 -0.164  0.102 -0.471  0.292 -0.798  0.000
Q       -0.708 -0.515 -1.398 -0.121 -0.388  0.000 -0.251 -0.038  0.531 -0.731  0.261  0.161 -0.421 -0.214 -0.702 -0.530 -0.125  0.079 -0.497  0.076 -0.028
R       -0.210 -0.280 -0.015 -0.084  0.088  0.000 -0.165  0.155 -0.519 -0.876 -0.787 -0.478 -0.231  0.023 -0.116 -0.002 -0.097 -0.205 -0.175  0.182  0.790
S       -0.635  1.170 -0.184 -0.165 -0.073  0.000 -0.612  0.154 -0.194 -0.127  0.556 -0.145 -0.328  0.367 -0.164 -0.286 -0.060 -0.132  1.086 -0.065 -0.741
T       -0.877 -0.458 -0.190 -0.524 -0.491  0.000 -0.411 -0.208 -0.293 -0.058 -0.489 -0.170  0.115 -0.467 -0.156 -0.054 -0.120 -0.174 -0.915 -0.309 -1.859
V       -0.135 -0.002 -0.536 -0.293 -0.387  0.000 -0.005 -0.282 -0.489 -0.377 -0.291 -0.532  0.022 -0.367 -0.284 -0.286 -0.172 -0.352 -0.337 -0.085  2.710
W       -0.252 -0.439 -1.576 -0.961 -0.208  0.000 -0.031  0.400 -0.687 -1.251  0.684 -1.784 -0.610 -0.291 -0.468 -0.388 -0.174 -0.063 -0.294 -0.144  0.000
Y       -0.580 -0.259 -0.059 -0.891 -0.262  0.000 -1.168 -0.573 -0.691  0.216 -0.388 -0.843 -0.177 -0.401 -0.745 -0.301  0.011 -0.501 -0.071  0.129 -0.450
X        0.887  0.000 -0.927  0.000 -1.379  0.000  0.000 -1.572 -0.442 -0.104  0.000 -1.759 -0.022 -0.557 -0.610 -0.001 -1.200  0.000  0.000 -0.322  0.000
i+1/i     A      C      D      E      F      G      H      I      K      L      M      N      P      Q      R      S      T      V      W      Y      X
A       -0.397  0.424 -0.826 -0.159  0.214  0.000  0.634  0.043 -0.376 -0.123 -0.434 -0.044  0.109  0.244  0.024  0.338  0.359  0.048  0.414  0.505  3.353
C        0.000 -0.192  0.515 -0.097 -0.017  0.000 -0.889 -0.374 -0.549 -0.840 -2.321 -1.223  0.000 -0.135  0.351  0.219  0.346 -0.203  0.157 -0.606  0.000
D       -0.485 -0.433 -1.251 -0.653  0.108  0.000 -0.030  0.262 -0.497 -0.237  0.673  0.818  0.000  0.329  0.083 -0.326  0.042 -0.013  0.377 -0.202 -2.140
E        0.074 -0.477 -0.344 -0.809 -0.329  0.000  0.345 -0.139 -0.596  0.040 -0.219  0.668  0.197 -0.038 -0.556 -0.168 -0.406  0.278  0.193  0.047 -2.136
F       -0.028  0.296 -0.616 -0.397 -0.479  0.000 -0.499 -0.070  0.005  0.063 -0.090  0.297  0.199 -0.394 -0.011 -0.269 -0.128 -0.214 -0.003 -0.584  1.197
G       -0.512 -0.286 -0.469  0.060 -0.147  0.000 -0.891 -0.161 -0.814 -0.647 -1.938 -0.481  0.302  0.105 -0.256 -0.068  0.235 -0.086  0.187  0.041 -0.116
H       -0.637 -1.079 -0.231 -0.247  0.560  0.000  0.376 -0.141 -0.304 -0.817 -0.190  0.879 -0.068 -0.529 -0.251  0.315  0.000  0.229 -0.078 -1.104  0.000
I       -0.633  0.799 -0.509 -0.424 -0.164  0.000  0.032 -0.582 -0.189 -0.284 -0.103  0.133 -0.119 -0.607 -0.043 -0.258  0.213 -0.583 -0.552 -0.765 -0.912
K       -0.137  0.386 -0.354 -0.397  0.300  0.000 -0.060  0.071 -0.242 -0.112  0.097  0.562  0.589 -0.333  0.073 -0.065 -0.205  0.140 -0.427  0.661 -1.930
L       -0.721 -0.061 -0.101 -0.430 -0.286  0.000 -0.804 -0.437 -0.272 -0.461 -0.876 -0.011 -0.203 -0.370 -0.607 -0.301 -0.146 -0.435 -0.367 -0.206 -1.353
M       -0.967 -0.652  0.300 -0.141 -0.550  0.000  0.547 -0.487 -1.258 -0.127 -1.266 -0.337 -0.116 -1.022  0.009 -0.118 -0.178 -0.608  0.861 -1.413  1.963
N       -0.354 -0.347 -0.751 -0.148  0.178  0.000  0.460  0.250 -0.529 -0.882  0.033  1.112  0.511 -0.350  0.399 -0.498 -0.567 -0.037 -0.535  0.430  0.533
P       -1.430  0.000  0.000 -1.193  0.000  0.000  0.000  0.268  0.000 -0.399 -0.398  0.000 -0.894 -0.999 -1.592 -1.186  0.386 -0.253  0.000 -1.639  0.000
Q        0.490 -1.130 -0.686  0.161 -0.093  0.000  0.343  0.185 -0.082  0.047  1.333 -0.642  0.341 -1.414 -0.388 -0.160  0.324 -0.096  0.354  0.141  0.298
R        0.293 -0.259 -1.029 -0.126  0.387  0.000  1.080 -0.195  0.314  0.009  0.122  0.311  0.164 -0.873 -0.322  0.015 -0.016  0.227  0.106  0.441  1.335
S        0.081 -0.770  0.029 -0.593 -0.045  0.000  1.182  0.059 -0.028  0.050  0.315 -0.886  0.072 -0.854 -0.503 -0.116 -0.088 -0.012 -0.374  0.259  0.000
T        0.123 -0.759 -0.438 -0.286 -0.144  0.000  0.163 -0.102 -0.031  0.372  1.228  0.497 -0.274 -0.579  0.024  0.089  0.099 -0.078 -0.473  0.190  0.450
V       -0.453 -0.059 -0.360 -0.335 -0.355  0.000 -0.210 -0.424 -0.519 -0.398 -0.997 -0.038 -0.097 -0.457 -0.539 -0.480 -0.283 -0.523 -0.726 -0.467 -1.299
W        0.107  0.968  0.117 -0.165 -0.982  0.000 -0.614  0.133 -0.407  0.135  0.418 -0.518  0.000  0.177 -0.161  0.295  0.294  0.160 -0.791  0.526  1.846
Y       -0.163  0.498  0.101 -0.274 -0.081  0.000 -0.361 -0.216 -0.297  0.454 -0.061  0.833  0.347  0.073  0.106 -0.320 -0.043 -0.406 -0.315 -0.066  0.118
X       -1.289  0.000  1.145 -0.327  1.367  0.000  0.949  0.476  0.416 -0.451 -0.449 -1.611  0.000  0.082  0.916  0.315  0.250  1.217  0.122  0.661 -1.486
i+2/i     A      C      D      E      F      G      H      I      K      L      M      N      P      Q      R      S      T      V      W      Y      X
A        0.491 -0.902  0.406 -0.680  0.001  0.000  0.999 -0.328 -0.142 -0.476 -0.285 -0.152  0.453 -0.574  0.117 -0.436  0.103 -0.310 -0.058  0.146  1.192
C       -0.884 -0.092  0.000 -0.331  0.074  0.000 -1.384  0.317  0.308 -0.295  0.897 -0.435 -0.051 -0.642 -0.644 -0.183 -0.934 -0.013 -0.743 -0.301  0.000
D       -0.563 -0.444  0.542 -0.331 -0.415  0.000 -0.012 -0.919  0.137 -0.873  0.423  0.134 -0.517 -0.855 -0.135  0.187  0.146 -0.555 -0.336 -0.915 -1.055
E       -0.797 -0.786  0.080 -0.473 -0.542  0.000 -0.825 -0.833 -0.735 -0.859 -1.039 -0.448 -0.080 -0.274 -0.029 -0.109 -0.133 -0.852 -0.426 -0.200  0.000
F       -0.030 -0.333  0.298 -0.512 -0.014  0.000  0.033  0.308 -0.190  0.437  0.516  0.889  0.042 -0.577 -0.199 -0.349  0.045  0.027  0.893  0.040 -0.810
G       -0.032 -1.278 -1.382 -0.737 -0.818  0.000 -0.885 -0.293 -0.740 -0.108 -0.824  0.644 -0.146 -0.190 -0.643  0.031 -0.187 -0.312  0.166 -0.266  0.000
H        0.227 -0.939 -1.233 -0.044 -0.416  0.000 -0.985 -0.198 -0.538 -0.705 -0.017  0.000 -0.203 -0.343  0.201 -0.434  0.011 -0.403 -0.566 -1.262  0.000
I        0.182 -0.319 -0.815 -0.628  0.296  0.000  0.070  0.328 -0.285  0.050 -0.150  0.420  0.417 -0.369 -0.306 -0.001  0.177  0.301  0.748  0.246 -1.331
K       -0.585 -0.325  0.076 -0.422 -0.288  0.000 -0.238 -0.948 -0.542 -0.579  0.579 -0.556 -0.397 -0.079 -0.327 -0.386 -0.100 -0.439  0.083 -0.130  0.000
L       -0.061  0.258 -0.764 -0.101  0.075  0.000  0.096  0.145 -0.297  0.221 -0.383 -0.270 -0.354 -0.158 -0.166 -0.299 -0.047  0.291  0.221  0.436 -0.712
M       -1.460  0.611 -0.340 -0.449 -0.783  0.000 -1.329 -0.114 -1.007  0.016  0.000  0.000  0.301 -0.560 -1.167  0.723 -0.426 -0.093  0.728 -0.175  0.000
N       -0.431  1.675  0.148 -0.068 -0.303  0.000  0.059 -0.494 -0.392 -0.629 -2.236  0.896 -0.456 -0.543 -0.066  0.089  0.180 -0.663 -0.547 -0.484  2.004
P       -1.285 -0.424 -0.697 -1.399  0.158  0.000 -0.403  0.087 -0.405 -0.528 -0.073 -1.727  0.718 -0.285 -0.384 -0.476 -0.265 -0.356 -0.849 -0.617 -1.738
Q       -1.047 -1.415 -1.172 -0.018 -0.079  0.000 -0.477 -0.556 -0.412 -0.886  0.000 -0.608  0.399  0.135 -0.745 -0.170  0.094 -0.506 -0.347 -0.226 -1.542
R       -0.424  0.185  0.367  0.239  0.272  0.000 -0.019 -0.682 -0.335 -0.104  0.036 -0.605  0.206 -0.539 -0.462 -0.206 -0.190 -0.768 -1.064 -0.188  0.511
S       -0.240 -0.485 -0.270 -0.549  0.046  0.000 -0.073 -0.514 -0.616 -0.158 -0.165  0.554 -0.418 -0.343 -0.596 -0.570  0.159 -0.696 -1.324 -0.552  2.652
T       -1.001 -0.919 -0.558 -0.266  0.158  0.000 -0.416 -0.424 -0.353 -0.231 -0.527  0.106 -0.049 -0.429 -0.666 -0.057 -0.082 -0.350 -0.516 -0.293  2.004
V        0.041  0.217 -0.595 -0.502  0.135  0.000 -0.129  0.282 -0.607 -0.070  0.410 -0.056  0.290 -0.489 -0.318  0.017 -0.134  0.360  0.302  0.279 -3.701
W       -0.603 -0.736 -1.724  0.288 -0.008  0.000  1.065  0.544  0.431 -0.578 -1.073  0.545 -0.273 -0.402 -0.231 -0.431  0.006  0.072  1.106  0.365  0.000
Y        0.065 -1.124  0.182 -0.262  0.189  0.000  0.873  0.176 -0.204  0.329  0.669  0.690  0.262  0.100 -0.059  0.129  0.050 -0.064 -0.081 -0.094  0.237
X        0.782  0.000  0.000  0.140 -0.120  0.000  0.000  0.381 -1.117  0.931  0.000  0.000  0.000  0.502  1.208 -0.170  0.525  0.849  0.000  0.537  2.188
