i-1/i     A      C      D      E      F      G      H      I      K      L      M      N      P      Q      R      S      T      V      W      Y      X
A        0.108  0.000  0.185 -0.028  0.031  0.000 -0.047  0.570  0.499  0.330  0.980  0.716  0.043  0.108 -0.013  0.079 -0.220  0.212  0.000 -0.041  0.331
C        0.073  0.000  0.000 -0.929  0.000  0.000  0.898  0.770 -0.308  0.774  0.000  0.418 -0.063  0.014  0.279 -0.265 -0.944  0.000  0.000  0.000  0.000
D        0.151  0.174 -0.219  0.024  0.082  0.000  0.060  0.119  0.147 -0.145 -0.160 -0.407 -0.037  0.173  0.220  0.067  0.058  0.298 -0.380  0.673  0.754
E        0.063 -1.017 -0.084  0.108 -0.608  0.000 -0.008  0.200  0.321  0.033  0.053 -0.022  0.147  0.240  0.942 -0.368 -0.308  0.219 -0.163  0.467  0.000
F       -0.255  0.304  0.290  0.030 -0.956  0.000  0.245  0.000  0.000  0.768  0.649  0.569  0.300  0.356  0.211  0.340  0.000  0.708  0.000  0.439  0.000
G        0.296  0.247 -0.119  0.183  0.413  0.000  0.178 -0.034  0.663  0.310  0.157  0.792  0.251  0.579  0.500  0.055  0.232 -0.130 -0.048  0.542 -1.086
H        0.140  0.000 -0.185  0.586  0.383  0.000  0.018  0.800  0.199  0.019  0.134  0.541 -0.148 -0.235  0.824  0.104 -0.156 -0.477  0.000 -0.242  0.000
I        0.340 -1.134  0.225  0.182  1.022  0.000  0.144  0.378  1.210  0.225  0.798  0.524  0.026  0.547  0.322  0.451  0.338  0.139  0.000  0.497  0.000
K        0.111 -0.064  0.017  0.139  1.097  0.000  0.290 -0.253  0.051  0.074  0.536  0.351 -0.011  0.295  0.073  0.076  0.154  0.065 -0.276  0.508  0.531
L        0.190  1.325 -0.032 -0.069  0.000  0.000  0.811  0.571  0.714  0.515  0.210 -0.346 -0.043 -0.249  0.276  0.309  0.250 -0.162 -0.226 -0.064  0.720
M        0.156  0.000  0.031  0.230  1.281  0.000  0.487  0.369  0.093  0.593  0.946  0.611  0.213  0.884  0.458 -0.086 -0.059 -0.056  0.000  0.000  0.000
N        0.092  0.758 -0.161  0.129  0.496  0.000  0.000  0.266  0.167  0.109  0.846 -0.182 -0.249  0.162  0.240 -0.098  0.094  0.322 -0.539  0.069  0.803
P       -0.160  0.806  0.227 -0.087  0.452  0.000  0.417  0.057  0.073  0.060  0.024 -0.096 -0.437  0.130  0.358  0.167  0.146  0.309  0.186 -0.397 -2.848
Q        0.255  1.124  0.315  0.083 -0.163  0.000  0.000 -0.018  0.117  0.210  0.133  0.052  0.117  0.213 -0.154  0.434  0.485  0.301 -0.346 -0.021  0.000
R       -0.122  0.000 -0.137  0.150  0.479  0.000  0.532  0.343 -0.047  0.233  1.045  0.065  0.027  0.129  0.004  0.348  0.094  0.693 -0.161  0.161  0.000
S       -0.140 -1.154 -0.207 -0.159  0.265  0.000  0.258  0.870 -0.016  0.152  0.720 -0.180 -0.094 -0.166  0.103  0.027 -0.089 -0.079  0.000  0.289 -1.782
T        0.040  0.040 -0.031  0.074 -0.708  0.000  0.826  0.083  0.299  0.250 -0.224  0.152 -0.044 -0.310  0.269  0.323  0.187 -0.046  0.323  0.455  0.293
V        0.489  1.092 -0.034  0.347  0.103  0.000  0.833  0.382  0.106  0.040  0.414 -0.278  0.082 -0.099  0.339  0.104  0.323  0.163 -0.490 -0.814  0.000
W        0.000  0.000  0.504 -0.519 -0.035  0.000  0.000  0.204  0.325  0.000  0.000  0.429 -0.291 -0.442  0.000 -0.354  0.654  0.698  0.000  0.000  0.000
Y       -0.268  0.000  0.398  0.483  0.653  0.000  0.926  0.767  0.970 -0.188  0.000  0.825 -0.036 -0.405  0.597  0.385  0.360  0.000  0.000  0.918  0.000
X        0.000  0.000  0.060  0.110  0.000  0.000  0.000  0.000  0.000  0.000  0.000 -0.034  0.085 -0.055  0.000  0.000  0.000  0.000  0.000  0.000  0.000
i-2/i     A      C      D      E      F      G      H      I      K      L      M      N      P      Q      R      S      T      V      W      Y      X
A       -0.014 -0.227  0.328 -0.063 -0.382  0.000  0.687 -0.110  0.541 -0.076 -0.073  0.221 -0.310  0.534  0.485  0.105  0.260 -0.239  0.787  0.000  0.521
C        0.452  0.612  0.000  0.000 -0.078  0.000  0.000  0.000  0.000  0.000  1.085  0.000 -0.104  0.108  0.000 -0.284  0.000  0.000 -1.051  0.000  0.000
D        0.366 -0.554  0.130 -0.160  0.121  0.000 -0.163  0.534  0.127  0.040  0.601 -0.298 -0.163 -0.206  0.394 -0.162  0.004  0.109 -0.313  0.746  0.000
E        0.091  0.000  0.014  0.126  0.403  0.000  0.070  0.655  0.015 -0.005 -0.133  0.325  0.154  0.014  0.436 -0.022  0.411  0.306  0.088 -0.518  1.407
F        0.217  0.000  0.205  0.226  0.205  0.000  0.000  0.000  0.372  1.068  0.000  0.791 -0.014 -0.376  0.000  0.817  0.142  0.033  0.298  0.734  0.000
G       -0.029  0.423  0.120  0.105 -0.009  0.000 -0.172  0.260  0.384  0.358  0.535  0.196  0.075 -0.056  0.312  0.294  0.077 -0.048  0.258  0.282 -0.149
H       -0.126  0.000  0.450  0.199 -0.355  0.000 -0.313  0.000  0.682 -0.217  0.000 -1.229  0.311 -0.146 -0.126  0.235 -0.009  0.184  0.000  0.270  0.000
I        0.442  0.000  0.028  0.019  0.726  0.000  0.334  0.480 -0.121  0.465  0.405  0.496  0.163 -0.480  0.431  0.366 -0.234  0.341  0.000 -0.282  0.000
K        0.104  0.822  0.068  0.072  0.392  0.000  0.479 -0.019  0.442  0.367  0.000  0.130 -0.274 -0.106  0.356  0.113  0.276 -0.056 -0.183  0.730  0.000
L       -0.002  0.000 -0.061 -0.135 -0.004  0.000  0.048  0.725  0.288  0.024  0.417  0.599  0.280  0.150  0.452  0.067 -0.057  0.063  0.107 -0.225  0.000
M       -0.098  0.000  0.421  0.125  1.296  0.000  0.230 -0.070  0.497 -0.100  0.000  0.399 -0.180  0.353 -0.253 -0.036 -0.219  0.366  0.000  0.611  0.000
N        0.542  0.000 -0.123  0.269  0.587  0.000  0.623  0.221  0.425 -0.168 -0.610  0.004  0.262 -0.352  0.001 -0.011  0.902  0.758  0.000 -0.341  0.000
P        0.117  0.000  0.153  0.231  0.015  0.000  1.064  0.104  0.335  0.478  0.428  0.015  0.114  0.856  0.251  0.258  0.342  0.263 -0.372  0.000  0.483
Q       -0.152  0.000 -0.104  0.037  0.080  0.000  0.403  1.250 -0.294 -0.040 -1.051  0.046  0.059  0.151  0.348  0.056 -0.040  0.497 -0.098  0.297  2.361
R        0.345  0.197 -0.392  0.247  0.559  0.000  1.140  0.435  0.110  0.112  0.125 -0.174  0.016  0.167  0.185  0.295  0.002  0.261  0.000  0.514  0.000
S       -0.171  0.279  0.069 -0.140  0.458  0.000  0.504  0.622  0.422 -0.013  0.382 -0.165  0.081  0.068  0.290 -0.067  0.402  0.087 -0.296 -0.189  0.312
T        0.362  0.000  0.400 -0.021  0.446  0.000  0.292  0.717  0.521  0.512  0.642  0.334  0.006  0.346  0.914  0.155  0.230  0.018  0.025  0.176 -1.232
V        0.216  0.000 -0.437  0.494  0.355  0.000  0.432  0.851  0.580  0.733  0.000  0.419  0.020  0.003  0.408  0.299  0.320  0.444 -0.159  0.788  0.882
W       -0.251  0.000 -0.443 -0.704  0.000  0.000  0.000  0.505 -0.125 -0.373  0.000  0.721 -0.149  0.406  0.000 -0.044  0.000  0.000  0.000  0.000  0.000
Y       -0.675  0.000  0.743 -0.742  0.387  0.000  0.506 -0.515  0.000 -0.555  0.653  0.073 -0.552 -0.336  0.372  0.746 -0.528  0.268  0.000 -0.508  0.000
X        0.000  0.000  0.000  0.879  0.000  0.000  0.000  0.000  0.000  0.055 -0.554 -0.173  0.000  0.000  0.000 -0.248  0.000  0.000  0.000  0.000  0.000
i+1/i     A      C      D      E      F      G      H      I      K      L      M      N      P      Q      R      S      T      V      W      Y      X
A        0.124 -0.253 -0.166 -0.063 -0.252  0.000  0.274  0.474  0.283  0.486 -0.189 -0.258 -0.092 -0.034 -0.098 -0.102 -0.027 -0.035  0.000  0.257  0.000
C        0.000  0.000 -0.353  0.000  0.284  0.000  0.000  0.000  0.420  0.471  0.000 -0.435 -0.047 -1.095  1.121  0.000  0.315 -0.327  0.000  0.000  0.000
D        0.025 -0.028 -0.168  0.518  0.144  0.000  0.827  0.587  0.507  0.288  0.718  0.376 -0.091  0.605  0.210  0.270 -0.096  0.396 -0.120  0.212  0.000
E        0.037 -0.637  0.086  0.237  0.387  0.000  0.551 -0.079  0.483  0.284 -0.175  0.205  0.072  0.193  0.578  0.152 -0.001 -0.143 -0.072  0.316 -1.693
F       -0.114  0.000 -0.285  0.056  0.360  0.000 -0.387  0.000  0.768  0.458  0.031  0.682 -0.031  0.105  0.829  0.184 -0.368 -0.042 -0.015  0.586  0.000
G        0.006  0.833 -0.081  0.129  0.187  0.000  0.120  0.156  0.328  0.083  0.172  0.247 -0.037  0.187  0.567  0.034  0.105 -0.327  0.087 -0.376  2.043
H       -0.116  0.000 -0.136  0.018  0.163  0.000 -0.040  0.721  0.168 -0.327  0.528  0.000  0.323  0.931  0.321  0.198 -0.064  0.151  0.000  0.479  0.000
I       -0.200 -1.051 -0.467  0.227  0.860  0.000  0.039 -0.292  0.246 -0.817  0.000 -0.901 -0.015 -0.207  0.286  0.035 -0.315 -0.290  0.291  0.673  0.000
K        0.285  0.249 -0.278  0.075  0.111  0.000 -0.065 -0.434 -0.000  0.313 -0.151  0.377 -0.068  0.633  0.036 -0.165 -0.095  0.135  0.145  0.106  0.000
L        0.032 -1.212 -0.588 -0.390 -0.141  0.000  0.016  0.377  0.120 -0.414 -0.570 -0.637 -0.035 -0.160  0.205 -0.409 -0.131 -0.392 -0.294  0.520  0.000
M       -0.883  0.000 -0.172 -0.288 -0.844  0.000 -0.264 -0.739  0.393 -0.116 -0.764 -0.514  0.182 -0.675  0.000 -0.297 -0.184 -0.448  0.000  0.000  0.000
N        0.217  0.514 -0.245 -0.147  0.637  0.000  0.527  0.578  0.838  0.052 -0.241  0.107 -0.072  0.296  0.656  0.024 -0.040  0.338  0.607  0.767 -1.338
P       -0.976  0.883 -0.005 -0.206 -0.595  0.000  0.124  0.447  0.049 -0.239  0.397 -0.164  0.000 -0.746 -0.826 -0.193 -0.492  0.163  0.599 -0.057 -0.345
Q       -0.017  1.297 -0.063 -0.063  0.565  0.000 -0.146 -0.270 -0.025 -0.090 -0.141 -0.606  0.066 -0.017  0.118 -0.166 -0.241  0.229  0.650  0.530  0.000
R        0.209  0.560 -0.299  0.134  0.056  0.000  0.230 -0.815  0.085  0.040 -0.259 -0.211  0.226  0.282 -0.025 -0.190  0.111 -0.054  0.364 -0.700  0.000
S        0.273  0.453 -0.167  0.012  0.186  0.000  0.320  0.271  0.482  0.285  0.284  0.477  0.103 -0.116  0.522  0.031 -0.148  0.202  0.287  0.596 -1.773
T        0.511  1.311  0.336  0.220  0.254  0.000  0.738  0.195 -0.065  0.357  0.545  0.141  0.120  0.171  0.213  0.015 -0.175  0.110 -0.563 -0.245 -0.406
V        0.012  0.000 -0.353 -0.025 -0.079  0.000  0.211 -0.008 -0.414  0.122 -0.349 -0.153 -0.197  0.219  0.107 -0.047  0.239  0.009 -0.041  0.103  0.000
W        0.000  0.000 -0.701  0.369  0.000  0.000  0.000  0.000  0.697  0.000 -0.855  0.000  0.114 -0.226  0.949 -0.085 -0.217  0.328  0.000  0.269  0.000
Y        0.773  0.000 -0.435 -0.103 -0.125  0.000  0.000 -0.561  0.065  0.252  0.000  0.001  0.024 -0.546  0.295 -0.350  0.401 -0.160  0.000  0.563  0.000
X        0.600  0.000  0.169  0.000  0.000  0.000  0.000  0.000  0.254  1.090  0.000  0.774  0.060  0.000  0.000 -0.733 -0.034  0.000  0.000  0.000 -1.550
i+2/i     A      C      D      E      F      G      H      I      K      L      M      N      P      Q      R      S      T      V      W      Y      X
A       -0.292  0.536  0.053  0.047 -0.113  0.000 -0.768  0.037  0.037  0.167 -0.324 -0.418 -0.184 -0.610  0.080 -0.230 -0.260 -0.154 -1.063  1.106  0.000
C       -0.383  0.000 -0.943  0.000  0.000  0.000  0.000  1.127 -0.154 -0.395  0.000  0.000 -0.041  0.000  0.142 -0.413  0.000  0.000  0.022 -1.272  0.000
D        0.065  0.000 -0.432  0.085  0.626  0.000  0.181  0.033 -0.203 -0.178  0.112  0.218 -0.274 -0.856  0.133 -0.098  0.052 -0.194  0.120 -0.220 -0.675
E        0.007  0.000 -0.063 -0.154 -0.165  0.000  0.684 -0.481  0.324  0.001 -0.675 -0.463 -0.039  0.124  0.634 -0.337  0.049 -0.472  0.981 -0.669  1.418
F        0.375  0.000 -0.300  0.035  0.040  0.000 -0.181  0.000  0.368  0.663  0.716 -0.571  0.670 -0.159  0.063  0.111 -0.132  0.101 -0.157 -0.471  0.000
G       -0.125  0.000 -0.353  0.035 -0.504  0.000  0.204  0.097  0.215 -0.050  0.068  0.035  0.001  0.555  0.175 -0.073 -0.091  0.244  0.000  0.847 -2.692
H       -0.086  0.000 -0.434 -0.385  0.000  0.000 -0.192 -0.390  0.304 -0.846 -0.357 -0.443  0.289 -0.013  0.255 -0.223  0.189 -0.351 -0.053 -0.323  0.000
I       -0.006  0.000 -0.628  0.533  0.315  0.000  0.868  0.924  0.575  0.477  0.469  0.267  0.029 -0.680  0.952  0.136  0.330  0.231 -0.887 -0.877  0.000
K       -0.336  0.000 -0.378 -0.081 -0.800  0.000  0.115 -0.103 -0.106 -0.231 -0.616 -0.325 -0.158 -0.556  0.144 -0.395 -0.266 -0.103 -0.635  0.348  0.000
L       -0.025  0.000  0.035  0.190 -0.103  0.000  0.101 -0.502  0.182  0.534 -0.257  0.168  0.012 -0.159 -0.158  0.237  0.060  0.185  0.940 -0.299  0.181
M       -0.089 -0.677  0.147  0.280  0.000  0.000  0.614 -0.224  0.444 -0.264  0.000 -0.105 -0.910  0.014  0.368  0.174  0.000  0.000  0.000 -0.072 -1.726
N       -0.670  0.000 -0.808  0.320  0.025  0.000 -1.094 -0.231  0.327  0.128  0.015 -0.221  0.060  0.226  0.102 -0.065 -0.157 -0.061 -0.175 -0.380  0.000
P        0.172 -0.512 -0.149  0.264 -0.913  0.000 -1.156  0.101 -0.489 -0.020 -1.133 -0.807 -0.052  0.577  0.297 -0.376 -0.175 -0.049 -0.384 -0.693  0.000
Q       -0.377 -0.505 -0.145 -0.059 -0.635  0.000  0.759 -0.577 -0.152 -0.131 -0.408  0.047  0.009 -0.096  0.063 -0.371 -0.115 -0.348  0.326 -0.124  0.000
R        0.059  0.000  0.173 -0.112  0.252  0.000 -0.315  0.251  0.164  0.163  0.000  0.682  0.061  0.258 -0.061 -0.270 -0.353  0.046 -0.476  0.021  0.000
S       -0.414  0.159  0.029 -0.202  1.130  0.000  0.139 -0.321 -0.094  0.083 -0.256 -0.226  0.185 -0.232  0.150 -0.182 -0.208  0.045 -0.157  0.758  1.690
T        0.164 -0.317 -0.368 -0.176  0.526  0.000  0.000  0.266  0.138  0.097 -0.217 -0.035  0.175 -0.234  0.083  0.169 -0.259 -0.006 -0.572  0.841  0.000
V       -0.182  0.000 -0.224 -0.210  0.515  0.000  0.294  0.254  0.297  0.453  0.285 -0.419 -0.033  0.568  0.700 -0.011 -0.425  0.236  0.000  0.193  1.487
W        0.700 -0.666  0.120 -0.157 -0.553  0.000  0.000  0.000  0.748 -0.204  0.000  0.000 -0.278  0.000  0.000  0.418  0.000 -0.460  0.000  0.000  0.000
Y        0.443  0.000 -0.172  0.048  1.078  0.000  0.000  0.344  0.681 -0.662 -0.965  0.083 -0.417 -0.460  0.031  0.005 -0.018 -0.482  0.000  0.353  0.000
X        0.570  0.000  0.000  0.854  0.000  0.000  0.000  0.000  0.000  0.000  0.000  0.000  0.226  0.803  0.000 -0.645  0.110  0.000  0.000  0.000  0.000
