i-1/i     A      C      D      E      F      G      H      I      K      L      M      N      P      Q      R      S      T      V      W      Y      X
A        0.022 -0.208  0.260  0.140  0.115  0.000  0.089  0.120  0.135  0.097 -0.194  0.138 -0.646  0.023  0.039  0.157  0.102  0.072 -0.141  0.167 -0.574
C        0.073  0.599 -0.319 -0.164 -0.595  0.000 -0.844 -0.262  0.175  0.154 -1.146 -0.042  0.000  0.015  0.280  0.278  0.154 -0.021  0.000 -0.252  0.000
D        0.202  0.535  0.242  0.198  0.119  0.000 -0.018  0.079  0.140  0.149  0.682  0.643 -0.557 -0.011  0.158  0.188  0.418  0.121 -0.289 -0.012  1.507
E        0.158 -0.334 -0.031  0.123  0.267  0.000  0.046  0.031  0.017  0.179  0.419  0.530 -0.545  0.084  0.173  0.081  0.055  0.047 -0.065  0.006 -0.933
F        0.047 -0.097 -0.060 -0.096 -0.450  0.000 -0.052 -0.220  0.040 -0.126 -0.920 -0.137 -0.495 -0.145  0.103  0.213 -0.020 -0.037  0.387 -0.440  0.000
G        0.176 -0.388  0.009  0.117 -0.003  0.000 -0.030  0.222 -0.041 -0.023 -0.381 -0.334  0.521  0.144  0.106  0.404  0.302  0.016  0.156 -0.062 -1.866
H        0.130  0.313  0.020  0.092  0.055  0.000 -0.470  0.215 -0.070  0.074 -0.262  0.088  0.000  0.336  0.176  0.114  0.420  0.153 -0.187  0.320 -1.246
I       -0.188 -0.359 -0.003 -0.165 -0.143  0.000 -0.105 -0.085 -0.021 -0.195 -0.594 -0.109 -0.611 -0.209 -0.060 -0.012  0.127 -0.070 -0.113  0.118 -0.985
K        0.032  0.373  0.048 -0.058  0.042  0.000  0.189  0.212  0.092  0.174  0.341  0.092 -0.470  0.017  0.079  0.139  0.066  0.107 -0.031  0.299  0.000
L       -0.137 -0.140  0.057 -0.035 -0.032  0.000  0.001  0.070  0.044 -0.151  0.306  0.168 -0.581 -0.017  0.014  0.111  0.214 -0.065 -0.269  0.118 -0.655
M       -0.143 -0.077 -0.318 -0.190 -0.012  0.000  0.522 -0.006  0.051  0.076 -0.208  0.125 -0.252 -0.025  0.164  0.095  0.426 -0.005  0.251 -0.765  2.034
N        0.263  0.438 -0.014  0.155  0.094  0.000 -0.080  0.206  0.063  0.261  0.140  0.204  0.000  0.033  0.202  0.042  0.074  0.077  0.420  0.034  1.495
P        0.443  1.134 -0.333 -0.500 -0.296  0.000 -0.885 -0.381  0.171 -0.109 -0.109 -0.714  0.000 -0.242 -0.095 -0.443 -0.151  0.024  0.112  0.015 -2.686
Q        0.116  0.524  0.089  0.070  0.126  0.000 -0.261  0.066  0.012  0.191  0.913  0.048 -0.485  0.114  0.145  0.219  0.169  0.088 -0.473 -0.027  0.959
R        0.087 -0.286 -0.077 -0.021  0.121  0.000 -0.287  0.213  0.083  0.181  0.149  0.180 -0.471  0.083  0.044  0.039 -0.070  0.167  0.110  0.021 -0.022
S        0.209  0.470  0.218  0.185 -0.166  0.000  0.294  0.253  0.225  0.254  0.347  0.122  0.000  0.276  0.251  0.302  0.293  0.080  0.284  0.137 -1.675
T       -0.009 -0.063  0.030  0.096  0.227  0.000  0.327  0.001  0.009  0.070  0.092  0.221 -0.725 -0.028 -0.010  0.196  0.384  0.059  0.023  0.373  0.693
V       -0.080 -0.845  0.025 -0.139 -0.133  0.000 -0.298 -0.167  0.042 -0.290 -0.207  0.103 -0.758 -0.056 -0.000 -0.083  0.091 -0.016 -0.083 -0.205  0.860
W       -0.245 -0.546 -0.365 -0.189  0.147  0.000  0.261  0.196 -0.131  0.273  0.213  0.119 -0.507 -0.359 -0.209 -0.393 -0.101  0.098  0.828  0.051  0.000
Y        0.099  0.112 -0.012 -0.127 -0.420  0.000 -0.424  0.060 -0.009 -0.103 -0.041 -0.139 -0.524 -0.036 -0.104  0.046  0.155 -0.003  0.339 -0.068 -0.522
X       -0.009  0.000 -0.571 -0.140  0.595  0.000  0.000 -0.007 -0.066  0.115  0.000  0.277  0.000 -0.036  0.451 -0.065  0.376  0.371  0.000  0.000  0.000
i+1/i     A      C      D      E      F      G      H      I      K      L      M      N      P      Q      R      S      T      V      W      Y      X
A       -0.146  0.006 -0.201  0.001 -0.001  0.000  0.078  0.178  0.067 -0.093 -0.463 -0.138  0.115 -0.067  0.014 -0.075 -0.109  0.044  0.174 -0.169 -2.510
C        0.036  0.951  0.104 -0.029  0.271  0.000 -0.185 -0.147 -0.131  0.482  0.682  0.346  0.000  0.292 -0.040  0.014 -0.142 -0.125 -0.280  0.150  0.000
D        0.185 -0.719 -0.123 -0.178 -0.010  0.000 -0.626 -0.172 -0.122 -0.283 -0.335  0.124  0.088 -0.055 -0.156 -0.055 -0.050 -0.032 -0.122 -0.110 -2.102
E       -0.078 -0.652 -0.095 -0.198 -0.161  0.000 -0.203 -0.110 -0.021 -0.119 -0.153 -0.073  0.167 -0.064  0.036 -0.170  0.071  0.053  0.362 -0.133 -0.290
F       -0.060  0.138 -0.007  0.075 -0.093  0.000 -0.162  0.136  0.011  0.191  0.029 -0.040 -0.183 -0.010  0.039  0.049  0.095  0.053  0.109  0.118 -1.515
G       -0.065  0.399 -0.115 -0.188 -0.092  0.000 -0.227  0.120  0.022 -0.184  0.022  0.088 -0.042 -0.258  0.054  0.078  0.007 -0.136  0.676  0.294  0.000
H        0.041 -0.539 -0.134  0.008 -0.007  0.000 -0.465  0.068  0.044 -0.146  0.767 -0.137 -0.074 -0.292 -0.295 -0.091  0.174  0.190 -0.380  0.079  0.000
I        0.023 -0.360  0.155  0.148  0.028  0.000 -0.096  0.158  0.053  0.214  0.499  0.056 -0.369  0.173  0.057  0.011 -0.100  0.083 -0.060  0.125  1.869
K        0.017  0.134  0.012 -0.047  0.038  0.000  0.028 -0.024  0.012 -0.110 -0.570 -0.166  0.052 -0.138  0.145  0.075  0.011  0.043  0.008 -0.085 -1.575
L        0.100  0.043 -0.053  0.058  0.143  0.000  0.074  0.187  0.094  0.101  0.266  0.069 -0.046  0.090 -0.015  0.070 -0.028  0.077 -0.087  0.167  1.150
M        0.045 -0.015  0.020  0.097  0.142  0.000 -0.030  0.183  0.062  0.173  0.401 -0.005 -0.642 -0.398  0.052 -0.023 -0.066 -0.000 -0.256  0.489  0.773
N       -0.019  0.354 -0.192 -0.072 -0.050  0.000  0.025 -0.051 -0.024 -0.062  0.023 -0.188  0.124  0.175  0.175  0.044  0.229  0.129  0.298  0.133  0.071
P        0.000  0.000 -0.431  0.000  0.000  0.000  0.000  0.000  0.000  0.000  0.000  0.000  0.000  0.000  0.000 -0.160  0.000  0.000 -0.763  0.000  0.000
Q       -0.019 -0.141 -0.116 -0.104  0.007  0.000 -0.166 -0.020  0.107  0.023 -0.200 -0.135 -0.079 -0.041  0.057 -0.130  0.035 -0.024  0.029 -0.142 -0.531
R       -0.021  0.224  0.195 -0.032  0.034  0.000  0.800 -0.028  0.081  0.036 -0.297 -0.119  0.272  0.019  0.019  0.053 -0.094 -0.058 -0.196 -0.073 -1.325
S        0.037  0.206  0.062 -0.016 -0.006  0.000  0.337  0.101  0.022 -0.023 -0.563 -0.286  0.144  0.046 -0.014  0.052  0.250 -0.035 -0.109 -0.149  1.886
T        0.080 -0.184  0.404  0.034 -0.114  0.000 -0.003  0.130 -0.008  0.113 -0.165 -0.194  0.203  0.040  0.248  0.123  0.425  0.143  0.245  0.156  1.834
V        0.159 -0.050  0.034  0.103  0.093  0.000  0.412  0.005  0.025  0.152  0.355  0.135  0.173  0.074  0.015 -0.001  0.128  0.133 -0.391  0.015  0.961
W        0.088  0.000  0.270  0.045  0.261  0.000 -0.008  0.157  0.033 -0.055 -0.213  0.244 -0.062 -0.057 -0.093 -0.138 -0.196 -0.023  0.378  0.314  0.000
Y       -0.098  0.258  0.251  0.008 -0.052  0.000 -0.172 -0.090  0.147  0.014 -0.009 -0.258 -0.191 -0.212 -0.027  0.059  0.213  0.061  0.406  0.093  0.000
X        0.131  0.000  0.232 -0.224  0.000  0.000  0.169  0.081 -0.007  0.548  1.558 -0.427  0.492 -0.509  0.000  0.426 -0.409 -0.025  0.000  0.000  0.000
i+2/i     A      C      D      E      F      G      H      I      K      L      M      N      P      Q      R      S      T      V      W      Y      X
A       -0.018 -0.183 -0.172 -0.143  0.112  0.000 -0.003 -0.035 -0.066 -0.089  0.012  0.033 -0.007 -0.085 -0.097 -0.010 -0.123  0.035  0.186  0.148  0.734
C       -0.369  0.000  0.000 -0.047  0.145  0.000  0.545 -0.402  0.098  0.318 -1.177 -0.536  0.364 -0.128  0.005 -0.031 -0.382  0.156  0.196  0.000  0.000
D        0.027  0.037  0.456 -0.048  0.142  0.000  0.229  0.001  0.144 -0.046 -0.149  0.152  0.450  0.125  0.230  0.029 -0.185  0.030  0.368  0.125 -0.480
E       -0.051 -0.201  0.218  0.059 -0.045  0.000  0.006  0.069 -0.007 -0.100 -0.081  0.098  0.112 -0.131  0.009  0.143  0.054 -0.058  0.061 -0.127  0.000
F       -0.254  0.010 -0.093 -0.173 -0.156  0.000 -0.704  0.064 -0.063 -0.268 -0.581 -0.166 -0.420 -0.121  0.097 -0.105  0.040  0.115 -0.082 -0.038  0.619
G        0.004 -0.510  0.176  0.180  0.219  0.000  0.556 -0.155 -0.238 -0.111 -0.027  0.021  0.238  0.059  0.108  0.337 -0.302  0.075  0.189  0.132  0.000
H       -0.226 -1.024 -0.404  0.110  0.088  0.000 -0.160 -0.080  0.010  0.011 -0.172 -0.190  0.365  0.080 -0.292  0.009 -0.128  0.062 -0.203  0.139  0.000
I       -0.136 -0.189 -0.207 -0.090  0.177  0.000 -0.047 -0.016 -0.001 -0.117 -0.043 -0.233 -0.201 -0.238 -0.079 -0.245 -0.098  0.191 -0.106 -0.155 -2.245
K        0.032 -0.019  0.199  0.098 -0.071  0.000  0.269 -0.004  0.012 -0.022 -0.280  0.060  0.336  0.046  0.092 -0.113 -0.046 -0.077  0.354  0.014 -0.513
L       -0.201 -0.049 -0.088 -0.126 -0.216  0.000 -0.209 -0.144 -0.014 -0.152 -0.267 -0.180 -0.144 -0.145 -0.010 -0.218  0.010 -0.031 -0.442 -0.183 -2.544
M       -0.016 -0.247 -0.120 -0.022 -0.179  0.000  0.096 -0.129  0.022 -0.073 -0.474  0.032 -0.111 -0.178 -0.080 -0.174 -0.079  0.092 -0.637  0.142  1.009
N        0.068  1.138 -0.085 -0.113 -0.091  0.000 -0.269 -0.081 -0.050  0.088 -0.038  0.130  0.182  0.219  0.046  0.017  0.049  0.134  0.242  0.371  1.472
P        0.000  0.000  0.000  0.000  0.369  0.000  0.000  1.047  0.000  0.891  0.000  0.687  0.000  0.860  0.000  0.508  0.803  0.673  1.150  0.000  0.000
Q        0.101 -0.241  0.076 -0.071 -0.055  0.000  0.137 -0.105  0.005 -0.005 -0.191 -0.126  0.252 -0.067  0.063  0.042 -0.183 -0.009 -0.182 -0.059  1.577
R        0.076 -0.167 -0.050 -0.055 -0.032  0.000  0.691  0.071  0.069 -0.026  0.367 -0.362  0.177  0.195 -0.053  0.001 -0.260 -0.049 -0.413 -0.230 -0.825
S        0.088  0.118  0.287  0.146  0.019  0.000  0.079  0.057  0.079 -0.061 -0.177  0.112 -0.095  0.198  0.097  0.208  0.004  0.025 -0.022  0.100 -0.372
T        0.075  0.055  0.321  0.010  0.191  0.000 -0.061  0.124 -0.140  0.094  0.148 -0.030  0.152  0.049  0.019  0.096  0.302  0.051  0.435 -0.105  2.846
V       -0.050 -0.603 -0.024 -0.172 -0.061  0.000 -0.020 -0.026  0.069 -0.124  0.139 -0.206 -0.011 -0.070 -0.060 -0.181  0.011  0.072 -0.545 -0.043  0.601
W        0.088  0.574 -0.341  0.233 -0.588  0.000  0.000 -0.277  0.018 -0.101 -0.232 -0.207 -0.016 -0.245 -0.049  0.090 -0.272  0.130  0.000 -0.405  0.000
Y       -0.049 -0.137  0.096 -0.022 -0.108  0.000 -0.005  0.328  0.046 -0.039 -0.246 -0.298  0.145 -0.001 -0.019 -0.099 -0.217 -0.122 -0.415 -0.065  0.000
X        0.026  0.000 -0.533 -0.340  0.000  0.000 -0.908  0.250  0.480 -0.099  0.000  0.798  0.719 -0.393 -0.095  0.000 -0.472  0.019  0.000 -0.500  0.000
i+3/i     A      C      D      E      F      G      H      I      K      L      M      N      P      Q      R      S      T      V      W      Y      X
A       -0.013 -0.045  0.066 -0.016 -0.065  0.000  0.102 -0.048 -0.013 -0.089 -0.103 -0.369  0.016  0.008  0.059 -0.114 -0.288 -0.024  0.119  0.031 -1.861
C        0.140 -0.373  0.020  0.101  0.355  0.000  0.000 -0.169  0.002 -0.234  0.427 -0.286  0.219 -0.137  0.120 -0.322 -0.067 -0.132  0.413  0.171  0.000
D       -0.046 -0.613 -0.093  0.178 -0.160  0.000 -0.626  0.298 -0.014  0.294  0.944  0.149 -0.320  0.082 -0.085  0.055  0.306  0.051 -0.529  0.329  0.000
E       -0.040 -0.044 -0.133 -0.012 -0.040  0.000 -0.425  0.191 -0.294  0.198  0.489 -0.166 -0.205  0.081  0.003  0.045  0.026  0.185 -0.202 -0.220 -0.134
F        0.024 -0.597 -0.081 -0.052  0.036  0.000  0.277  0.062 -0.100 -0.160 -0.752  0.006  0.151  0.227 -0.105  0.006 -0.156 -0.091  0.290 -0.168  0.000
G        0.107 -0.567 -0.148  0.078  0.221  0.000 -0.579  0.044 -0.081 -0.011  0.062  0.213  0.088  0.011 -0.072 -0.074  0.063 -0.051 -0.286 -0.075  0.000
H        0.281 -0.393 -0.098 -0.273 -0.074  0.000 -0.724  0.094  0.330 -0.121  0.266  0.332 -0.699 -0.394 -0.081 -0.009 -0.091  0.005  0.051  0.059  0.289
I       -0.107 -0.001  0.102 -0.016 -0.231  0.000  0.913 -0.222  0.096 -0.240 -1.066 -0.330  0.018 -0.252  0.049 -0.128 -0.136 -0.153  0.401  0.009  0.330
K        0.006  0.150 -0.176 -0.167  0.021  0.000  0.064  0.089  0.151  0.008 -0.015 -0.213  0.245 -0.136 -0.005 -0.222 -0.119  0.057 -0.100  0.096  1.146
L       -0.152 -0.163 -0.027 -0.140 -0.099  0.000  0.120 -0.270  0.034 -0.207 -0.610 -0.220 -0.015 -0.113  0.023 -0.029 -0.177 -0.105  0.208 -0.199  2.153
M        0.009  0.669  0.002 -0.085 -0.017  0.000 -0.379 -0.223 -0.146 -0.183 -0.263  0.154 -0.014 -0.119 -0.038 -0.444 -0.011 -0.084  0.046 -0.220 -3.103
N       -0.042  0.596  0.019 -0.026 -0.311  0.000  0.116  0.087  0.131 -0.045  0.459 -0.325  0.008  0.169 -0.042 -0.043 -0.259  0.002 -0.521  0.179  0.000
P        0.000  0.000  0.430  0.639  0.712  0.000  0.000  0.000  0.000  0.000  0.453  0.000  0.000  0.000  0.000  0.287  0.409  0.000  0.687  0.000  0.000
Q       -0.089 -0.495 -0.179 -0.119 -0.213  0.000 -0.007  0.094 -0.124  0.107  0.446  0.419  0.040  0.022 -0.215 -0.106  0.003  0.315  0.548 -0.053  2.584
R        0.032  0.229  0.116 -0.180 -0.042  0.000  0.450 -0.067  0.194 -0.049 -0.004 -0.161  0.111 -0.211 -0.087 -0.098 -0.128  0.061 -0.347  0.026 -1.500
S       -0.107 -0.508 -0.004 -0.040 -0.067  0.000  0.214  0.146 -0.101  0.094  0.083 -0.234 -0.116 -0.182  0.096 -0.104 -0.242  0.033 -0.669 -0.059 -1.279
T       -0.080 -1.071 -0.002  0.037  0.057  0.000  0.211 -0.089 -0.038  0.066  1.046 -0.091  0.036 -0.186 -0.138 -0.123  0.259  0.078 -0.453 -0.034  2.960
V        0.035 -0.555 -0.096 -0.085 -0.069  0.000 -0.082 -0.037  0.084 -0.272 -0.703  0.083  0.336 -0.233 -0.034 -0.185 -0.187 -0.116  0.367 -0.212  0.000
W       -0.149  0.000  0.236 -0.457  0.211  0.000  0.426 -0.113  0.055  0.121  1.083 -0.315 -0.080 -0.432 -0.100 -0.417 -0.277  0.255 -0.307 -0.069  0.000
Y        0.130 -0.318 -0.098 -0.120  0.281  0.000  0.040  0.123  0.026 -0.145 -0.461 -0.043  0.308  0.119  0.073 -0.247 -0.086  0.013  0.100  0.167  0.000
X       -0.266  0.000  0.074 -0.194  0.894  0.000 -0.105 -0.552  0.268  0.293  0.021  0.000  0.000 -0.102  0.200  0.124  0.000  0.306  0.000 -0.130 -1.587
i+4/i     A      C      D      E      F      G      H      I      K      L      M      N      P      Q      R      S      T      V      W      Y      X
A        0.166  0.140  0.080  0.174  0.371 -0.124  0.015  0.438  0.351  0.238  0.638  0.202 -0.238  0.323  0.433 -0.036  0.090  0.130 -0.293  0.262 -0.012
C        0.157 -0.360 -0.011 -0.133 -0.304  0.571  0.920  0.313  0.190  0.494  1.236  0.430  0.718  0.000  0.753  0.363  0.077  0.308 -0.359  0.766  0.000
D        0.228  0.000  0.071  0.434 -0.103 -0.114  0.491  0.436  0.134  0.106  0.034  0.252  0.209 -0.055 -0.076  0.172 -0.071  0.262 -0.106  0.281  0.000
E        0.157 -0.029  0.067  0.356  0.140 -0.165  0.113  0.429  0.382  0.402  0.043  0.410  0.117  0.243  0.351 -0.007  0.211  0.416  0.952  0.791  0.596
F        0.152 -0.764 -0.004 -0.113  0.061 -0.054  0.174 -0.132  0.093  0.207 -0.255 -0.557 -0.867  0.289  0.036  0.614  0.666  0.216  0.332 -0.446  0.861
G        0.104  0.000  0.188  0.121 -0.407 -0.169 -0.205  0.351  0.044  0.163 -0.500  0.083  0.161 -0.021  0.205  0.333 -0.167  0.114 -1.219  0.215  0.000
H        0.085  0.000 -0.073  0.264  0.520  0.070  0.476  0.313  0.492  0.331 -0.925  0.577 -0.347  0.262  0.484  0.521  1.214 -0.003  0.198  0.855  0.000
I        0.270  0.700  0.080  0.006 -0.344  0.066 -0.010  0.055  0.200  0.194 -0.026  0.109 -0.164  0.044  0.337  0.448  0.656  0.312  0.847 -0.033  0.990
K        0.113  0.042  0.313  0.146  0.435 -0.039 -0.109 -0.151  0.516  0.386 -0.153  0.200  0.054  0.127  0.359  0.077  0.013  0.386 -0.017  0.441  1.222
L        0.139  0.507 -0.056 -0.069 -0.107  0.048  0.046  0.099 -0.044  0.264  0.198 -0.135 -0.254  0.187 -0.116  0.388  0.348  0.260 -0.509 -0.223  2.223
M       -0.000  0.187  0.281 -0.117  0.226  0.532  0.233  0.335  0.230  0.333 -0.129 -0.088 -0.229  0.115  0.333  0.445  0.575  0.058 -0.285 -0.179  0.418
N        0.179  0.164  0.235  0.238  0.190  0.265  0.336 -0.039  0.063  0.355 -0.060  0.244  0.026  0.237 -0.019  0.062  0.320  0.186  0.836  0.672  0.000
P       -0.180 -0.803 -0.465 -0.125  0.000  0.000  0.000  0.000  0.072  0.722  0.000  0.000  0.000  0.000 -0.398 -0.465  0.000 -0.884  0.000  0.000  0.000
Q        0.145  0.212  0.192  0.236 -0.042  0.378  0.117 -0.257  0.314  0.324  0.148  0.218  0.099  0.237  0.171 -0.291  0.191  0.318  0.283  0.324  0.000
R        0.158 -0.260  0.268  0.312  0.618  0.308  0.211  0.144  0.462  0.240 -0.030  0.307  0.035  0.326  0.524  0.155  0.174  0.126  0.517  0.330 -0.474
S        0.189  0.071  0.116  0.303  0.318 -0.097  0.208  0.290  0.441  0.182  0.096  0.211  0.101  0.278  0.375  0.274 -0.012 -0.174  1.201  0.595  0.000
T        0.103  0.431  0.005  0.216  0.629  0.322 -0.210 -0.218  0.288  0.207 -0.217  0.354  0.314  0.059 -0.095  0.143 -0.248  0.005  0.913  0.293  0.143
V        0.259 -0.716  0.084 -0.038  0.234 -0.093  0.542 -0.439 -0.024  0.268  0.522 -0.143 -0.220  0.269  0.374  0.605  0.091  0.369  0.178  0.020  0.603
W        0.236 -0.096 -0.243 -0.102 -0.079  0.328  0.571  1.016 -0.071  0.247 -0.617  0.496 -0.339  0.034  0.390  0.366  0.268  0.346  0.447  0.653  0.000
Y        0.130  0.987 -0.004  0.070  0.409  0.185  0.014 -0.282 -0.380  0.197 -0.086  0.040 -0.187  0.159  0.034  0.272 -0.026 -0.070 -0.194  0.217  1.637
X        0.459  0.000  0.296  0.000 -0.360  0.000  0.000  0.559  0.581  0.194  0.000  0.000 -0.134  0.302  0.565  0.000  0.000 -0.199  0.671  0.038 -0.855
