i-1/i     A      C      D      E      F      G      H      I      K      L      M      N      P      Q      R      S      T      V      W      Y      X
A       -0.611  0.000  0.713 -0.168  0.000  0.000  0.000  0.000  0.773  0.000  0.000  0.000 -0.145  0.000  0.000 -0.081 -0.648 -0.526  0.000  0.000  0.000
C        0.000  0.000  0.000  0.000  0.000  0.000  0.000  0.000  0.000  0.000  0.000  0.000  0.000  0.000  0.000  0.000  0.000  0.000  0.000  0.000  0.000
D        0.000  0.000  0.539  0.000  0.000  0.000  0.000  0.357 -0.410  0.000  0.000  0.000 -0.554 -0.933  0.000  0.393  0.000  0.000  0.000  0.000  0.000
E       -0.992 -0.208 -0.450 -0.251 -1.360  0.000 -1.119 -0.419  0.460 -0.306  0.000  0.150  0.066  0.000  0.000 -1.263  0.000  0.233 -0.626 -0.358  0.000
F        0.000  0.000  0.457 -0.099 -0.871  0.000  0.000  0.000  0.000  0.000  0.000  0.000  0.444  0.000  0.000  0.545 -0.155  0.118  0.000  0.000  0.000
G        0.000  0.000  0.000  0.000  0.000  0.000  0.000  0.000  0.000  0.019  0.000  0.000 -0.237  0.000  0.077  0.000 -0.209  0.000  0.000  0.000  0.000
H        0.000  0.000  0.000  0.000  0.000  0.000  0.000  0.000  0.000  0.000  0.000  0.000  0.000  0.000  0.000  0.000  0.000  0.000  0.000  0.000 -1.729
I       -0.353  0.000  0.673  0.245 -1.270  0.000  0.000 -0.271  1.395 -0.395  0.000  0.000  0.119  0.000 -0.635  0.101  0.702 -0.250  0.000  0.000 -0.609
K        0.000  0.000 -0.020 -1.021  0.000  0.000  0.000 -0.123  0.097 -0.091  0.000  0.358  0.259 -1.662 -1.284 -0.504  0.000  0.394  0.000  0.000  0.000
L       -0.748  0.000 -0.496 -0.466  0.000  0.000  0.402 -0.572  0.000 -0.369  0.000  0.000 -0.195 -0.627  0.127  0.252  0.726  0.329  0.000  0.000  0.000
M       -0.374  0.000  0.181  0.000  0.000  0.000  0.000  0.000  0.000  0.000  0.000  0.000  0.024  0.000  0.000 -1.019 -1.058 -0.136  0.000  0.000  0.000
N        0.000  0.000  1.007  0.000  0.000  0.000  0.000  0.000  0.000  0.191  0.000  0.000 -0.116 -0.484  0.000  0.000  0.000 -1.260  0.000  0.000  0.000
P       -0.112  0.000 -0.544 -0.364 -0.072  0.000 -0.337 -0.454 -0.705 -0.672  1.241 -0.878 -0.163 -0.855 -1.405  0.014 -0.809 -0.801 -0.228  0.000 -1.094
Q       -0.266  0.000 -1.068 -1.283  0.000  0.000  0.000 -0.319  0.000 -0.885 -1.515  0.000  0.005  0.000  0.000  0.000  0.014 -0.177  0.000  0.000  0.000
R        0.363  0.000  0.000 -0.478  0.000  0.000  0.000  1.239  0.373 -0.665  0.000  0.000  0.397 -0.879  1.046  0.000 -1.113 -0.702  0.000 -0.985  0.000
S       -1.229  0.000 -1.391 -1.219  0.000  0.000  0.000  0.340 -0.436  0.527 -1.022 -0.094 -0.406  0.000 -1.369 -0.842 -0.445 -0.991  0.000  0.000  0.000
T        0.029  0.000 -0.050  0.000  1.420  0.000  0.000 -0.312 -0.991 -0.889 -1.218  0.119  0.087 -0.335  0.000  0.000 -0.623 -0.392  0.000  0.000  0.000
V       -0.606  0.000 -0.606 -0.626  0.558  0.000  0.000 -0.525  0.123  1.514  0.000 -0.925 -0.199  0.000 -0.311 -0.711 -0.295 -1.132  0.000  0.000 -2.126
W        0.000  0.000  0.000  0.000  0.000  0.000  0.000  0.000  0.000  0.000  0.000  0.000  0.000  0.000  0.000  0.549  0.000  0.000  0.000  0.000  0.000
Y        0.000  0.000  0.000  0.000 -0.348  0.000  0.000  0.000  0.000  0.983  0.000  0.000  0.000  0.781 -1.138  0.000  0.658  0.000  0.000  0.000  0.000
X        0.000  0.000  0.091  0.000  0.000  0.000  0.000  0.000  0.000  0.000  0.000  0.000 -0.353  0.000  0.000 -0.752  0.000  0.000  0.000  0.000  0.000
i-2/i     A      C      D      E      F      G      H      I      K      L      M      N      P      Q      R      S      T      V      W      Y      X
A       -0.274  0.000 -0.400  0.109  0.000  0.000  0.000  0.000  0.335 -1.124  0.000  0.000  0.220  0.065 -1.411 -1.197  0.000 -0.481  0.000  0.000  0.000
C        0.000  0.000  0.000  0.000  0.000  0.000  0.000  0.000  0.000  0.000  0.000  0.000  0.000  0.000  0.000  0.000  0.000  0.000  0.000  0.000  0.000
D        0.039  0.000  0.000 -0.961  0.000  0.000  0.000  0.111  0.000  0.000  0.000  0.000 -0.474  0.000  0.000  0.000  0.000  0.000  0.000  0.000  0.000
E        0.000  0.000 -0.389  0.000 -1.075  0.000  1.465  0.000  0.665 -0.724  0.000 -1.107  0.239  0.000  0.000  0.412 -0.257 -0.171  0.000  0.000  0.000
F        0.000  0.000  0.539  0.000  1.305  0.000  0.000  0.000  0.000  0.000  0.000  0.000  0.046  0.000 -0.545 -0.232  0.000 -0.790  0.000  0.000  0.000
G        1.143  0.000  0.000  0.058  0.000  0.000  0.000 -1.172  0.000  0.216  0.000  0.000  0.328  0.000  0.000  0.000  0.000  0.000  0.000  0.000  0.000
H        0.000  0.000  0.000  0.000  0.000  0.000  0.000  0.000  0.000  0.000  0.000  0.000  0.425  0.000  0.000  0.000  0.000  0.000  0.000  0.000  0.000
I        0.000  0.000  0.193 -0.847  0.000  0.000  0.000 -0.244  1.479  0.229  0.000  0.229  0.281  0.000  0.000 -0.126 -0.467 -1.121  0.000  0.000  0.000
K       -0.368  0.000 -1.394 -1.571 -1.549  0.000  0.000 -0.279 -0.606 -1.309  0.000  0.000 -0.314  0.000 -1.594  0.153  0.000  0.181  0.000  0.000  0.000
L       -1.151  0.000 -1.444 -1.567  0.000  0.000 -0.193 -1.416 -1.053  0.864  0.000 -0.114 -0.253 -1.688  0.000 -0.830  0.910 -0.055  0.000  0.000  0.000
M       -0.873  0.000  0.000 -0.655  0.000  0.000  0.000  0.000  0.000  0.000  0.000  0.000  0.000 -1.527  0.000  0.807  0.000  0.000  0.000  0.000  0.000
N        0.000  0.000  0.000  0.000  0.000  0.000  0.000  0.000  0.000  0.000  0.000  0.000  0.366  0.000  0.000  0.000  0.000  0.000  0.000  0.000  0.000
P       -0.449  0.000  1.090 -0.301  0.000  0.000  0.000 -0.261  0.015 -0.563  0.000 -1.161 -0.464 -0.850 -0.804  0.091  0.185 -0.773  0.000  0.000  0.000
Q        0.999  0.000 -0.247  0.466  0.000  0.000  0.000  0.000  0.000 -1.454  0.965 -0.822  0.407  0.000  0.000  0.495 -0.392  0.000  0.000  0.000  0.000
R        0.903  0.000 -0.247  0.000  0.000  0.000  0.000  0.166  0.682 -0.401  0.000 -0.413  0.169  0.000 -0.373  0.694  0.000  0.126  0.000  0.000  1.070
S        0.000  0.000  0.000  0.072  0.000  0.000  0.000 -0.146  0.000  0.000 -0.403  0.000  0.047  0.000  0.000  0.000  0.000  0.179  0.222  0.000 -1.378
T        0.208  0.000  0.579  0.000  0.000  0.000 -0.045 -1.456  1.472 -0.212  0.000  0.000  0.546 -1.053 -0.839 -0.136  0.000 -0.067  0.000  0.000  0.000
V       -0.652  0.988 -0.028 -0.128  0.000  0.000  0.000  0.000  0.000 -1.263  0.000  0.000 -0.363  0.000  0.149 -0.341 -0.039  0.000  0.000  0.000  1.558
W        0.000  0.000  0.000 -0.770  0.000  0.000  0.000  0.000  0.000  0.000  0.000  0.000 -0.501  0.000  0.000  0.000  0.000  0.000  0.000  0.000  0.000
Y        0.000  0.000  0.000 -1.621  0.000  0.000  0.000  0.000  0.000  0.400  0.760  0.000 -0.066  0.000  0.000  0.000 -0.030 -0.806  0.000  0.000  0.000
X        0.000  0.000 -0.668  0.000  0.000  0.000  0.000  0.000 -1.195  0.000  0.000  0.000  0.000  0.000  0.000  0.000  0.000 -1.050  0.000  0.000  0.000
i+1/i     A      C      D      E      F      G      H      I      K      L      M      N      P      Q      R      S      T      V      W      Y      X
A       -0.401  0.000  0.000 -0.430  0.000  0.000  0.000 -1.384  0.000 -0.786  0.915  0.000  0.783 -0.202  1.313  0.550 -0.152  0.217  0.000  0.777  0.000
C        0.000  0.000  0.000  1.030  0.000  0.000  0.000  0.000  0.000  0.000  0.000  0.000  0.000  0.000  0.000  0.000  0.000  0.000  0.000  0.000  0.000
D        0.821  0.000  1.256  0.219  1.469  0.000  0.000  0.282  0.000  1.081  1.274  0.450 -0.261 -1.831  0.000  0.388  0.779  0.726  0.000  0.000  0.716
E        0.000  0.000  0.000  1.173  0.572  0.000  0.000  1.188  0.487 -0.103  0.000  0.000  0.067  0.973 -0.624 -0.089  0.627  0.075  0.000  0.000  0.000
F        0.000  0.000  0.000 -0.651 -0.301  0.000  0.000  0.217  0.000  0.000  0.000  0.000  0.000  0.000  0.000  0.000 -0.087  0.899  0.000  0.492  0.000
G        0.000  0.000  0.000  0.000  0.000  0.000  0.000  0.000  0.000  0.815 -0.114  0.000  0.465  0.000  0.000  0.000  0.000 -0.264  0.000  0.000  0.000
H        0.000  0.000  0.000 -0.444  0.000  0.000  0.000  0.000  0.000  0.626  0.000  0.000  0.161  0.000  0.000  0.000  0.000  0.000  0.000  0.000  0.000
I        0.000  0.000  1.173 -0.582  0.000  0.000  0.000 -0.034  0.033 -1.009  0.000  1.098  0.177  0.895 -0.416  0.241  0.376  0.870  0.000  0.000  0.000
K        0.250  0.000  0.000 -0.017  0.000  0.000  0.000  0.468  1.178  1.281  0.000  0.000  0.085  0.000  1.388  0.444 -0.051 -0.067  0.000  0.000  0.000
L        0.000  0.000  0.000  0.000  0.000  0.000  0.000 -0.469  0.573  0.730  0.000  0.524  0.118  0.852  0.623 -0.368  0.267 -0.033  0.000 -0.568  0.000
M        0.000  0.000  0.000  0.000  0.000  0.000  0.000  0.000  0.000  0.000  0.000  0.000  0.043 -0.827  0.000  0.544 -0.200  0.000  0.000  0.000  0.000
N        0.000  0.000  0.000  0.126  0.000  0.000  0.000  0.000  1.315  0.000  0.000  0.000  0.628  0.000  0.000 -0.305  0.000  0.000  0.000  0.000  0.000
P       -1.456  0.000  0.356 -0.807 -0.793  0.000 -0.139  0.412 -0.700 -1.484  0.177  0.393  0.000 -1.031 -1.214 -1.135 -0.790 -0.098  0.000  0.000 -0.285
Q        0.000  0.000 -0.492  0.000  0.000  0.000  0.000  0.000 -0.099 -0.116  0.000  0.204  0.104  0.000  0.000  0.000 -0.012  0.000  0.000 -0.494 -1.729
R       -0.283  0.000  0.000  0.000  0.000  0.000  0.000 -0.163  0.640  1.490  0.000  0.000 -0.126  0.000  0.000 -0.035  0.000 -0.012  0.000  0.239  0.000
S        0.789  0.000  0.430 -1.469  1.221  0.000  0.000  0.198 -0.107  1.145 -1.144  0.000  0.339  0.000  0.272 -0.498  0.000 -0.235 -0.163  0.000 -0.190
T       -0.061  0.000  0.000  0.000 -0.177  0.000  0.000 -0.104  0.000  1.492 -1.293  0.000  0.660  0.781 -0.617  0.002  1.018  0.192  0.000  0.104  0.000
V        0.000  0.000 -0.498  0.298 -0.592  0.000  0.000 -0.093  0.066  1.135 -0.185  0.000  0.540  0.699  0.982  0.172 -0.060  1.404  0.000  0.000  0.000
W        0.000  0.000  0.000  1.304  0.000  0.000  0.000  0.000  0.000  0.000  0.000  0.000  0.392  0.000  0.000  0.000  0.000  0.000  0.000  0.000  0.000
Y        0.000  0.000  0.000  0.000  0.000  0.000  0.000  0.000  0.000  0.000  0.000  0.000  0.000  0.000  0.125  0.000  0.000  0.968  0.000  0.000  0.000
X        0.000  0.000  0.000  0.000  0.000  0.000  0.686  0.000  0.000  0.000  0.000  0.000  0.290  0.000  0.000  0.000  0.000  0.200  0.000  0.000  0.000
i+2/i     A      C      D      E      F      G      H      I      K      L      M      N      P      Q      R      S      T      V      W      Y      X
A       -0.374  0.000 -0.811  0.000  0.000  0.000  0.000  0.000  0.569  0.948  0.000  0.000  0.664  1.772  0.934  0.000  1.010  1.144  0.000  0.000  0.000
C        0.000  0.000  0.000  0.000  0.000  0.000  0.000  0.000  0.000  0.000  0.000  0.000  0.000  0.000  0.000  0.000  0.000  0.000  0.000  0.000  0.000
D        0.000  0.000  0.000  0.353  0.000  0.000  0.000 -0.921  0.074 -0.913  0.000  0.000  0.351 -0.285 -1.550  0.000 -0.389 -0.837  0.000  0.000 -0.073
E        0.099  0.000  0.764  0.000  0.000  0.000  0.000  0.304  1.160 -0.340  0.000  0.000 -0.062 -0.623  0.000  0.000  0.000 -1.124 -0.203  0.545  0.000
F        0.000  0.000  0.000  0.441 -0.255  0.000  0.000  0.000 -0.023  0.000  0.000  0.000  0.000  0.000  0.000  0.000  0.000 -0.438  0.000  0.000  0.000
G        0.000  0.000  0.000  0.000  0.000  0.000  0.000  0.632  0.000  0.000  0.000  0.000  0.000  0.000  0.000  0.000  0.000  0.000  0.000  0.000  0.000
H        0.000  0.000  0.000  0.000  0.000  0.000  0.000  0.000 -1.018 -1.005  0.000  0.000  0.000  0.000  0.000  0.000 -0.270  0.000  0.000  0.000  0.000
I        0.000  0.000  0.000  0.000  0.000  0.000  0.000  0.932  0.278  0.670  0.000  0.000 -0.003  0.000  1.054 -0.703  0.320 -0.677  0.000  0.000  0.000
K       -0.275  0.000  0.000  0.393  0.000  0.000  0.000  0.131  0.521  0.270  0.000  0.000  0.058  0.000  0.505  0.000  0.978  0.581  0.000  0.000 -0.416
L       -1.190  0.000  0.000 -0.501  0.000  0.000  0.000  1.246  1.056  0.742  0.000  0.000 -0.316 -1.275  0.347  0.000  0.761  0.772  0.000 -0.687  0.000
M        0.000  0.000  0.000  0.000  0.000  0.000  0.000  0.000  0.000  0.000  0.000  0.000  0.000 -0.297  0.000 -0.546  0.000  0.000  0.000  0.565  0.000
N        0.000  0.000  0.000  1.223  0.000  0.000  0.000 -0.757  0.000  0.558  0.000  0.000  0.196  0.000 -0.813  0.000  0.000  0.000  0.000  0.000  0.000
P       -0.192  0.000  0.729 -0.258  0.224  0.000 -1.482 -0.064 -0.250 -0.031  0.000  1.062 -0.061  1.010 -0.231 -0.363 -0.181 -0.111 -0.451 -0.264  0.000
Q        0.000  0.000  0.000  0.000  0.000  0.000  0.686  0.000  0.000 -0.898 -1.515  0.000 -0.826  0.000  0.000  0.000 -0.160  0.000  0.000  0.000  0.000
R        0.332  0.000  0.000  0.000  0.380  0.000  0.000  0.000  0.972 -0.695  0.000  0.000 -0.021  0.000  1.105  0.000  0.042  0.693  0.000  0.000  0.000
S        0.329  0.000  0.000 -0.530 -0.910  0.000  0.000  1.355 -0.801  0.581  0.055  0.000 -0.142  0.781  0.000  0.631 -0.399 -0.748  0.000  0.000  0.000
T        0.000  0.000  0.000 -0.527  0.000  0.000  0.000 -0.248  0.000 -1.562  0.000  0.272  0.421 -0.723  0.000  0.000  0.000  1.146  0.000  1.117  0.000
V        0.000  0.000  0.000  0.013  1.539  0.000  0.000  0.711 -0.024  1.547  0.000  0.000 -0.697  0.000 -0.242 -0.105  0.678  0.000  0.000  0.000 -1.729
W        0.000  0.000  0.000  0.000  0.000  0.000  0.000  0.000  0.000  0.000  0.000  0.000  0.000  0.000  0.000 -0.220  0.000  0.000  0.000  0.000  0.000
Y        0.000  0.000  0.000  0.000  0.000  0.000  0.000  0.000  0.000  0.000  0.000  0.000  0.000  0.000  0.000  0.000  0.000  0.000  0.000  0.000  0.000
X        0.000  0.000  0.000  0.000  0.000  0.000  0.000  0.000  0.000  0.000  0.000  0.000  0.000  0.000 -0.899  0.000  0.000  0.784  0.000  0.000  0.000
