i-1/i     A      C      D      E      F      G      H      I      K      L      M      N      P      Q      R      S      T      V      W      Y      X
A       -0.233 -0.273  0.524  0.246  0.101  0.169  0.525  0.167 -0.159  0.104 -0.078  0.093  0.212  0.005 -0.256 -0.179  0.197 -0.046  0.120  0.126 -1.177
C        0.409 -1.064  0.328  0.507 -0.454 -0.421 -0.186 -0.207  0.987 -0.176  0.000 -1.130  0.000  0.809  0.337  0.075 -0.254 -0.096  0.400  0.000  0.000
D       -0.393 -1.015  0.161  0.187  0.293  1.186 -0.217  0.047  0.366  0.263  0.000  0.459 -0.319  0.334  0.535  0.203  0.084  0.358  0.370  0.347  0.000
E        0.615  0.165 -0.076  0.719 -0.265 -0.181 -0.250  0.248  0.443 -0.022 -0.135  0.364  0.110  0.320  0.604  0.538 -0.040  0.350  0.775  0.053  0.281
F        0.245 -0.039  0.481  0.051 -0.261 -0.213  0.801 -0.367 -0.311  0.291 -0.182 -0.130  0.726  0.002 -0.187  0.050 -0.155 -0.126 -0.945 -0.229  0.000
G        0.354  0.395  0.003  0.475 -0.188  1.657  1.107  0.286  0.682  0.567  0.010  1.076  0.307  0.307  0.107  0.085  0.039  0.285  0.762  0.332  0.845
H       -0.168  0.673  0.322  0.191  0.235  0.395 -0.745 -0.126  0.046 -0.498 -0.039 -0.169  0.659  0.630 -0.455 -0.142  0.126  0.300  0.570 -0.038 -0.598
I        0.384  0.442  0.446  0.283  0.385  0.798  0.263  0.151  0.311  0.371  0.248  0.150  0.356  0.292  0.273  0.203  0.364  0.203  0.129  0.089  0.043
K        0.003  0.016 -0.046  0.393  0.110  0.321 -0.089  0.217  0.398  0.177  0.877  0.568 -0.002  0.569  0.117  0.330  0.212  0.123  0.597  0.086  0.262
L        0.276 -0.702  0.184  0.045  0.229  0.655  0.232  0.346  0.404  0.138 -0.273  0.099 -0.098  0.111  0.118  0.092  0.342  0.176 -0.589  0.321  0.708
M        0.000  0.218  0.094  0.477 -0.709 -0.452 -0.554  0.339 -0.245  0.593  0.273  0.303  0.226  0.190  0.166  0.438 -0.439  0.320  1.731 -0.106  0.000
N       -0.267  0.971  0.189 -0.304  0.959  0.559 -0.020 -0.040  0.282  0.452  0.655 -0.550 -0.674 -0.177  0.725 -0.022  0.065 -0.125  0.361  0.154  0.000
P        0.075  0.000  0.000 -0.594  0.378  0.933 -0.617  0.437 -0.331  0.171  0.144  0.345  0.214 -0.094  0.087  0.084 -1.183  0.162  0.006  0.000  0.000
Q        0.819  1.159  0.935  0.589  0.453  0.226 -0.898 -0.049  0.149  0.194 -0.579  0.805  0.414  0.171  0.532  0.832  0.624  0.472 -0.339 -0.066  0.843
R        0.479  0.000  0.000  0.205  0.422  0.779 -0.789  0.117  0.564  0.400  0.509  0.457  0.050 -0.567  0.199  0.426  0.269 -0.038 -0.054  0.452  0.736
S       -0.001 -0.514  0.622  0.057 -0.178  0.095 -0.246 -0.051  0.588  0.075 -1.231  1.450  0.312 -0.171  0.321  0.241 -0.086  0.038  0.471  0.136 -0.083
T        0.195  0.702  0.794 -0.074 -0.318  0.313  0.843 -0.004 -0.047 -0.111  0.139  0.292  0.119 -0.143 -0.178  0.233  0.057 -0.085 -0.319  0.332  0.308
V        0.491  0.364  0.092  0.007  0.080  0.364  0.284  0.230  0.444  0.181  0.131  0.044  0.345  0.231  0.323  0.258  0.102  0.272 -0.027  0.063  0.351
W        1.090  0.778  0.178 -0.016 -0.291  0.460  0.640  0.389  0.787 -0.076 -0.075  0.790 -1.178  0.828  0.224 -0.055  0.360  0.179 -1.008  0.615  0.312
Y        0.182  0.107  0.410  0.266  0.150 -0.132  0.097 -0.089 -0.105  0.055  0.365 -0.446  0.180 -0.273  0.264  0.029 -0.261  0.256  1.196  0.388  0.000
X       -0.097  0.000  0.451  1.115  0.000  0.000  0.000 -0.338  0.248  0.270 -0.427  1.275  0.000  0.117  0.024  0.000  0.129 -0.029 -1.129 -0.306  0.422
i-2/i     A      C      D      E      F      G      H      I      K      L      M      N      P      Q      R      S      T      V      W      Y      X
A        0.017  1.222  0.704 -0.064 -0.115  0.315  0.077  0.293  0.797  0.445 -0.359  0.233  0.377 -0.038  0.444  0.304  0.308  0.319  0.370 -0.183  0.060
C       -0.162  0.225 -0.646 -0.333  1.078 -1.186 -1.598  0.340  0.305  0.117 -0.524  0.292  0.000  0.000  0.123  0.611  0.289  0.177  0.000  0.372  0.000
D        0.002  0.000  0.031  0.186 -1.024  0.635  0.079 -0.225  0.313 -0.007 -0.245 -0.266  0.804 -0.631  0.146 -0.217 -0.370 -0.155 -0.321  0.248  0.000
E        0.104 -0.125  0.243  0.256 -0.658  0.846  0.189  0.390 -0.023  0.955  0.947  0.109  0.355  0.454  0.142  0.415  0.109  0.349  0.341  0.309  0.000
F        0.631 -0.346  0.128  0.142  0.319  0.166  0.306 -0.303 -0.041 -0.073 -0.352 -0.345  0.673 -0.263 -0.161  1.000  0.332  0.057  0.595 -0.336  0.000
G       -0.031 -0.305  0.347  0.063 -0.440 -0.159 -0.309 -0.057 -0.019 -0.004 -0.265 -0.054  0.152 -0.145 -0.241 -0.199 -0.412  0.319  0.031  0.257  0.726
H        0.115 -0.677 -0.149  0.169 -0.452 -0.328  0.888  0.307  0.409 -0.037 -0.786 -0.777  0.450 -0.396  0.133  0.000 -0.263 -0.091  0.000  1.400  0.000
I        0.245  0.421 -0.022  0.199  0.714  1.042 -0.229  0.387  0.416  0.094  0.204  0.416  0.407  0.083  0.567 -0.308  0.395  0.188 -0.519  0.155  0.174
K        0.406  0.125  0.646  0.189 -0.184  0.561  0.257  0.170  0.504  0.187  0.384  0.000 -0.882  0.014  0.049  0.215 -0.055  0.016  0.164 -0.037  0.107
L        0.446  0.230  0.044  0.054  0.208  0.231 -0.109  0.004  0.382  0.238 -0.164  0.566  0.356  0.697  0.166  0.240 -0.390  0.203 -0.615  0.083  0.000
M        0.108 -0.918 -0.318  0.172  0.472  0.597  1.551  0.066 -0.310  0.154  0.138 -0.921 -0.502  0.000 -0.083  0.329  0.636  0.509  0.000 -0.400  0.000
N       -0.360  1.395  0.237 -0.004 -0.278  0.048 -0.576 -0.052  0.442  0.988  0.855  0.615  0.000  0.530  0.213  0.641  0.086  0.327  1.324  1.262  0.000
P        0.245  0.361  0.000  0.512 -0.474  0.745  0.901 -0.105  0.526  0.674  0.336 -0.559 -0.804  0.273  0.303  0.740  0.317  0.423  1.432  1.076  0.000
Q        0.356 -0.035  0.455  0.410 -0.002  0.906 -0.394  0.330  0.423  0.476 -0.108  0.386  1.329  0.424  0.096 -0.298  0.141  0.087  0.367  0.202 -0.046
R       -0.479 -0.669 -0.252 -0.177 -0.181  0.461  0.593  0.639  0.187  0.600  0.544  0.434 -0.393 -0.283  0.107 -0.049  0.496  0.239  0.441 -0.184 -1.033
S        0.934 -1.612  0.794 -0.007  0.307  0.811  0.393  0.017  0.623  0.203  0.593  0.732  0.570  0.368  0.237  0.236 -0.179  0.151 -0.200  0.015  0.417
T        0.617 -0.916  0.625  0.008  0.139  0.104  0.560  0.164  0.296  0.304 -0.001  0.200  0.384  0.278 -0.030  0.465  0.122  0.337  0.679  0.836  0.663
V        0.219 -0.135  0.327  0.170  0.405  0.619  0.146  0.009  0.166 -0.072  0.022  0.230 -0.309  0.075  0.171 -0.319  0.300  0.254  0.051 -0.141 -0.272
W        0.465  0.000  0.937  0.988  0.142  0.593  1.730 -0.072  0.240  0.226 -0.727  1.194  1.256  0.332  0.158  0.309  0.705  0.174  0.817  0.975  0.000
Y        0.603  0.000  1.097  0.188  0.468 -0.078  1.051  0.113  0.190 -0.104  0.409 -0.300 -0.314  0.213  0.000  0.556  0.377  0.182  0.288  0.284  0.015
X       -0.123  0.000  0.000  0.000 -0.934  0.000  0.000  1.349  0.263 -0.565  0.000  0.000 -1.015  0.676  1.213  0.020  1.533  0.825  0.000  1.514  1.042
i+1/i     A      C      D      E      F      G      H      I      K      L      M      N      P      Q      R      S      T      V      W      Y      X
A       -0.263 -1.447 -1.108 -0.096 -0.189 -0.730 -0.174 -0.083  0.076  0.230  0.022 -0.691 -0.123 -0.966 -0.398 -0.655 -0.479 -0.068 -0.725 -0.454  0.037
C        0.395 -0.584 -0.043  0.264 -0.007  0.168 -0.730 -0.233  0.561  0.231  0.000 -0.798  0.000  0.140 -0.034 -0.984 -0.045  0.394 -0.105 -0.005  0.000
D       -0.069 -0.337  0.449  0.494 -0.295 -0.055  0.561 -0.327  0.321 -0.262  0.172 -0.515  0.000 -0.074 -0.091 -0.130 -0.532 -0.369 -0.169  0.205  1.358
E       -0.154 -0.869 -0.371 -0.029  0.044 -0.024 -0.476  0.099 -0.166 -0.034 -0.458 -0.192 -0.621 -0.334 -0.106  0.217  0.548 -0.175 -0.325 -0.235  0.834
F        0.158 -0.860 -0.572  0.000 -0.478  0.279 -0.283 -0.243 -0.179 -0.197 -0.376 -0.325  0.205  0.004 -0.125 -0.465 -0.214 -0.172 -0.269 -0.388  0.000
G        0.682  0.153  0.235  0.593  0.653  1.135 -0.490  0.385  1.216  1.033  0.890 -0.083  0.501  0.322  0.542  0.194  0.073  0.382  0.849  0.035  0.883
H       -0.135 -0.972  0.173  0.103 -0.415  0.359 -0.284  0.018 -0.125  0.170 -1.102  0.260 -0.484  1.070  0.333  0.128 -0.588 -0.395  0.448  0.155  0.000
I        0.114 -0.443 -0.302  0.060  0.049  0.256  0.254  0.370 -0.126 -0.030  0.100 -0.009 -0.275  0.230  0.175 -0.250 -0.185  0.480  0.427  0.138  0.910
K        0.199 -0.907  0.285  0.197 -0.316  0.293 -0.491 -0.132  0.113  0.025  0.092  0.102 -0.582  0.059  0.010  0.178  0.012 -0.066  0.205 -0.017  0.314
L        0.189 -0.395 -0.780 -0.302  0.007  0.164 -0.599  0.031 -0.325 -0.319 -0.149 -0.199 -0.609 -0.155 -0.026 -0.699 -0.397 -0.030  0.132 -0.216 -0.081
M       -0.032  0.000 -0.406  0.227 -0.285 -0.403  0.353  0.848  0.507  0.188 -0.963 -0.832 -0.168  0.168 -0.143 -0.764  0.300  0.087 -0.243  0.305  0.000
N        0.090  0.544  0.232 -0.086  0.167  0.455 -0.140 -0.468 -0.087 -0.231 -0.543 -0.280  0.000  0.388  0.440  0.703 -0.475 -0.469 -1.034 -0.690  0.143
P       -0.082  0.000 -0.048 -1.131  0.000  1.449  0.000 -0.805  0.000  0.000  0.000  0.000  0.000  0.000 -0.509 -0.277 -1.260 -0.949 -0.033  0.000  0.000
Q       -0.376  0.879 -0.143 -0.466  0.224  0.610 -0.178 -0.224 -0.232 -0.044  0.000  0.070  0.627  0.463 -0.341 -0.053  0.161 -0.081 -0.213 -0.109  0.083
R       -0.140 -0.822 -0.207  0.072  0.103  0.126 -0.349 -0.279  0.212  0.008  0.218  0.070  0.330  0.191  0.107  0.479 -0.440 -0.199  0.616  0.035 -0.224
S        0.351 -0.735  0.056  0.206 -0.241  0.201 -0.353  0.107  0.719  0.569  0.231 -0.264 -0.198  0.001  0.425 -0.060  0.133  0.192  0.802  0.215  0.000
T        0.525 -0.844 -0.240  0.235  0.160  0.711  0.284  0.528  0.404  0.404 -0.020 -0.271 -0.779  0.281  0.233  0.393  0.289  0.302  0.066  0.392 -0.831
V        0.086 -0.493 -0.147  0.286  0.229  0.085 -0.030  0.218  0.143  0.157  0.094 -0.384 -0.018  0.243  0.080 -0.127 -0.044  0.404  0.453  0.207 -0.266
W       -0.079 -1.619 -0.352 -0.358 -0.402  0.111 -0.311 -0.235  0.559 -0.282  0.687 -0.614 -0.413  0.160 -0.792 -0.105  0.113  0.128 -0.342 -0.310 -1.209
Y       -0.463 -0.371 -0.465  0.115 -0.505 -0.307  0.073 -0.285 -0.620 -0.424 -0.036 -0.691 -1.004 -0.457 -0.464 -0.105 -0.240 -0.115 -0.055 -0.205  0.168
X        0.000  0.000  0.000  0.790  0.000  0.570 -1.382 -0.416 -0.446  1.033  0.000  0.000  0.000 -0.352  0.077 -0.208  0.551 -0.350  0.000  0.000 -0.548
i+2/i     A      C      D      E      F      G      H      I      K      L      M      N      P      Q      R      S      T      V      W      Y      X
A        0.122 -0.459 -0.813  0.075  0.078  0.476  0.166 -0.067  0.404  0.068  0.490 -0.609 -0.608  0.009 -0.060  0.256 -0.142  0.045  0.049  0.166  0.398
C        0.599 -0.706  0.000  0.094  0.839 -0.379 -0.404 -0.489  0.858  0.188  0.000 -1.289 -0.300  0.412 -0.072  0.046  1.129  0.093  0.230 -0.001  0.000
D        0.505 -0.990 -0.419 -0.356  0.071  0.038 -1.155  0.442 -0.193  0.030 -0.449 -0.025 -0.930  0.384  0.365 -0.497 -0.174  0.272  0.027 -0.124  0.773
E       -0.037 -0.472 -0.177  0.210  0.338  0.211 -0.033  0.556  0.040  0.448  0.069 -0.496 -0.057 -0.170 -0.365 -0.248  0.007  0.523 -0.534 -0.148  0.000
F       -0.671 -0.964 -0.234 -0.343 -0.107 -0.626 -0.345 -0.414 -0.308 -0.131  0.039 -0.596 -0.561 -0.523 -0.084 -0.414 -0.661 -0.534  0.217 -0.798  0.058
G        0.110 -0.808  0.200  0.692 -0.074  0.463 -0.374  0.369 -0.352 -0.248 -1.124 -0.943  1.155 -0.023 -0.161 -0.259 -0.695  0.132 -0.632 -0.413  0.000
H        0.127  0.182 -0.373 -0.313  0.168  0.329  0.002  0.077  0.254  0.433 -0.673 -0.356  0.042  0.084 -0.139 -0.136  0.172  0.219  1.071  0.233  0.000
I       -0.479 -0.983 -0.284  0.061 -0.039  0.262 -0.027 -0.153 -0.030  0.030  0.198 -0.587 -1.048  0.329 -0.020 -0.459 -0.502 -0.401  0.338 -0.173  1.216
K        0.649 -0.369  0.053  0.279  0.218  0.512 -0.077  0.465  0.447  0.164  0.128 -0.315  0.192  0.163  0.341  0.061 -0.108  0.620  0.234  0.100  0.000
L        0.037 -0.670 -0.717  0.341 -0.536 -0.632 -0.033 -0.286 -0.054 -0.308 -0.261 -0.277 -0.648 -0.037 -0.032 -0.031 -0.131 -0.527  0.107 -0.305  0.012
M       -0.165 -0.583  0.575  0.060 -0.240  0.411 -0.861 -0.506  0.662 -0.267  0.693  0.958 -0.722 -0.549  0.562 -0.401 -0.968  0.142 -1.088  0.561  0.000
N        0.019 -0.135 -0.704 -0.286 -0.320  0.876 -0.296 -0.128  0.165 -0.072  0.272 -0.129 -0.488  0.240  0.079 -1.009  0.003  0.393  0.777  0.103 -0.287
P        1.128 -0.228  0.483  0.090  0.378  0.321  0.780  0.488  0.678  0.780  0.432  0.000 -0.109  0.509  0.433  0.089 -0.239  0.156  1.561  0.668 -1.208
Q        0.376 -0.820 -0.365  0.105  0.100  0.338 -0.330  0.295  0.328  0.698  0.000  0.448  0.434  0.098  0.186  0.006 -0.101  0.335 -1.017 -0.916  0.504
R        0.015 -0.055 -0.301 -0.164  0.125 -0.239 -0.557  0.370  0.139  0.220 -0.106 -0.212 -0.820  0.033 -0.085 -0.485 -0.137  0.633  0.097  0.672  0.034
S        0.172 -0.343  0.153  0.204  0.330  0.268  1.119  0.185  0.265  0.350  0.273 -0.039  0.713 -0.085  0.244 -0.168 -0.128  0.509  0.634  0.507 -0.075
T        0.468  0.921 -0.328  0.415 -0.015  0.780 -0.800  0.611  0.161  0.204 -0.066  0.164  0.037  0.104  0.067 -0.183  0.158  0.179  0.158 -0.324 -0.214
V       -0.137 -0.667 -0.368 -0.139 -0.643  0.168 -0.625 -0.306 -0.276 -0.244 -0.432 -0.473 -0.176  0.024 -0.198 -0.402 -0.073 -0.280 -0.225  0.139  0.397
W       -0.211  0.631 -0.094 -0.462  0.603  0.130 -0.294 -0.876 -0.202  0.219  0.808 -1.202  0.573 -0.044  0.454 -0.397  0.054 -0.003 -0.029  0.635  0.000
Y       -0.229 -0.956 -0.428 -0.149  0.011  0.887 -0.474  0.083 -0.260 -0.214  0.003 -0.424  0.591  0.166 -0.163 -0.812 -0.968 -0.120 -0.879  0.105  0.726
X        0.416  0.000  0.000  0.446 -0.440  0.419  0.000  0.303 -0.863  0.000  0.000  0.030  0.000 -0.255  0.000  0.942  0.000 -0.759  0.000  0.578 -1.314
