i-1/i     A      C      D      E      F      G      H      I      K      L      M      N      P      Q      R      S      T      V      W      Y      X
A        0.236  0.000  0.481  0.238  0.674  0.047 -0.748 -0.072  0.648 -0.164  0.201 -0.276 -0.056  0.281  0.213  0.051 -0.447 -0.185  1.046 -0.045  0.000
C       -0.204  0.000 -0.825 -0.588  0.000 -1.217 -1.040 -0.449  0.285 -0.248  0.000  0.000  0.945  0.067  0.111  0.122  0.000  0.000  0.000  0.000  0.000
D        0.268  0.699 -0.175 -0.064 -0.084 -0.444 -0.934  0.396  0.823  0.167 -0.565  0.608  0.478 -0.158  0.094 -0.185  0.782 -0.114 -0.309  0.005  0.000
E        0.446 -0.342  0.321  0.155  0.222 -0.069 -1.248 -0.099 -0.041 -0.289  0.272  0.059  0.115 -0.014 -0.367 -0.195 -0.653 -0.069 -0.190  0.334  0.000
F       -0.225  0.000 -0.251 -0.644 -0.480 -0.763 -0.678 -0.267 -0.246 -0.357  0.000  0.000 -0.757 -0.128 -0.432 -0.416  0.463  0.240  0.000  0.562  0.000
G       -0.255 -0.101 -0.255 -0.085 -0.322 -0.043 -0.847 -0.418 -0.283 -0.604 -0.721  0.370  0.025 -0.142  0.025  0.066 -0.326 -0.077  0.320 -0.189  0.000
H       -0.146  0.000  0.300 -0.389  0.317 -0.101 -1.135 -0.383 -0.049  0.241 -0.576  0.317  0.764 -0.615  0.755  0.270 -0.494 -0.459  0.000  0.000  0.000
I        0.623 -0.662 -0.193 -0.309 -0.707 -0.427 -0.184 -0.081 -0.197 -0.514  0.165  0.377  0.196 -0.175 -0.373 -0.125  0.299 -0.059  0.000 -1.150  0.000
K       -0.304 -0.006  0.041  0.195 -0.120 -0.020 -0.410 -0.240  0.233 -0.069 -0.333 -0.202  0.017 -0.306 -0.063  0.181 -0.320 -0.347 -0.932  0.076  0.000
L       -0.071 -1.313 -0.190  0.114 -0.906 -0.020 -1.058 -0.223  0.011  0.309  0.056 -0.375  0.081  0.000 -0.123 -0.189  0.470  0.048  0.316  0.062  0.000
M        0.316  0.000  0.239  0.150  0.000  0.477  0.740  0.000  0.476  0.923 -0.709 -0.726  0.111  0.135 -0.163 -0.206  0.238  0.257  0.000  0.000  0.000
N        0.423 -0.739 -0.110 -0.192  0.173 -0.463  0.000  0.048  0.132 -0.284 -0.185  0.539  0.157  0.134 -0.696 -0.689 -0.186 -0.460  0.000  0.155 -0.001
P        0.680 -0.449  0.326 -0.030 -0.624 -0.216 -0.573  0.082  0.293  0.149  0.241  0.113 -0.520  0.069  0.375 -0.041 -0.131  0.017 -0.466  0.139  0.000
Q        0.572  1.320 -0.203  0.100  0.170 -0.068 -0.183 -0.704 -0.665  0.135  0.213 -0.484 -0.117  0.527 -0.203  0.246 -0.222  0.177 -0.200  0.790  0.000
R       -0.004  0.676  0.476 -0.424  0.230 -0.425 -0.338  0.044 -0.120  0.073  0.000  0.345 -0.051  0.515 -0.097 -0.047 -0.144 -0.119 -0.451  0.136  0.000
S        0.341  0.000  0.243  0.004 -0.247 -0.043 -0.216 -0.371  0.268  0.088 -0.744  0.221 -0.099 -0.016 -0.086  0.074 -0.109 -0.011  1.199  0.920  0.000
T       -0.524  0.152 -0.029  0.148 -0.203 -0.057 -0.117 -0.281  0.045 -0.271  0.494 -0.186 -0.235 -0.762 -0.215  0.085  0.153 -0.353 -0.234  0.342  0.441
V        0.205 -1.173 -0.251 -0.223 -0.006 -0.151 -1.361 -0.055 -0.197  0.101 -0.499 -0.340  0.166  0.189  0.208 -0.086 -0.000 -0.111  0.001  0.161  0.000
W        0.000  0.000 -0.586  0.073  0.000  0.436  0.000 -1.205  0.331  1.035  0.000  0.049  0.499 -0.152  0.000 -0.518 -0.882 -0.316  0.000  0.000  0.000
Y       -1.049  0.000 -0.611 -0.615  0.887 -0.991  0.000 -0.142 -0.918 -0.633  0.000  0.121  0.147  0.178 -0.488 -0.441 -0.385 -1.143  0.141  0.000  0.000
X        0.000  0.000  0.000  0.181  0.000 -1.112  0.000  0.000  0.000  0.000  0.000  0.850 -0.013 -0.387  0.000 -1.003  0.159  0.000  0.000  0.000  0.000
i-2/i     A      C      D      E      F      G      H      I      K      L      M      N      P      Q      R      S      T      V      W      Y      X
A        0.535  0.000 -0.000  0.281 -0.106 -0.588  0.000  0.109  0.791  0.256 -0.094  0.476 -0.051 -0.560 -0.687 -0.250  0.153  0.092  0.995  1.248  0.000
C        0.000  0.000  0.000  0.000 -0.429  0.000  0.000  0.000  0.000  0.000 -0.630  0.000  0.650  0.993  0.000  0.350 -0.260  0.000  0.584  0.000  0.000
D        0.548 -0.211  0.003 -0.048 -0.693 -0.077 -0.936 -0.402  0.715  0.054 -0.296  0.083 -0.149  0.403  0.225  0.121  0.071 -0.582  0.302 -0.154  0.000
E        0.567  0.000  0.322 -0.001  0.861 -0.437 -0.027  0.210 -0.217 -0.250  0.272  0.083 -0.036 -0.334  0.035  0.072 -0.021 -0.131  0.019  0.406  0.000
F        0.228  0.000 -0.246  0.497  0.000  0.027  0.000 -0.162  0.273 -0.668  0.000  0.128  0.235 -0.070 -0.162  0.047  0.402 -0.361  0.000 -0.472  0.000
G       -0.309 -0.251 -0.203  0.093  0.524  0.224 -0.740 -0.087 -0.063  0.105 -0.504 -0.142  0.220 -0.064 -0.108  0.179  0.539  0.194 -0.409 -0.291  0.705
H       -0.071  0.000 -0.928 -0.299 -0.103 -0.245  0.000  0.396  0.031 -0.226  0.000 -0.465  0.296 -0.137 -0.325 -0.571  0.534 -0.760  0.000  1.222  0.000
I        0.308 -0.540  0.008  0.438  0.617 -0.970 -0.385 -0.416  0.518 -0.720 -0.094  0.218 -0.560 -1.204 -1.095  0.244  0.106 -0.690  0.000  0.725  0.000
K       -0.061  0.000 -0.255  0.058  0.256 -0.275 -1.036 -0.253 -0.130  0.156 -1.026  0.509  0.091 -0.395  0.479 -0.017  0.336 -0.017  0.778 -0.052  0.000
L        0.047 -1.491 -0.036  0.288  0.004 -0.130 -1.320 -0.431  0.502  0.164 -0.075  0.251  0.045 -0.456  0.175 -0.066 -0.922  0.239  0.000  0.367  0.000
M       -0.329  0.000  0.467  0.309  0.090  0.730 -1.166  0.299  0.465  0.208  0.000  0.015  0.113  0.614  0.529 -0.337 -0.417 -0.014  0.000 -0.788  0.000
N       -0.019  0.000 -0.107  0.006  0.629 -0.123  0.018 -0.705 -0.407 -0.565 -0.496  0.278 -0.458  0.266  0.346 -0.294 -0.148  0.092  0.000  0.549  0.000
P       -0.524  0.082 -0.314 -0.182 -0.928  0.169 -0.285 -0.094 -0.369  0.204  0.898 -0.256 -0.314  0.429 -0.167 -0.154  0.350 -0.282 -0.815 -0.032  0.000
Q        0.256  0.000  0.044  0.196  0.626  0.306 -0.651 -0.572 -0.619  0.335  0.018  0.669  0.432 -0.021  0.085  0.132 -0.291 -0.383  0.000  0.528  0.000
R       -0.710 -0.720 -0.245 -0.202 -0.048 -0.184 -0.686  0.038  0.479  0.209  0.000 -0.062  0.217  0.199 -0.012 -0.125  0.530 -0.300  0.000  0.245  0.000
S        0.354  0.000 -0.063 -0.155  0.847 -0.308  0.590  0.479  0.511  0.039  0.240 -0.023  0.369  0.009 -0.242  0.217  0.019  0.172 -0.398  0.062  0.000
T        0.269  1.230  0.049  0.034  0.719 -0.242 -0.926  0.699  0.271 -0.128  0.000  0.480 -0.437  0.272  0.023 -0.088 -0.210  0.021  0.000  0.734  0.000
V       -0.432  0.000  0.333 -0.378  0.000 -0.490 -1.304 -0.855 -0.193  0.203  0.000 -0.159  0.484  0.346 -0.012 -0.369 -0.297 -0.415  0.000 -0.799  0.000
W        0.774  0.000  0.000  0.000  0.000  0.000  0.462  0.000 -0.877 -0.671  0.000  0.602 -0.905  0.000  0.000  0.130 -0.950  0.000  0.000  0.000  0.000
Y        0.028 -0.266  0.796 -0.472 -0.461 -0.696 -0.047 -0.049 -0.320 -0.035 -0.453  0.000  0.117  0.704  0.258 -0.163  0.125  0.031  0.000  0.378  0.000
X        0.000  0.000  0.000 -0.223  0.000  0.796  0.000  0.000  0.000  0.000  0.000  0.427  0.000  0.000  0.000  0.000  0.000  1.012  0.000  0.000  0.000
i+1/i     A      C      D      E      F      G      H      I      K      L      M      N      P      Q      R      S      T      V      W      Y      X
A        0.059 -0.188  0.003 -0.048 -0.244 -0.182 -1.088  0.086 -0.312  0.112 -0.283  0.252 -0.104 -0.267 -0.269 -0.266 -0.247 -0.667  0.000 -0.193  0.000
C        0.000  0.000 -0.588 -1.042  0.000  0.654  0.000  0.141  0.227 -0.148  0.000  0.225  0.223  0.955  0.198  0.000  0.001  0.000  0.000  0.000  0.000
D       -0.182  0.869 -0.446 -0.307 -0.718 -0.728 -0.602 -0.674 -0.505 -0.304 -0.352  0.009 -0.635 -0.052 -0.427 -0.170 -0.537 -0.467  0.000  0.066 -1.246
E        0.474  0.021 -0.135  0.019 -0.135 -0.276 -1.420  0.110  0.264  0.229  0.577 -0.350 -0.064 -0.478  0.080 -0.135  0.058  0.069  1.034  0.085  0.564
F       -0.247  0.000 -0.356 -0.052  0.774 -0.037 -1.058  0.383 -0.462 -0.959  0.000 -0.936 -0.789 -1.249  0.113 -0.938 -0.831 -0.153  0.000  0.218  0.000
G        0.167  0.000  0.283  0.433  1.085  0.445 -0.205  0.687  0.763  0.820  0.397  0.709  0.420  0.653  0.501  0.456  0.625  0.561 -0.604  0.675  0.280
H        0.019  0.000  0.150  0.178  0.392  0.130  0.000 -0.841 -0.971 -0.152  0.000  0.000  0.134 -0.087  0.470 -0.321 -0.643  0.000  0.000  0.000  0.000
I        0.129  0.000 -0.617 -0.177 -0.889 -0.085 -0.657  0.777 -0.680 -0.388  0.000 -0.317 -0.044 -0.200 -0.517 -0.023 -0.183  0.140 -1.122  0.385  0.000
K        0.544  0.945  0.179  0.113  0.378 -0.302 -1.038 -0.022  0.084 -0.105  0.280 -0.355 -0.132  0.044  0.008 -0.156 -0.162 -0.124 -0.071 -0.467  0.000
L        0.139 -0.673 -0.286 -0.156 -0.821  0.206  0.404  0.053  0.242  0.394 -0.411 -0.031  0.218 -0.131 -0.101 -0.280 -0.604 -0.065  0.086 -0.013  0.000
M       -0.269  0.000 -0.172  0.008  0.000 -0.083 -0.158  0.794  0.070  0.229 -0.534 -0.162  0.000  0.181  0.632 -0.355  0.436 -0.475  0.000  0.000  0.000
N       -0.309 -1.190  0.312  0.032 -0.828 -0.100 -1.088 -0.197 -0.207 -0.450 -0.664 -0.099 -0.411 -0.320 -0.318 -0.164 -0.303 -0.253  0.394 -0.110  0.638
P        0.000  0.000 -0.566  0.000 -0.928  0.000  0.472  0.000  0.000  0.000 -0.178  0.000 -0.842  0.000 -1.051 -1.178 -1.448 -0.793  0.000  0.000  0.000
Q        0.793  0.754 -0.077 -0.140  0.593 -0.089 -1.376  0.000  0.171 -0.463  0.433  0.385  0.011  0.096  0.061 -0.134  0.412 -0.116  1.147  1.129  1.293
R        0.112 -0.369  0.312 -0.231 -0.242  0.101 -1.208  0.223 -0.102  0.103 -0.137 -0.334 -0.021 -0.354  0.153 -0.129 -0.340  0.296  0.000 -0.192  0.000
S        0.278 -1.207 -0.019  0.163 -0.728 -0.160 -0.656 -0.158  0.300  0.376  0.281 -0.127  0.178  0.403  0.221 -0.050 -0.140  0.007 -0.641  0.969  0.080
T        0.158  1.458  0.517 -0.034  0.525  0.136 -0.158  0.122  0.468  0.188 -0.536  0.293  0.117  0.479  0.077  0.180  0.065  0.443  0.282  0.937  0.768
V        0.060  0.000 -0.222 -0.300  1.009 -0.060 -0.737 -0.089  0.080  0.303  0.143 -0.118  0.090  0.121 -0.612 -0.258 -0.472 -0.047 -0.983 -0.731  0.000
W       -0.986  0.000  0.377 -0.188  0.000  0.237  0.000  0.000  0.067 -0.825 -0.002  0.000  0.527 -0.682 -1.089 -1.047 -0.829  0.348  0.000 -0.433  0.000
Y       -0.344  0.000 -0.407 -0.195 -0.207 -0.244  0.000  0.377 -0.656  0.067  0.000 -0.633 -0.289  0.180 -0.477 -0.114 -0.467  0.206  0.000  0.000  0.000
X        0.160  0.000 -0.059  0.000  0.000 -0.584  0.000  0.000  0.000  0.000  0.000 -0.373 -0.992  0.000  0.000  0.000 -0.891  0.000  0.000  0.000  0.000
i+2/i     A      C      D      E      F      G      H      I      K      L      M      N      P      Q      R      S      T      V      W      Y      X
A        0.303  0.000  0.399  0.238  0.200 -0.103 -1.263  0.666  0.157  0.184  0.000  0.420 -0.022 -0.927 -0.112  0.101 -0.190  0.095  0.352 -0.445  0.000
C       -0.832 -0.256  0.145  0.000  0.000  0.636  0.000  0.000  0.745  0.679  0.000  0.000 -1.199  0.000  0.172  0.000  0.073  0.000  0.000  0.000  0.000
D       -0.465  0.000  0.149 -0.224  0.076  0.229 -0.999  0.181  0.068 -0.016 -0.154 -0.085 -0.293  0.117 -0.207 -0.061 -0.065  0.137  0.944  1.107 -0.326
E        0.341  0.000  0.274  0.373 -0.487 -0.016 -0.977  0.653  0.223  0.709  0.100 -0.051  0.091 -0.138 -0.118 -0.006  0.161  0.376  0.000 -0.799  0.138
F        1.089  0.000 -0.125 -0.137 -0.347 -0.039 -1.030  0.000  0.207  0.133 -0.838  0.812 -0.911 -0.207 -0.901 -0.189 -1.217 -0.001  0.000 -1.016  0.000
G       -0.085  0.000  0.206 -0.017  0.813  0.005  0.529  0.209 -0.004 -0.110  0.077  0.279  0.364  0.607  0.326  0.293 -0.083  0.057  0.000 -0.690  0.000
H       -0.295  0.000 -0.645  0.098  0.000 -0.585 -1.421  0.086  0.725  0.239 -0.548 -0.262  0.187  0.488  0.523  0.067  0.262  0.580  0.110  1.192  0.000
I        0.061  0.000 -0.203 -0.520 -0.137  0.217 -0.466 -0.278 -0.140 -0.637 -0.041 -0.069 -0.176  0.093 -0.358 -0.352 -0.424 -0.807  0.000  0.448  0.000
K        0.281 -0.309  0.298 -0.388 -0.032 -0.111  0.000  0.655  0.096  0.707 -0.645  0.168  0.263 -0.620  0.305 -0.010 -0.417  0.796 -0.337 -0.230  0.000
L        0.475  0.000  0.176  0.173 -0.009 -0.712 -1.133  0.478 -0.248 -0.364  0.157 -0.117 -0.399  0.276 -0.667 -0.082 -0.057 -0.223 -0.660  0.146  0.000
M        0.776 -0.441 -0.154  0.410  0.000  0.622  0.000  0.321 -0.342 -0.352  0.000  0.000  0.612  0.791  0.000 -0.432 -0.627  0.000  0.000  0.189  0.000
N       -0.127  0.000 -0.244  0.066  1.029 -0.090 -1.293  0.396 -0.469 -1.219  0.505 -0.001 -0.080  0.307  0.079  0.035  0.015  0.376 -0.925 -1.108  0.492
P       -0.072 -0.546 -0.479 -0.571 -1.018 -0.406 -1.243 -0.584 -0.313 -0.055 -0.025 -0.957  0.032 -0.183 -0.252 -0.309 -0.190 -0.023 -0.854  0.046  0.000
Q        1.191  0.623  0.155 -0.129 -0.794  0.034  0.064 -0.158 -0.220 -0.175  0.925  0.302  0.247 -0.009 -0.023  0.483 -0.095  0.354  0.000  0.417  0.000
R        0.209  0.000  0.582 -0.004  0.676 -0.014  0.053 -0.054 -0.673  0.387  0.827 -0.377  0.606 -0.085  0.264  0.126  0.679  0.037  0.558  0.801  0.000
S       -0.003  1.095  0.374  0.228 -0.249  0.151 -1.425  0.452  0.463 -0.154  0.180 -0.274  0.266 -0.319  0.169  0.281 -0.196 -0.041 -0.189  0.787  0.000
T       -0.006 -0.725 -0.069  0.264 -0.680  0.027 -0.833  0.165  0.043  0.209 -0.198 -0.653  0.156  0.264 -0.024 -0.091 -0.321 -0.249 -0.822  0.398  0.000
V        0.280  0.000 -0.560 -0.219 -0.740  0.117 -0.438  0.268 -0.135 -0.013 -0.244 -0.139 -0.110  0.118  0.030 -0.237 -0.019 -0.003  0.000 -1.381 -0.605
W       -0.564  0.000 -0.680  0.757  0.000 -0.994  0.000  0.000 -0.871 -1.041  0.000  0.000  0.000 -0.338  0.000 -0.392  1.429  0.000  0.000  0.000  0.000
Y        0.452  0.000 -0.154  0.096 -0.161 -0.275  0.000 -0.129  0.132  0.554  0.104  0.163 -0.330 -0.092 -0.078  0.043  0.000  0.331  0.000 -1.103  0.000
X        0.000  0.000  0.000  0.000  0.000 -0.170  0.000  0.000  0.000  0.000  0.000  0.000  0.000  0.272  0.000  0.000  0.000  0.000  0.000  0.000  0.000
