i-1/i     A      C      D      E      F      G      H      I      K      L      M      N      P      Q      R      S      T      V      W      Y      X
A        0.168 -0.276 -0.265 -0.011 -0.060 -0.129  0.254 -0.019 -0.087  0.100 -0.078 -0.280  0.207 -0.085  0.158 -0.307 -0.174  0.151 -0.288 -0.128 -1.285
C       -0.296  0.331 -0.054  0.080 -0.454  0.058 -0.818 -0.210 -0.041 -0.188 -0.741 -0.218  0.000  0.285 -0.403 -0.452  0.001  0.292 -0.495 -0.628  0.000
D       -0.249 -0.558 -0.061  0.179  0.245 -0.198 -0.186  0.119 -0.209 -0.085  0.057 -0.787  0.128  0.027 -0.239 -0.088 -0.441  0.041 -0.232  0.321  1.095
E        0.177  0.457 -0.003  0.298 -0.246 -0.353 -0.116 -0.116  0.086 -0.041 -0.326 -0.327 -0.148  0.077 -0.277 -0.197  0.147 -0.085  0.320  0.168 -1.339
F       -0.259 -0.171 -0.229  0.254  0.287 -0.205 -0.116 -0.243 -0.029  0.118 -0.072  0.087 -0.208 -0.126 -0.210 -0.371 -0.236 -0.110  0.054  0.794  0.000
G       -0.418 -0.456 -0.085 -0.030  0.293 -0.332  0.214 -0.342  0.084 -0.149  0.036 -0.300 -0.241  0.007 -0.106 -0.118 -0.254 -0.350 -1.234 -0.227  0.679
H       -0.461  0.222 -0.624 -0.174 -0.575 -0.080  0.043  0.493 -0.332 -0.486  0.089 -0.106  0.000 -0.377  0.222 -0.003 -0.195 -0.251 -0.838 -0.443 -0.077
I        0.227  0.209 -0.000  0.097 -0.224 -0.590 -0.010 -0.023 -0.015 -0.009  0.552  0.108 -0.225 -0.154  0.198  0.085 -0.197 -0.014  0.250  0.347 -0.589
K        0.028  0.489 -0.309  0.010  0.025 -0.293 -0.574 -0.041 -0.134 -0.002 -0.088 -0.367  0.408 -0.052 -0.224 -0.270 -0.127  0.070 -0.786 -0.312  0.000
L        0.132 -0.438  0.032  0.109  0.254 -0.169  0.039  0.224  0.070  0.092  0.163 -0.074  0.243 -0.143  0.100 -0.190 -0.014 -0.063  0.350 -0.230  0.000
M       -0.042 -0.361 -0.217  0.027 -0.094 -0.997  0.434 -0.323  0.148 -0.173  0.175 -0.091  0.156  0.048  0.194  0.151 -0.415  0.090  0.437 -0.663  0.124
N       -0.149 -0.156 -0.281 -0.423 -0.281 -0.163 -0.503 -0.404 -0.402 -0.371 -0.641 -0.827  0.000 -0.249 -0.217 -0.468 -0.555 -0.261  0.436 -0.014  0.943
P        0.164  0.925  0.115  0.227  0.168 -0.025  0.400  0.155 -0.065  0.128  0.009 -0.011  0.000  0.055  0.470  0.367 -0.207 -0.056 -0.430  0.387  0.694
Q       -0.112 -0.744 -0.319 -0.094 -0.319 -0.241 -0.188  0.016  0.141 -0.095  0.133 -0.622  0.199 -0.075 -0.023 -0.111 -0.259 -0.157  0.236  0.010 -0.938
R        0.167 -0.280 -0.311 -0.174 -0.325 -0.117 -0.178  0.121 -0.051 -0.108 -0.275 -0.425 -0.329 -0.024  0.032 -0.080  0.169  0.054 -0.081 -0.007 -0.547
S       -0.270 -0.316 -0.141 -0.306 -0.285 -0.418 -0.266 -0.220 -0.312 -0.417 -0.580 -0.133 -0.397 -0.059 -0.248 -0.664 -0.487 -0.178 -0.030 -0.380 -0.365
T       -0.226  0.195  0.154 -0.461 -0.513 -0.375 -0.474 -0.261 -0.369 -0.137 -0.111 -1.199  0.484 -0.317  0.154 -0.638 -0.413 -0.380 -0.316 -0.339 -0.870
V        0.002  0.260  0.245  0.135 -0.121 -0.126 -0.115  0.245  0.091  0.112  0.106  0.191  0.390 -0.108 -0.120 -0.022  0.056 -0.128  0.258  0.060  0.211
W        0.049  0.742  0.329 -0.008  0.036  0.256  1.371  0.260  0.113  0.519 -0.119 -0.397  0.288 -0.109 -0.491 -0.312  0.095 -0.179  0.000  0.549  0.000
Y       -0.128  0.263  0.055 -0.072 -0.189  0.138 -0.670 -0.120 -0.042  0.192 -0.322  0.239  0.151 -0.207  0.007  0.218  0.116 -0.438  0.793 -0.248 -1.072
X        0.039  0.000 -0.066  0.076  0.000  0.000  0.000 -0.031  0.243 -0.787  0.730  0.000  0.000 -0.260 -0.478 -0.633 -1.154 -0.167  0.000  0.000  0.000
i+1/i     A      C      D      E      F      G      H      I      K      L      M      N      P      Q      R      S      T      V      W      Y      X
A        0.099 -0.116 -0.147  0.010  0.261 -0.169 -0.055 -0.059  0.019  0.156 -0.227 -0.264 -0.252 -0.224 -0.025 -0.371 -0.109 -0.080 -0.628  0.016  0.739
C        0.496  0.145  0.090  0.389  0.277  0.334  0.856 -0.061  0.635 -0.152  0.155 -0.020 -1.274 -0.046  0.692 -0.278  0.498 -0.025  0.667  0.959  0.000
D        0.166  0.276 -0.281 -0.123 -0.234 -0.232 -0.517 -0.181 -0.238  0.032  0.171  0.165 -0.147  0.121 -0.253  0.216  0.261 -0.238 -0.128  0.035 -0.992
E        0.250 -0.394  0.122  0.243  0.230 -0.075  0.321 -0.068  0.146  0.124  0.105 -0.054  0.038  0.019 -0.004  0.196 -0.107  0.258 -0.571 -0.153 -0.083
F       -0.032 -0.322  0.086 -0.023  0.413  0.325  0.035 -0.096 -0.112  0.221 -0.712 -0.322  0.043 -0.038 -0.183  0.091 -0.119 -0.126  0.342  0.058 -1.347
G        0.695  0.000 -0.051 -0.093  0.152 -0.612 -0.494 -0.066  0.296  0.393  0.196  0.350  0.433  0.178 -0.284  0.457 -0.062  0.194  0.035 -0.597  0.000
H        0.205 -1.329 -0.155 -0.220 -0.012  1.151  0.068  0.019 -0.385  0.047  0.062  0.217 -0.568 -0.204 -0.023 -0.017 -0.511 -0.530  0.610  0.068  0.000
I        0.122 -0.325  0.282  0.133  0.253 -0.074  0.220  0.222  0.284  0.097  0.197 -0.002  0.155  0.431  0.450  0.240 -0.027 -0.012  0.162  0.410  0.486
K       -0.000 -0.131 -0.158  0.024  0.196 -0.038 -0.007  0.034  0.080  0.058  0.187  0.059 -0.331  0.041  0.105 -0.341 -0.054 -0.061 -0.133 -0.002  0.079
L        0.312  0.447  0.023  0.207 -0.059 -0.127  0.301  0.134  0.269  0.081  0.056 -0.124 -0.034  0.174  0.131 -0.134  0.124  0.137  0.186  0.272  0.006
M        0.227 -0.166 -0.016 -0.171 -0.381 -0.015  0.313  0.036  0.015  0.177  0.174 -0.134 -0.319  0.270  0.271 -0.261 -0.164 -0.001  0.980  0.304 -0.047
N       -0.060  1.054 -0.893 -0.340 -0.638 -0.336 -0.135 -0.128 -0.179 -0.098  0.019 -0.336 -0.581 -0.327 -0.242  0.033 -0.708  0.061 -0.820 -0.201  0.000
P        0.000  0.000  0.000  0.000  0.000 -0.361  0.000 -1.066  0.000  0.000  0.000  0.000  0.000  0.000  0.000  0.000  0.000  0.000  0.000 -0.353  0.000
Q        0.106  0.390 -0.019  0.169  0.112  0.029 -0.209 -0.023  0.193  0.005 -0.038  0.065 -0.064 -0.051  0.107 -0.008  0.040  0.075 -0.239  0.100  0.436
R        0.008 -0.030 -0.129 -0.138 -0.253 -0.060  0.254  0.147  0.158  0.143 -0.140  0.033 -0.057  0.149  0.200  0.042 -0.020 -0.200  0.448 -0.153  0.229
S        0.086 -0.376 -0.412 -0.016  0.198 -0.125  0.445  0.019 -0.003  0.144  0.599  0.043  0.437 -0.042 -0.052  0.019  0.341  0.322  0.101  0.269  0.216
T        0.051  0.575 -0.500  0.267 -0.017 -0.395 -0.192 -0.093  0.185  0.226 -0.024 -0.119 -0.567  0.092 -0.057 -0.075  0.372 -0.122  0.886 -0.396  0.413
V        0.198  0.541  0.153  0.295  0.124 -0.016  0.099  0.114  0.322  0.051  0.373  0.528 -0.131  0.280  0.406 -0.055  0.022 -0.113  0.237  0.008  0.691
W       -0.529  0.410  0.473  0.473 -0.918 -0.110  0.338 -0.515  0.031  0.097  0.987  0.153 -0.653  0.364  0.279 -0.224 -0.233 -0.130  0.000  0.448  0.000
Y        0.219  0.255 -0.229 -0.052 -0.209 -0.381 -0.092 -0.041 -0.490 -0.176 -1.050 -0.092 -0.553 -0.003 -0.375 -0.230 -0.308 -0.106  0.522  0.288  0.000
X        0.060  0.000 -0.712  0.000  0.000 -0.176  0.000  0.805 -0.102  1.212 -0.099 -1.180 -0.461 -0.435 -1.116 -0.617  0.021 -0.435  0.000 -0.887  0.000
i+2/i     A      C      D      E      F      G      H      I      K      L      M      N      P      Q      R      S      T      V      W      Y      X
A        0.471  0.201  0.064  0.459  0.541 -0.034  0.468  0.383  0.500  0.342  0.174  0.108  0.058  0.278  0.154  0.235  0.437  0.165  0.246 -0.181 -0.091
C        0.209  0.000 -0.010  0.227 -0.375  0.060  0.535  0.230  0.187 -0.559  1.057  0.546  0.133  0.175  0.048  0.632  0.559  0.081 -0.015  0.000  0.000
D       -0.212 -0.068 -0.078  0.037 -0.089 -0.223  0.294 -0.108 -0.419 -0.020 -0.312 -0.547  0.154 -0.392 -0.539 -0.407  0.067 -0.209  0.130 -0.194 -1.188
E        0.013  0.536 -0.337 -0.175 -0.086 -0.186 -0.101  0.002  0.115 -0.029  0.007 -0.390 -0.157  0.079  0.101 -0.270 -0.150 -0.108 -0.516  0.008 -0.092
F        0.505  0.362  0.279  0.327  0.009  0.138 -0.355  0.144  0.192  0.562  0.091  0.223  0.517  0.299  0.154  0.257 -0.076  0.358  0.037  0.555 -0.920
G       -0.036  0.389 -0.469  0.341  0.335 -0.470 -0.157 -0.113  0.131  0.023  0.549  0.232  0.377 -0.199  0.085  0.222 -0.478 -0.009  0.478 -0.033  0.000
H        0.270 -0.026 -0.551  0.114  0.389 -0.605  0.719 -0.151  0.585 -0.033  0.697  0.102 -0.666  0.406 -0.394  0.087 -0.079  0.208 -0.204 -0.208  0.000
I        0.084 -1.069  0.183 -0.090  0.150 -0.080 -0.192 -0.032 -0.016  0.016  0.059  0.016 -0.015  0.079  0.058  0.009 -0.446  0.169 -0.144  0.213  0.572
K        0.151  0.347  0.359  0.171 -0.126 -0.167  0.113 -0.037  0.360  0.221  0.283 -0.185 -0.818  0.145 -0.102  0.145  0.048  0.111 -0.361  0.272 -0.200
L        0.614  0.610  0.117  0.191  0.104  0.245  0.303  0.085  0.274  0.246  0.294  0.296  0.120  0.283  0.370  0.356  0.244  0.115 -0.041  0.106  1.329
M        0.321  1.078 -0.032  0.322  0.109  0.274  0.478 -0.063  0.032  0.723  0.932  0.466  0.192  0.237  0.422  0.226  0.403 -0.080  0.558  0.357  0.738
N        0.008 -0.305  0.435 -0.142 -0.024 -0.191 -1.121  0.228 -0.097 -0.189  0.444 -0.491 -0.215  0.581 -0.021 -0.803 -0.319  0.005  0.944  0.076  0.867
P       -1.073  0.000  0.000 -0.509 -0.384  0.676  0.000 -0.771 -0.864 -0.994  0.000  0.000 -0.858  0.000 -0.877  0.000  0.000 -1.053  0.000  0.000  0.000
Q        0.088 -0.231 -0.119  0.078  0.067 -0.164  0.012 -0.055  0.086  0.172 -0.510 -0.504 -0.272  0.097  0.223 -0.016  0.073  0.123 -0.021 -0.052 -0.237
R       -0.040  0.404  0.233  0.223  0.116  0.079  0.310  0.041  0.120  0.246  0.077 -0.541 -1.001  0.199 -0.021 -0.013  0.065 -0.056  0.503  0.251  0.319
S        0.090  0.199 -0.288  0.259  0.236 -0.425 -0.054 -0.070  0.102  0.249  0.062  0.106  0.099  0.183  0.320  0.013  0.237 -0.107  0.450  0.404  0.408
T        0.428  0.002 -0.798 -0.001 -0.241 -0.022  0.344  0.093  0.076 -0.050  0.194  0.849 -0.235  0.054  0.193  0.224 -0.267  0.073 -0.006 -0.054  0.085
V        0.152  0.007 -0.177  0.026 -0.395 -0.343 -0.095 -0.082 -0.066 -0.084  0.275  0.111 -0.218 -0.123  0.162 -0.033 -0.182 -0.156 -0.237  0.344 -1.388
W        0.454  1.054 -0.043  0.220  0.519 -0.290  0.603  0.211  0.494  0.304  0.337 -0.531  0.124  0.392 -0.225  0.378 -0.286  0.271  0.000 -0.609  0.000
Y        0.593  0.130 -0.322  0.047 -0.052  0.210  0.360 -0.238  0.173 -0.042  0.252  0.367 -0.681  0.092 -0.133  0.165  0.056 -0.060 -0.231  0.175  0.000
X        0.834  0.000 -0.773  0.456  0.000  0.000  0.409 -0.743 -0.673 -0.050  0.000  0.172  1.069  0.673 -0.109  0.000  0.018  0.000  0.000  0.000  0.000
i+3/i     A      C      D      E      F      G      H      I      K      L      M      N      P      Q      R      S      T      V      W      Y      X
A        0.085  0.037  0.023  0.051 -0.360 -0.306  0.015 -0.107  0.107 -0.115 -0.101  0.018 -0.185  0.077  0.005  0.004 -0.143 -0.025  0.005 -0.116  0.120
C       -0.032  0.802 -0.350 -0.061  0.900 -0.465  0.000  0.381  0.204  0.315  0.315 -0.978  0.320  0.243 -0.360 -1.140  0.227  0.099 -0.757  0.100  0.000
D        0.746  0.680  0.271  0.363  0.479  0.182 -0.157  0.325  0.276  0.227 -0.573 -0.574 -0.307  0.606  0.351  0.058  0.089 -0.258  0.500  0.516  0.000
E        0.574  0.772  0.142  0.267 -0.230  0.253  0.199  0.191  0.424  0.331  0.083 -0.385  0.525  0.564  0.411  0.051  0.394  0.155  0.479  0.049 -0.477
F       -0.170 -0.538  0.390  0.047 -0.416 -0.285 -0.100 -0.242 -0.212 -0.213  0.327 -0.019  0.045  0.137 -0.254  0.208 -0.259 -0.029 -0.147  0.116  0.000
G        0.348  0.894 -0.112  0.200 -0.002  0.135  0.468  0.395  0.448  0.395  0.507 -0.002 -1.224 -0.290  0.059  1.002  0.188  0.247 -0.170  0.342  0.000
H        0.087 -0.251  0.749  0.203  0.503  0.298 -0.643 -0.076  0.053  0.133  0.009 -0.283 -0.128  0.195  0.389  0.012  0.036 -0.136  0.112 -0.273  0.095
I       -0.281  0.277 -0.196 -0.190 -0.162  0.028  0.162 -0.363 -0.034 -0.025  0.356  0.504 -0.024 -0.073 -0.395  0.029 -0.223 -0.331 -0.048 -0.219  0.815
K        0.615  0.198  0.207  0.197  0.261  0.400  0.605 -0.238  0.250  0.025  0.188  0.079  0.032  0.004  0.559  0.220  0.057  0.096  0.239  0.342 -0.279
L       -0.049  0.169 -0.152 -0.182 -0.162 -0.368  0.116 -0.167  0.042  0.039  0.136  0.171 -0.123 -0.097 -0.009 -0.081  0.054 -0.206  0.066  0.038 -0.335
M       -0.125 -0.269  0.341  0.196 -0.095 -0.227 -0.374  0.500  0.092  0.103  0.205 -0.041 -0.128 -0.189 -0.125  0.551 -0.382 -0.038 -0.408  0.093  0.000
N        0.625  0.684  0.169  0.356  0.364 -0.161 -0.129  0.383  0.299  0.389  0.495  0.302 -0.666  0.418  0.094  0.156 -0.021  0.285  0.738 -0.119  0.000
P       -0.977 -0.764  0.000 -0.790 -1.139 -0.034 -0.797  0.000 -0.418  1.105  0.328  0.000  0.000  0.694  0.020  0.000 -0.293  0.000  0.000 -0.578  0.000
Q        0.593  0.896 -0.020  0.367  0.230  0.240 -0.014  0.027  0.165  0.258  0.375 -0.211  0.208  0.334  0.401  0.471  0.255  0.366 -0.742  0.422  0.789
R        0.490  0.626 -0.206 -0.046  0.126  0.164  0.262  0.030  0.278  0.245  0.475  0.252  0.124 -0.088 -0.014  0.316 -0.014 -0.140 -0.009  0.408 -1.194
S        0.419  0.296 -0.272  0.181  0.670  0.017  0.206  0.877  0.073  0.474  0.270  0.392 -0.346  0.368  0.718  0.316 -0.425  0.411  0.428  0.342  0.921
T        0.282  1.050 -0.325  0.419  0.365 -0.262  0.033  0.086  0.094  0.233 -0.160 -0.044 -0.094  0.091  0.170  0.099  0.049  0.041  1.195  0.219 -0.133
V        0.020  0.374 -0.007  0.226  0.250 -0.233  0.220 -0.036 -0.018 -0.070 -0.091 -0.054 -0.332 -0.081 -0.040 -0.272 -0.192 -0.016 -0.090 -0.112  0.000
W       -0.260  0.000 -0.408  0.489 -0.348 -0.411  0.686 -0.369 -0.435 -0.010 -0.623  0.779 -0.179 -0.043 -0.406  1.235 -0.720 -0.215 -1.194 -0.064  0.000
Y       -0.471 -0.265  0.309  0.085 -0.510 -0.919 -0.360 -0.109 -0.273 -0.472  0.102  0.148 -0.538  0.088 -0.075 -0.194  0.227  0.036  0.585 -0.648  0.000
X       -0.469  0.000 -0.506 -0.735 -0.902  0.000  0.000 -0.644  0.741 -0.343  0.523 -0.093  0.000 -0.672 -0.470 -0.127  0.000 -0.565  0.000 -1.311 -0.711
i+4/i     A      C      D      E      F      G      H      I      K      L      M      N      P      Q      R      S      T      V      W      Y      X
A        0.166  0.140  0.080  0.174  0.371 -0.124  0.015  0.438  0.351  0.238  0.638  0.202 -0.238  0.323  0.433 -0.036  0.090  0.130 -0.293  0.262 -0.012
C        0.157 -0.360 -0.011 -0.133 -0.304  0.571  0.920  0.313  0.190  0.494  1.236  0.430  0.718  0.000  0.753  0.363  0.077  0.308 -0.359  0.766  0.000
D        0.228  0.000  0.071  0.434 -0.103 -0.114  0.491  0.436  0.134  0.106  0.034  0.252  0.209 -0.055 -0.076  0.172 -0.071  0.262 -0.106  0.281  0.000
E        0.157 -0.029  0.067  0.356  0.140 -0.165  0.113  0.429  0.382  0.402  0.043  0.410  0.117  0.243  0.351 -0.007  0.211  0.416  0.952  0.791  0.596
F        0.152 -0.764 -0.004 -0.113  0.061 -0.054  0.174 -0.132  0.093  0.207 -0.255 -0.557 -0.867  0.289  0.036  0.614  0.666  0.216  0.332 -0.446  0.861
G        0.104  0.000  0.188  0.121 -0.407 -0.169 -0.205  0.351  0.044  0.163 -0.500  0.083  0.161 -0.021  0.205  0.333 -0.167  0.114 -1.219  0.215  0.000
H        0.085  0.000 -0.073  0.264  0.520  0.070  0.476  0.313  0.492  0.331 -0.925  0.577 -0.347  0.262  0.484  0.521  1.214 -0.003  0.198  0.855  0.000
I        0.270  0.700  0.080  0.006 -0.344  0.066 -0.010  0.055  0.200  0.194 -0.026  0.109 -0.164  0.044  0.337  0.448  0.656  0.312  0.847 -0.033  0.990
K        0.113  0.042  0.313  0.146  0.435 -0.039 -0.109 -0.151  0.516  0.386 -0.153  0.200  0.054  0.127  0.359  0.077  0.013  0.386 -0.017  0.441  1.222
L        0.139  0.507 -0.056 -0.069 -0.107  0.048  0.046  0.099 -0.044  0.264  0.198 -0.135 -0.254  0.187 -0.116  0.388  0.348  0.260 -0.509 -0.223  2.223
M       -0.000  0.187  0.281 -0.117  0.226  0.532  0.233  0.335  0.230  0.333 -0.129 -0.088 -0.229  0.115  0.333  0.445  0.575  0.058 -0.285 -0.179  0.418
N        0.179  0.164  0.235  0.238  0.190  0.265  0.336 -0.039  0.063  0.355 -0.060  0.244  0.026  0.237 -0.019  0.062  0.320  0.186  0.836  0.672  0.000
P       -0.180 -0.803 -0.465 -0.125  0.000  0.000  0.000  0.000  0.072  0.722  0.000  0.000  0.000  0.000 -0.398 -0.465  0.000 -0.884  0.000  0.000  0.000
Q        0.145  0.212  0.192  0.236 -0.042  0.378  0.117 -0.257  0.314  0.324  0.148  0.218  0.099  0.237  0.171 -0.291  0.191  0.318  0.283  0.324  0.000
R        0.158 -0.260  0.268  0.312  0.618  0.308  0.211  0.144  0.462  0.240 -0.030  0.307  0.035  0.326  0.524  0.155  0.174  0.126  0.517  0.330 -0.474
S        0.189  0.071  0.116  0.303  0.318 -0.097  0.208  0.290  0.441  0.182  0.096  0.211  0.101  0.278  0.375  0.274 -0.012 -0.174  1.201  0.595  0.000
T        0.103  0.431  0.005  0.216  0.629  0.322 -0.210 -0.218  0.288  0.207 -0.217  0.354  0.314  0.059 -0.095  0.143 -0.248  0.005  0.913  0.293  0.143
V        0.259 -0.716  0.084 -0.038  0.234 -0.093  0.542 -0.439 -0.024  0.268  0.522 -0.143 -0.220  0.269  0.374  0.605  0.091  0.369  0.178  0.020  0.603
W        0.236 -0.096 -0.243 -0.102 -0.079  0.328  0.571  1.016 -0.071  0.247 -0.617  0.496 -0.339  0.034  0.390  0.366  0.268  0.346  0.447  0.653  0.000
Y        0.130  0.987 -0.004  0.070  0.409  0.185  0.014 -0.282 -0.380  0.197 -0.086  0.040 -0.187  0.159  0.034  0.272 -0.026 -0.070 -0.194  0.217  1.637
X        0.459  0.000  0.296  0.000 -0.360  0.000  0.000  0.559  0.581  0.194  0.000  0.000 -0.134  0.302  0.565  0.000  0.000 -0.199  0.671  0.038 -0.855
