i-1/i     A      C      D      E      F      G      H      I      K      L      M      N      P      Q      R      S      T      V      W      Y      X
A        0.882  0.000  0.011  0.409  0.000  0.000  0.000  0.000 -0.879  0.000  0.352  0.000 -0.087  0.000  0.423 -0.017  0.075  0.505  0.000  0.000  0.000
C        0.000  0.000  0.000  0.000  0.000  0.000  0.000  0.000  0.000  0.000  0.000  0.000  0.000  0.000  0.000  0.000  0.000  0.000  0.000  0.000  0.000
D        0.000  0.000  0.000  0.000  0.000  0.000  0.000  0.000  0.000  0.000  0.000  0.000  0.214  0.606  0.000  0.614  0.000  0.753  0.000  0.000  0.000
E        1.498  0.735  1.169  0.518  0.000  0.000  0.000  0.923  0.651  0.625  0.000  1.159 -0.415  0.000  0.000  0.000 -0.046  0.372  0.624  0.000  0.000
F        0.000  0.000 -1.706 -0.430  0.000  0.000  0.000  0.000  0.000  0.000  0.000  0.000 -0.314  0.000  0.000  0.002 -0.836 -0.828  0.000  0.000  0.000
G        0.000  0.000  0.000  0.000  0.000  0.000  0.000  0.471  0.000 -0.213  0.000  0.000  1.234  0.000  0.000  0.000 -0.899  0.000  0.000  0.000  0.000
H        0.000  0.000  0.000  0.000  0.000  0.000  0.000  0.000  0.000  0.000  0.000  0.000  0.381  0.000  0.000  0.000  0.000  0.000  0.000  0.000  0.000
I        0.861  0.000  0.000  0.148  1.450  0.000  0.000 -0.580  0.304  0.168  0.000  0.000 -0.175  0.000  0.732  1.320 -0.008 -0.155  0.000  0.000  0.000
K        0.000  0.000  0.000  0.749  0.000  0.000  0.000 -0.203  0.129 -0.698  0.000  1.087 -0.382  0.000  0.000 -0.095  0.000  0.565  0.000  0.000  0.000
L       -0.708  0.000 -0.296 -0.215  0.000  0.000  0.245  0.000 -0.189 -0.288  0.000  0.000 -0.433  0.000 -0.758  0.628  0.479 -0.681  0.000  0.000  0.000
M        0.000  0.000  1.693  0.000  0.000  0.000  0.000  0.000  0.000  0.000  0.000  0.000  0.000  0.000  0.000 -0.271 -1.155  0.000  0.000  0.000  0.000
N        0.000  0.000  0.000  0.000  0.000  0.000  0.000  0.000  0.000 -0.843  0.000  0.000  0.000  0.000  0.000  0.000 -0.631  0.000  0.000  0.000  0.000
P        0.391  0.000 -0.774  0.562  0.328  0.784  0.691  0.184  0.798  0.826 -0.906 -0.167  0.854  0.666  0.000  0.944  0.150  0.698  1.105  0.000  0.000
Q       -1.040  0.000  0.000  0.000  0.000  0.061  0.000  0.000  0.000 -0.759 -0.239  0.000 -0.209  0.000  0.000  0.000  0.000  1.135  0.000  0.000  0.000
R        0.424  0.000  0.000  0.000  0.000  0.000  0.000  0.000  0.233  0.769  0.000  0.000 -0.184  0.000 -0.566 -0.126  0.000  0.953  0.000  0.000  0.000
S        0.000  0.000  0.000  0.787  0.000  0.000  0.000 -0.144 -0.331 -0.512  0.529  0.449  0.745  0.000  0.000  0.000  0.000  1.189  0.000  0.000  0.000
T        0.000  0.000  0.000  0.000 -0.321  0.000  0.000  0.812 -0.196  0.325  1.768  0.502  0.482  0.572  0.000  0.000  1.455  0.002  0.000  0.000  0.000
V        0.003  0.000  1.426 -0.586 -1.647  0.000  0.000 -0.701  0.285  0.000  0.000  0.000  0.051  0.000  0.510  0.425 -0.369 -0.173  0.000  0.000  0.297
W        0.000  0.000  0.000  0.000  0.000  0.000  0.000  0.000  0.000  0.000  0.000  0.000  0.000  0.000  0.000 -1.132  0.000  0.000  0.000  0.000  0.000
Y        0.000  0.000  0.000  0.000  0.000  0.000  0.000  0.000  0.000  0.000  0.000  0.000 -0.840  0.000  0.000  0.000 -0.163  0.000  0.000  0.000  0.000
X        0.000  0.000  1.552  0.000  0.000  0.000  0.000  0.000  0.000  0.000  0.000  0.000  0.000  0.000  0.000  0.000  0.000  0.000  0.000  0.000  0.000
i-2/i     A      C      D      E      F      G      H      I      K      L      M      N      P      Q      R      S      T      V      W      Y      X
A        0.000  0.000  0.736  0.753  0.000  0.000  0.000  0.000  0.000  0.000  0.000  0.000  0.567  0.295  0.000  0.000  0.000  0.989  0.000  0.000  0.000
C        0.000  0.000  0.000  0.000  0.000  0.000  0.000  0.000  0.000  0.000  0.000  0.000  0.000  0.000  0.000  0.000  0.000  0.000  0.000  0.000  0.000
D       -1.298  0.000  0.000  0.238  0.000  0.000  0.000  0.525  0.000  0.000  0.000  0.000  0.156  0.000  0.000  0.000  0.000  0.000  0.000  0.000  0.000
E        0.000  0.000  0.461  0.000  0.000  0.000 -0.334  0.000  0.589  0.000  0.000  0.000 -0.279  0.000  0.000  0.355 -0.065  0.193  0.000  0.000  0.000
F        0.000  0.000  0.000  0.000 -0.705  0.000  0.000  0.000 -0.312  0.000  0.000  0.000  0.919  0.000  0.000  0.000  0.000  0.000  0.000  0.000  0.000
G        0.000  0.000  0.000  0.532  0.000  0.000  0.000  0.715  0.000  0.000  0.000  0.000 -0.124  0.000  0.000  0.000  0.000  0.000  0.000  0.000  0.000
H        0.000  0.000  0.000  0.000  0.000  0.000  0.000  0.000  0.000  0.000  0.000  0.000 -0.809  0.000  0.000  0.000  0.000  0.000  0.000  0.000  0.000
I        0.000  0.000  0.000  0.000  0.000  0.000  0.000  0.000 -0.286  0.273  0.000  0.000  1.233  0.000  0.000  0.000 -0.537  0.237 -0.867  0.000  0.000
K       -0.053  0.000  0.000 -0.860  0.971  0.000 -0.974  0.000  0.000  0.805  0.000  0.000  0.219  0.000 -0.121  0.143  0.000  0.721  0.000  0.000  0.000
L        1.016  0.000  0.000  0.000  0.000  0.000  0.000  0.000 -0.114 -0.321  0.000  0.676  1.122  0.699  0.000  0.000  1.157  0.592  0.000  0.000  0.000
M        0.989  0.000  0.000 -0.426  0.000  0.000  0.000  0.000  0.000  0.000  0.000  0.000  0.000 -0.983  0.000  0.350 -0.684  0.000  0.000  0.000  0.000
N        0.000  0.000  0.000  0.000  0.000  0.000  0.000  0.000  0.000  0.000  0.000  0.000 -0.828  0.000  0.000  0.000  0.000  0.000  0.000  0.000  0.000
P       -0.555  0.000 -0.477  0.141  0.000  0.000  0.000  0.000  0.281  0.564  0.000  0.411  0.176  0.000  0.000  0.479 -0.064  1.168  0.000  0.000  0.000
Q       -0.073  0.000  0.000  0.000  0.000  0.000  0.000  0.000  0.000  0.000 -0.906  0.000 -1.009  0.000  0.000  0.000 -0.724  0.000  0.000  0.000  0.000
R        0.813  0.000  0.100  0.000  0.000  0.000  0.000  0.000 -0.370  1.537  0.000 -0.370  0.011  0.000  0.000  0.000  0.000  0.239  0.000  0.000  0.000
S        0.000  0.000  0.000  0.000  0.000  0.000  0.000  0.000  0.000  0.000  0.000  0.000  0.124  0.000  0.000  0.000  0.000  0.000  0.000  0.000  0.000
T        1.280  0.000  0.000  0.000  0.000 -0.675  0.000 -0.716 -0.725  0.944  0.000  0.000  0.000  0.647  0.000  0.157  0.000  0.579  0.000  0.000  0.000
V       -0.732 -0.208  0.408  0.740  0.000  0.000  0.000  0.000  0.000  1.457  0.000  0.000  0.590  0.000  0.192  0.033  1.609  0.157  0.000  0.000 -0.578
W        0.000  0.000  0.000  0.000  0.000  0.000  0.000  0.000  0.000  0.000  0.000  0.000  1.392  0.000  0.000  0.000  0.000  0.000  0.000  0.000  0.000
Y        0.000  0.000  0.000  0.000  0.000  0.000  0.000  0.000  0.000  0.495  1.759  0.000  0.000  0.000  0.000  0.000  0.000  0.000  0.000  0.000  0.000
X        0.000  0.000  0.000  0.000  0.000  0.000  0.000  0.000  0.000  0.000  0.000  0.000  0.000  0.000  0.000  0.000  0.000  0.000  0.000  0.000  0.000
i+1/i     A      C      D      E      F      G      H      I      K      L      M      N      P      Q      R      S      T      V      W      Y      X
A        0.000  0.000  0.000  0.786  0.000  0.000  0.000  0.290  0.000 -0.194  0.593  0.000 -0.699  0.525 -0.280  1.281 -0.253  1.145  0.000  0.000  0.000
C        0.000  0.000  0.000  0.275  0.000 -1.239  0.000  0.000  0.000  0.000  0.000  0.000  0.000  0.000  0.000  0.000  0.000  0.000  0.000  0.000  0.000
D        0.464  0.000  0.000  0.717 -0.328  0.000  0.000  0.000 -1.150  0.057  0.697  0.686 -0.145 -0.182  0.000  0.697  0.000  0.450  0.000  0.000  0.726
E        0.593  0.000  0.000  0.319  0.772  0.000  0.000  0.217  0.159 -0.839  0.000  0.000  0.028  0.069  0.513  0.103  0.277 -0.846  0.000  0.000  0.000
F        0.000  0.000  0.000  0.000  0.011  0.000  0.000 -0.203  0.000  0.000  0.000  0.000  0.421 -1.147  0.000  0.000 -1.280  0.000  0.000  0.542  0.000
G        0.000  0.000  0.000  0.000  0.000  0.000  0.000  0.000  0.000  0.874  0.000  0.000  0.328  0.000  0.000  0.000  0.000  0.968  0.000  0.000  0.000
H        0.000  0.000  0.000  0.000  0.000  0.000  0.000  0.000  0.000  0.833  0.000  0.000  0.764  0.000  0.000  0.000  0.000  0.000  0.000  0.000  0.000
I        0.000  0.000  0.000  0.447  0.000 -0.269  0.000  0.139  0.231  0.000  0.000  0.000 -0.378  0.000  0.000 -0.547 -0.242  0.426  0.000  0.000  0.000
K        1.066  0.000  1.156 -0.338  0.000  0.000  0.000 -0.010  0.000  0.818  0.000  0.000 -0.447  0.000 -0.597 -0.548  0.082  0.340  0.000  0.000  0.000
L        0.000  0.000  0.000 -0.388  0.000  0.493  0.000 -0.763 -0.439 -0.264  0.000 -0.965  0.477 -0.913 -0.704 -0.972  0.679  0.214  0.000  0.000  0.000
M       -1.495  0.000  0.000  0.000  0.000  0.000  0.000  0.000  0.000  0.000  0.000  0.000  0.617 -0.683  0.000  0.343  0.502  0.000  0.000  0.000  0.000
N        0.000  0.000  0.000  0.103  0.000  0.000  0.000  0.000  0.998  0.000  0.000  0.000 -1.239  0.000  0.000  0.512  0.000  0.000  0.000  0.000  0.000
P       -1.474  0.000 -0.897  0.000 -0.597 -1.163 -0.252  0.000 -0.299 -1.593 -1.636  0.000  0.000  0.484 -0.805  0.000 -1.513 -1.057  0.000  0.000  0.000
Q        0.000  0.000  0.367  0.000  0.000  0.000  0.000  0.000  0.000  0.245  0.000  0.000 -0.540  0.000  0.000  0.000 -0.763  0.000  0.000  0.000  0.000
R       -0.700  0.000  0.000  0.000  0.000  0.000  0.000  0.715  0.000 -1.209  0.000  0.000  0.980  0.000  0.000  0.358  0.000  0.101  0.000  0.000  0.000
S        0.759  0.000  1.405  0.600  1.646  0.000  0.000  0.755 -0.135  1.063  0.000  0.000 -0.292  0.000  0.372  0.426  0.000  0.459  0.210  0.000  0.000
T        0.000  0.000  0.000  0.397  0.245  0.654  0.000  0.380  0.000  1.330  0.537  0.000 -0.917  1.252  0.000  0.000  0.535  0.456  0.000  0.198  0.000
V        0.013  0.000  0.000 -0.314 -0.859  0.000  0.000  0.357 -0.177  0.755  1.356  0.290 -0.399  1.310  0.000  0.000 -0.497 -0.042  0.000  0.000  0.000
W        0.000  0.000  0.000  0.037  0.000  0.000  0.000  0.000  0.000  0.000  0.000  0.000  0.727  0.000  0.000  0.000  0.000  0.000  0.000  0.000  0.000
Y        0.000  0.000  0.000  0.000  0.000  0.000  0.000  0.000  0.000  0.000  0.000  0.000  0.000  0.000  0.000  0.000  0.000  0.000  0.000  0.000  0.000
X        0.000  0.000  0.000  0.000  0.000  0.000  0.000  0.000  0.000  0.000  0.000  0.000  0.000  0.000  0.000  0.000  0.000  0.155  0.000  0.000  0.000
i+2/i     A      C      D      E      F      G      H      I      K      L      M      N      P      Q      R      S      T      V      W      Y      X
A        1.517  0.000 -0.484  0.000  0.000  0.000  0.000  0.000 -0.515 -0.204  0.000  0.000 -0.164 -0.305 -0.067  0.000 -0.425 -0.481  0.000  0.000  0.000
C        0.000  0.000  0.000  0.000  0.000  0.000  0.000  0.000  0.000  0.000  0.000  0.000  0.000  0.000  0.000  0.000  0.000 -1.391  0.000  0.000  0.000
D       -0.326  0.000  0.000  0.096  0.236  0.000  0.000  0.000 -0.009 -0.493  0.000  0.000  0.434  0.468 -0.081  0.000  0.000  0.557  0.000  0.000  0.000
E        0.692  0.000  1.503  0.000  0.000  1.353  0.000  1.231 -0.603  0.816 -0.029  0.000  0.390  0.000  0.000  0.000  0.000 -0.624 -0.002  0.000  0.000
F        0.000  0.000  0.000 -0.188 -1.257  0.000  0.000  0.000  0.133  0.000  0.000  0.000  0.000  0.000  0.000  0.000  0.000  0.000  0.000  0.000  0.000
G        0.000  0.000  0.000  0.000  0.000  0.000  0.000  0.266  0.000  0.000  0.000  0.000  0.000  0.000  0.000  0.000 -0.201  0.000  0.000  0.000  0.000
H        0.000  0.000  0.000 -0.763  0.000  0.000  0.000  0.000 -1.014 -0.023  0.000  0.000  0.000  0.000  0.000  0.000  0.000  0.000  0.000  0.000  0.000
I        0.000  0.000 -0.191  0.000  0.000 -0.013  0.000  0.000  0.317 -0.385  0.000  0.000  0.000  0.000  0.000  0.000 -1.698  0.000  0.000  0.000  0.000
K        0.000  0.000  0.000  0.092  0.895  0.000  0.000 -0.809  0.000  0.665  0.000  0.000  0.000  0.000 -0.361  0.000  0.000  0.000  0.000  0.000  1.293
L        0.000  0.000  0.000  0.000  0.000  0.000  0.000 -0.479 -1.171  0.000  0.000  0.000  1.115  0.000 -0.887  0.000  1.026  0.099  0.000  0.648  0.000
M        0.000  0.000  0.000  0.000  0.000  0.000  0.000  0.000  0.000  0.000  0.000  0.000  0.000  1.402  0.000  0.000  0.000  0.000  0.000 -0.271  0.000
N        0.000  0.000  0.000  0.000  0.000  0.000  0.000  1.030  0.000  0.000  0.000  0.000  0.579  0.000  0.875  0.000  0.000  0.000  0.000  0.000  0.000
P        0.311  0.000 -1.639 -0.085  0.826 -1.079 -1.223 -0.664 -0.238 -0.178  0.000 -0.558 -0.339  0.156  0.860 -0.087 -0.444 -0.462 -1.349  0.254  0.000
Q        1.257  0.000  0.000  0.000  0.000  0.000  0.000  0.000  0.000 -0.286 -0.239  0.000  0.000  0.000  0.000  0.000 -0.680  0.000  0.000  0.000  0.000
R        0.000  0.000  0.000  0.000  0.277  0.000  0.000  0.000  0.651 -0.260  0.000  0.000  0.000  0.000 -0.132  0.000  0.775  0.000  0.000  0.000  0.000
S        1.324  0.000  0.000  0.562  0.000  0.000  0.000  0.000 -0.004 -1.279  1.102  0.000  0.974  0.000  0.000 -1.385 -0.795 -0.214  0.000  0.000  0.000
T        0.000  0.000  0.000 -0.106  0.000  0.000  0.000  1.170  0.000  0.261 -1.296  0.000 -0.597 -0.222  0.000  0.000  0.000 -1.259  0.000 -0.544  0.000
V        0.000  0.000  0.000 -0.337  0.000  0.000  0.000 -0.259 -0.658 -1.062  0.000  0.000  0.000  0.000  0.000  1.288 -0.078 -1.236  0.000  0.000  0.000
W        0.000  0.000  0.000  0.000  0.000  0.000  0.000 -0.844  0.000  0.000  0.000  0.000  0.000  0.000  0.000 -1.233  0.000  0.000  0.000  0.000  0.000
Y        0.000  0.000  0.000  0.000  0.000  0.000  0.000 -0.040  0.000  0.000  0.000  0.000  0.000  0.000  0.000  0.000  0.000  0.000  0.000  0.000  0.000
X        0.000  0.000  0.000  0.000  0.000  0.000  0.000  0.000  0.000  0.000  0.000  0.000  0.000  0.000  0.000  0.000  0.000 -0.767  0.000  0.000  0.000
