i-1/i     A      C      D      E      F      G      H      I      K      L      M      N      P      Q      R      S      T      V      W      Y      X
A       -0.126 -0.054 -0.154 -0.074 -0.033  0.000 -0.197 -0.073 -0.043  0.001 -0.042 -0.231 -0.371  0.149 -0.017 -0.049 -0.034 -0.062 -0.101 -0.049 -0.007
C       -0.159  0.213 -0.162 -0.041  0.152  0.000 -0.278 -0.057  0.046 -0.007  0.175  0.143  0.000 -0.067 -0.219 -0.066 -0.267 -0.008 -0.356 -0.433  0.000
D       -0.012  0.248  0.000 -0.094 -0.102  0.000 -0.106 -0.033 -0.075 -0.077  0.050  0.005 -0.181 -0.153 -0.111 -0.166  0.087 -0.135 -0.285 -0.181 -0.275
E       -0.096 -0.023 -0.245 -0.257 -0.142  0.000 -0.254 -0.070 -0.204 -0.175  0.001 -0.172 -0.184 -0.185 -0.182 -0.188  0.021 -0.158 -0.149 -0.174  0.038
F        0.017 -0.144 -0.065 -0.022 -0.136  0.000 -0.004  0.002 -0.090  0.009 -0.123 -0.155 -0.353 -0.175 -0.004 -0.034 -0.066 -0.128 -0.151 -0.070  0.134
G        0.008  0.010 -0.160  0.073  0.088  0.000  0.070  0.062  0.028  0.014  0.188 -0.224 -0.083 -0.178  0.123  0.160  0.088  0.057  0.014  0.198  0.237
H       -0.088 -0.124  0.050 -0.011 -0.122  0.000 -0.035 -0.156 -0.067 -0.034  0.324 -0.069 -0.050  0.018  0.073 -0.059 -0.058 -0.114  0.079 -0.190 -0.029
I       -0.015 -0.088 -0.109 -0.108 -0.097  0.000 -0.005 -0.078 -0.100 -0.133  0.045 -0.067 -0.092 -0.046 -0.024 -0.153 -0.143 -0.088  0.009  0.063 -0.214
K       -0.161  0.062 -0.270 -0.155 -0.047  0.000 -0.072 -0.059 -0.235 -0.037 -0.301 -0.285 -0.201 -0.276 -0.189 -0.216 -0.077 -0.120 -0.256 -0.093 -0.304
L       -0.120 -0.076 -0.071 -0.091 -0.001  0.000 -0.134 -0.031 -0.036 -0.055 -0.130 -0.045 -0.215  0.019 -0.009 -0.139 -0.004 -0.070 -0.174 -0.172  0.177
M       -0.049 -0.241 -0.184 -0.075 -0.058  0.000 -0.072 -0.009  0.120 -0.339  0.008  0.052  0.086  0.180 -0.121 -0.342 -0.237 -0.004 -0.422 -0.153  0.342
N       -0.218 -0.446  0.000 -0.086 -0.092  0.000  0.000 -0.132  0.000 -0.128 -0.138 -0.119  0.000 -0.409 -0.356 -0.057 -0.132 -0.088 -0.238 -0.204 -0.181
P       -0.211  0.000  0.000  0.000 -0.377  0.000 -0.167 -0.317  0.000 -0.353  0.000  0.000 -0.336 -0.032 -0.283 -0.419  0.000 -0.133  0.000 -0.058  0.000
Q        0.068 -0.206 -0.211 -0.146 -0.157  0.000 -0.050 -0.071 -0.095  0.026 -0.355  0.052  0.017 -0.274 -0.162 -0.122 -0.114 -0.152 -0.093 -0.033 -0.112
R       -0.060 -0.125 -0.153 -0.160 -0.094  0.000 -0.076 -0.091 -0.049 -0.115  0.029 -0.102  0.048 -0.085 -0.042 -0.108 -0.032 -0.074 -0.055 -0.001 -0.194
S       -0.166 -0.145 -0.225 -0.235 -0.011  0.000 -0.046 -0.045 -0.269 -0.029 -0.184  0.047 -0.273 -0.044 -0.081 -0.063 -0.038  0.014  0.143 -0.054 -0.176
T       -0.192 -0.066 -0.251 -0.177 -0.117  0.000  0.274 -0.048 -0.285 -0.059 -0.148 -0.217 -0.166 -0.056 -0.155 -0.283 -0.050 -0.038 -0.076 -0.047 -0.172
V       -0.086 -0.102 -0.141 -0.121 -0.101  0.000 -0.029 -0.086 -0.117 -0.095 -0.063 -0.185 -0.289 -0.153 -0.048 -0.110 -0.134 -0.042  0.005 -0.089 -0.171
W        0.009  0.368 -0.043  0.022 -0.196  0.000  0.003 -0.161 -0.026 -0.096  0.228 -0.359  0.000  0.118 -0.152 -0.357 -0.257  0.128  0.044 -0.094 -0.136
Y       -0.011 -0.255 -0.141 -0.067 -0.169  0.000 -0.111 -0.109 -0.134 -0.010 -0.086 -0.191 -0.332 -0.128 -0.137 -0.012 -0.130 -0.091 -0.034 -0.013 -0.207
X       -0.007  0.000  0.325 -0.259 -0.087  0.000  0.000 -0.150 -0.260 -0.116 -0.372  0.196  0.000 -0.024 -0.226  0.000 -0.256  0.023  0.000 -0.151 -0.198
i-2/i     A      C      D      E      F      G      H      I      K      L      M      N      P      Q      R      S      T      V      W      Y      X
A       -0.099 -0.129 -0.157 -0.157 -0.057  0.000 -0.139 -0.105 -0.104 -0.104 -0.254 -0.067 -0.294 -0.075 -0.110 -0.174 -0.030 -0.119 -0.242 -0.156  0.039
C        0.339 -0.034  0.050 -0.127  0.000  0.000 -0.090 -0.028  0.157 -0.034  0.139 -0.179 -0.170 -0.085  0.258  0.099  0.053 -0.046  0.000 -0.042  0.000
D       -0.039  0.000 -0.070 -0.138 -0.110  0.000  0.257 -0.169 -0.060 -0.161 -0.010 -0.042 -0.214 -0.237 -0.012 -0.149 -0.236 -0.104 -0.182 -0.166  0.000
E       -0.158 -0.105 -0.004 -0.041 -0.260  0.000 -0.160 -0.212 -0.068 -0.186  0.104 -0.035 -0.032  0.001 -0.103 -0.122 -0.045 -0.205 -0.041 -0.028 -0.038
F       -0.031 -0.068 -0.157 -0.004  0.110  0.000 -0.344  0.062 -0.080  0.037 -0.205 -0.367 -0.220 -0.130 -0.085 -0.170 -0.138 -0.010  0.119 -0.148 -0.119
G        0.034  0.041 -0.281 -0.204 -0.267  0.000 -0.003 -0.177 -0.069 -0.206 -0.185 -0.054 -0.285 -0.346 -0.054 -0.300 -0.109 -0.173 -0.132 -0.033 -0.033
H       -0.201 -0.366 -0.150 -0.148 -0.205  0.000  0.157 -0.239  0.037 -0.088 -0.032 -0.161 -0.405 -0.169  0.120 -0.285 -0.369 -0.149 -0.186 -0.137  0.000
I       -0.094 -0.124 -0.193 -0.135 -0.007  0.000 -0.064 -0.076 -0.125 -0.045 -0.056 -0.101 -0.366 -0.158 -0.115 -0.169 -0.035  0.014  0.181  0.022 -0.114
K       -0.068 -0.234 -0.228 -0.038 -0.255  0.000  0.085 -0.121  0.025 -0.198 -0.167 -0.205 -0.151 -0.050 -0.068 -0.010 -0.119 -0.175 -0.201 -0.192  0.095
L       -0.046  0.092 -0.150 -0.214 -0.036  0.000 -0.172  0.058 -0.171 -0.048 -0.078 -0.349 -0.263 -0.156 -0.082 -0.199 -0.139  0.025 -0.211 -0.054  0.080
M       -0.071  0.104 -0.228 -0.036 -0.226  0.000  0.000 -0.150 -0.270  0.020  0.337 -0.047  0.324  0.000 -0.408 -0.014  0.300 -0.009  0.012  0.233  0.000
N       -0.180 -0.295 -0.143 -0.048 -0.240  0.000  0.118 -0.147 -0.023 -0.231  0.207 -0.154 -0.093 -0.128 -0.091  0.234 -0.056 -0.204  0.011  0.002  0.042
P        0.092  0.000 -0.380 -0.082 -0.150  0.000  0.171 -0.109 -0.027  0.038 -0.058 -0.094  0.000 -0.162  0.092  0.126 -0.160 -0.036 -0.195  0.046  0.000
Q       -0.207 -0.080 -0.203 -0.082 -0.083  0.000 -0.160 -0.114 -0.153 -0.172 -0.160  0.141 -0.363 -0.002 -0.071 -0.089 -0.079 -0.085 -0.170 -0.024 -0.206
R       -0.177 -0.115 -0.127 -0.132 -0.189  0.000 -0.061 -0.028 -0.223 -0.219 -0.143 -0.123 -0.312  0.007 -0.115 -0.005 -0.028 -0.111  0.048 -0.121 -0.327
S       -0.203 -0.140  0.097 -0.044 -0.036  0.000  0.056 -0.067 -0.082 -0.059  0.308 -0.114 -0.178 -0.055  0.024 -0.220 -0.126 -0.100 -0.057 -0.163 -0.342
T       -0.195 -0.109 -0.083  0.014 -0.221  0.000 -0.064 -0.057 -0.065 -0.047  0.019 -0.035  0.017 -0.072  0.030  0.108 -0.077 -0.118 -0.009 -0.022  0.295
V       -0.071 -0.017 -0.205 -0.130 -0.092  0.000  0.009 -0.061 -0.114 -0.062 -0.140 -0.209 -0.141 -0.103 -0.122 -0.097 -0.045 -0.033 -0.140 -0.014 -0.063
W       -0.026 -0.468 -0.324 -0.241  0.154  0.000 -0.247  0.209 -0.218 -0.110  0.135 -0.240 -0.404 -0.241 -0.077 -0.316 -0.074 -0.038 -0.123 -0.175  0.000
Y       -0.077 -0.385  0.006 -0.177  0.053  0.000 -0.149 -0.024 -0.266  0.025  0.052 -0.301 -0.100 -0.148 -0.087 -0.181  0.133 -0.059 -0.161  0.022 -0.294
X        0.022  0.000 -0.359  0.000  0.168  0.000  0.000 -0.193  0.288 -0.214  0.000  0.000  0.000  0.000  0.339 -0.054  0.000  0.000  0.000 -0.195 -0.043
i+1/i     A      C      D      E      F      G      H      I      K      L      M      N      P      Q      R      S      T      V      W      Y      X
A       -0.167 -0.100 -0.116 -0.034 -0.003  0.000  0.011 -0.007 -0.090 -0.121 -0.313  0.014 -0.142 -0.069 -0.099 -0.017 -0.050 -0.032 -0.064 -0.076 -0.001
C       -0.081 -0.215 -0.133  0.095 -0.050  0.000  0.038 -0.033  0.112 -0.046 -0.077 -0.009  0.000  0.232 -0.059 -0.011 -0.007 -0.045 -0.407 -0.210  0.000
D       -0.187 -0.080  0.000 -0.267 -0.198  0.000 -0.173 -0.164 -0.330 -0.079 -0.191 -0.267  0.000 -0.121 -0.087 -0.339 -0.200 -0.208 -0.275 -0.092  0.103
E       -0.096 -0.105 -0.291 -0.336 -0.111  0.000 -0.192 -0.130 -0.315 -0.106 -0.264  0.044  0.000 -0.240 -0.225 -0.264 -0.163 -0.046 -0.076  0.044 -0.073
F        0.041  0.148 -0.039  0.038 -0.180  0.000  0.070  0.000 -0.012  0.017  0.142  0.123  0.106  0.059 -0.081 -0.081  0.032 -0.082 -0.111 -0.112  0.305
G       -0.200  0.111 -0.097  0.086 -0.078  0.000 -0.108  0.022 -0.145 -0.176 -0.048 -0.191 -0.081 -0.090 -0.014 -0.083  0.022  0.074 -0.144 -0.019  0.089
H       -0.047 -0.202  0.150 -0.191  0.038  0.000  0.015 -0.104 -0.138 -0.232 -0.098  0.033 -0.258 -0.085  0.027  0.020 -0.278 -0.052 -0.228 -0.071  0.000
I        0.004  0.179 -0.111 -0.081  0.078  0.000  0.053 -0.061  0.029  0.016 -0.009  0.037 -0.031  0.065 -0.002 -0.061 -0.021 -0.074 -0.010  0.043 -0.016
K       -0.091 -0.119 -0.193 -0.301  0.000  0.000 -0.215 -0.116 -0.206 -0.054 -0.099  0.117 -0.270 -0.212 -0.124 -0.262 -0.219 -0.112 -0.051 -0.009 -0.131
L       -0.078  0.092 -0.035 -0.124 -0.093  0.000 -0.016 -0.211 -0.030 -0.079 -0.212 -0.033 -0.196 -0.155 -0.076 -0.105 -0.100 -0.118 -0.067 -0.110 -0.228
M       -0.153  0.000 -0.080 -0.049 -0.134  0.000  0.140  0.025 -0.303 -0.065 -0.240 -0.297 -0.308  0.039 -0.050 -0.081 -0.091 -0.118 -0.090 -0.069  0.000
N       -0.352  0.114 -0.264 -0.250 -0.203  0.000 -0.189 -0.159 -0.140 -0.148 -0.236 -0.233  0.000 -0.199 -0.114 -0.171 -0.336 -0.190 -0.251 -0.073  0.060
P       -0.038  0.000 -0.204 -0.022 -0.246  0.000 -0.377 -0.086 -0.134 -0.067  0.019 -0.030  0.166 -0.007 -0.189 -0.191 -0.152 -0.073 -0.013 -0.252  0.000
Q       -0.010 -0.358 -0.217 -0.248 -0.047  0.000  0.000 -0.076 -0.155 -0.040 -0.161 -0.234 -0.113 -0.224 -0.109 -0.054 -0.083 -0.130 -0.077 -0.014  0.022
R        0.020  0.043 -0.256 -0.138  0.044  0.000 -0.102 -0.028 -0.086 -0.058  0.054 -0.131 -0.050 -0.263 -0.002 -0.103 -0.226  0.033 -0.054 -0.059 -0.127
S       -0.097 -0.079 -0.168 -0.229  0.043  0.000 -0.123  0.051 -0.134 -0.083 -0.090  0.000 -0.300 -0.268 -0.072 -0.127 -0.121 -0.003 -0.099  0.080  0.000
T       -0.114  0.222 -0.168 -0.185  0.007  0.000 -0.096  0.015 -0.159  0.075 -0.043  0.001  0.000 -0.183 -0.120  0.078 -0.117  0.045 -0.144 -0.004 -0.191
V       -0.094  0.137 -0.040 -0.036  0.026  0.000 -0.106 -0.023 -0.039 -0.036 -0.048  0.014 -0.041 -0.040 -0.020 -0.084 -0.069 -0.066  0.077  0.005 -0.042
W       -0.186 -0.009  0.038  0.019 -0.021  0.000 -0.210 -0.014 -0.315 -0.031 -0.096  0.000  0.055  0.012 -0.051  0.031 -0.077  0.022 -0.337 -0.048  0.236
Y       -0.066  0.298 -0.050 -0.096 -0.161  0.000  0.026  0.036 -0.116 -0.002 -0.088  0.118  0.058 -0.055  0.031 -0.136  0.002  0.022 -0.015  0.032  0.066
X       -0.099  0.000  0.051 -0.016 -0.224  0.000 -0.344 -0.169 -0.019 -0.293 -0.207 -0.289  0.000 -0.271 -0.067 -0.031 -0.191  0.023 -0.175 -0.065  0.000
i+2/i     A      C      D      E      F      G      H      I      K      L      M      N      P      Q      R      S      T      V      W      Y      X
A        0.070  0.007 -0.014 -0.087 -0.056  0.000 -0.019 -0.091 -0.126 -0.038 -0.034  0.107  0.080  0.068 -0.072 -0.129 -0.094 -0.107 -0.134  0.007 -0.123
C       -0.141 -0.130  0.000 -0.255 -0.017  0.000 -0.444 -0.155 -0.115 -0.052 -0.381  0.026  0.000 -0.145 -0.138 -0.323  0.000  0.014 -0.198 -0.204  0.000
D       -0.100 -0.213  0.048  0.014 -0.108  0.000  0.019 -0.064  0.003 -0.093 -0.049 -0.008 -0.428 -0.161  0.047 -0.016  0.030 -0.075 -0.143  0.072 -0.033
E       -0.087  0.091 -0.048  0.020 -0.011  0.000  0.031 -0.216 -0.116 -0.138 -0.087 -0.128  0.085  0.003 -0.027 -0.041  0.022 -0.164 -0.119 -0.020  0.000
F       -0.117 -0.110  0.002 -0.279 -0.077  0.000 -0.310 -0.060 -0.284 -0.100 -0.156 -0.161 -0.031 -0.177 -0.187 -0.161 -0.181 -0.082 -0.060 -0.163  0.318
G       -0.141 -0.367 -0.257 -0.123 -0.195  0.000 -0.131 -0.049 -0.184 -0.083 -0.298 -0.033 -0.346 -0.074 -0.095 -0.108 -0.085 -0.100 -0.030 -0.202  0.000
H       -0.122 -0.159 -0.180 -0.184 -0.131  0.000  0.132  0.042 -0.109 -0.211  0.000 -0.337 -0.102 -0.216  0.126 -0.269 -0.026 -0.120  0.161 -0.110  0.000
I       -0.047  0.070 -0.262 -0.295  0.112  0.000  0.010 -0.012 -0.101 -0.042 -0.225  0.118  0.037 -0.212 -0.187 -0.122 -0.195 -0.015  0.321 -0.000 -0.055
K       -0.063  0.209  0.026 -0.111  0.051  0.000  0.078 -0.146 -0.003 -0.027  0.012  0.047 -0.045  0.001  0.043 -0.078 -0.127 -0.001 -0.106  0.053 -0.042
L       -0.035  0.190 -0.085 -0.122  0.007  0.000 -0.064 -0.049 -0.099 -0.078 -0.063  0.047 -0.290 -0.137 -0.134 -0.100 -0.183 -0.080  0.026  0.023 -0.296
M       -0.171 -0.045  0.290 -0.113 -0.169  0.000 -0.294 -0.113 -0.074 -0.011 -0.185 -0.061 -0.234  0.028 -0.079  0.000  0.022 -0.066 -0.227 -0.308  0.000
N       -0.229  0.195 -0.032  0.037 -0.044  0.000 -0.095 -0.076 -0.137 -0.005 -0.201  0.024  0.000  0.012  0.030 -0.065 -0.053 -0.026 -0.373  0.124  0.118
P        0.098  0.000  0.142 -0.250  0.215  0.000 -0.247  0.186 -0.087  0.100  0.000 -0.273 -0.204  0.053 -0.055 -0.088 -0.024  0.141  0.190  0.185 -0.050
Q       -0.137 -0.053 -0.358  0.048  0.049  0.000 -0.012 -0.068 -0.047 -0.098  0.000 -0.050 -0.217  0.152  0.010 -0.013  0.068 -0.110 -0.210 -0.168 -0.189
R       -0.092  0.085 -0.150 -0.130  0.039  0.000 -0.000 -0.044 -0.005 -0.103  0.115 -0.189 -0.157 -0.170  0.036 -0.138 -0.016 -0.063 -0.228 -0.033  0.226
S       -0.114  0.013 -0.122 -0.144 -0.041  0.000  0.007 -0.137  0.028 -0.081 -0.305  0.106 -0.076 -0.036 -0.112 -0.011  0.039 -0.110 -0.290  0.006  0.040
T       -0.053  0.316 -0.025  0.052  0.028  0.000  0.036 -0.028  0.103 -0.019 -0.057  0.105 -0.031 -0.099  0.010  0.059 -0.020 -0.085  0.006  0.105  0.036
V       -0.005  0.051 -0.212 -0.207 -0.077  0.000 -0.220 -0.031 -0.130 -0.065 -0.118 -0.145 -0.131 -0.125 -0.088 -0.164 -0.211 -0.023 -0.029 -0.061  0.000
W        0.009  0.000 -0.135  0.321  0.029  0.000  0.076  0.233  0.139 -0.086  0.039  0.034 -0.126  0.000 -0.116 -0.372 -0.090 -0.023  0.086  0.070  0.000
Y       -0.113 -0.182  0.011 -0.128 -0.125  0.000 -0.085 -0.035 -0.220  0.024 -0.131  0.110  0.058 -0.191 -0.098 -0.100 -0.118 -0.032 -0.295 -0.031 -0.091
X       -0.043  0.000  0.000 -0.010  0.038  0.000  0.000  0.046  0.102 -0.230  0.000  0.000  0.000  0.151 -0.262 -0.341 -0.156  0.079  0.000  0.271  0.162
