i-1/i     A      C      D      E      F      G      H      I      K      L      M      N      P      Q      R      S      T      V      W      Y      X
A        0.005  0.078 -0.030 -0.001 -0.004  0.000  0.125 -0.009  0.087  0.048  0.088 -0.016  0.025  0.031  0.034  0.008 -0.051 -0.056  0.117  0.051 -0.001
C        0.162  0.000  0.083  0.035  0.000  0.000 -0.048 -0.151  0.218  0.000  0.000  0.220 -0.013  0.000 -0.046  0.064 -0.226  0.000  0.000  0.000  0.000
D        0.015  0.183  0.036  0.018 -0.078  0.000  0.152  0.023 -0.038  0.068  0.063 -0.048 -0.037  0.008  0.021 -0.011 -0.016  0.077 -0.039  0.009  0.151
E        0.018 -0.165  0.012  0.022  0.032  0.000  0.034  0.041  0.081  0.070 -0.054 -0.022  0.032  0.051  0.020 -0.045  0.046 -0.041  0.076  0.018  0.000
F       -0.022  0.000  0.039  0.008  0.000  0.000  0.144  0.119 -0.009  0.069  0.000  0.109 -0.100  0.020 -0.023 -0.001  0.177 -0.203  0.000 -0.003  0.000
G        0.053  0.211 -0.059  0.035  0.039  0.000  0.192  0.032  0.103  0.040  0.039  0.097  0.018  0.105  0.094  0.041  0.097  0.022  0.056  0.107  0.201
H       -0.065  0.000  0.059  0.040 -0.220  0.000  0.020  0.094  0.116  0.011 -0.075 -0.046  0.046 -0.157  0.076 -0.082 -0.068  0.123  0.023  0.000  0.000
I        0.172  0.067  0.045  0.053  0.233  0.000  0.225 -0.034  0.036 -0.004  0.139  0.129 -0.016  0.041  0.145  0.098  0.116  0.038  0.000  0.147  0.000
K        0.026  0.184  0.067  0.007  0.046  0.000 -0.007  0.071  0.028  0.030 -0.053 -0.038  0.011  0.026  0.015  0.051  0.048  0.000 -0.013 -0.035  0.200
L        0.057  0.191 -0.015 -0.012  0.064  0.000  0.129 -0.054  0.047  0.032 -0.099 -0.055  0.039 -0.037  0.033 -0.054  0.112  0.004  0.026  0.045 -0.275
M       -0.010  0.000  0.019  0.131  0.184  0.000  0.070  0.000  0.019 -0.023  0.083  0.054  0.085  0.184 -0.025  0.041  0.056 -0.011  0.107  0.000  0.000
N        0.033  0.298  0.012  0.020  0.000  0.000  0.000  0.084  0.044  0.097  0.123  0.040 -0.012  0.051  0.026  0.048 -0.008  0.011  0.065  0.011  0.186
P        0.004  0.206 -0.039 -0.011  0.080  0.000  0.034 -0.007  0.007  0.071  0.036  0.072 -0.072  0.032  0.019 -0.072  0.032  0.023 -0.133 -0.120 -0.235
Q        0.013 -0.133  0.053 -0.070  0.076  0.000  0.000  0.132 -0.012  0.068  0.008  0.131  0.014 -0.052  0.050  0.007  0.100  0.018 -0.182  0.043  0.000
R        0.032 -0.126  0.045  0.089  0.061  0.000 -0.105 -0.029  0.078  0.066  0.003  0.003 -0.016  0.125  0.013  0.006  0.063  0.112  0.234  0.036  0.000
S        0.046 -0.104  0.056  0.061  0.198  0.000  0.044  0.208  0.087  0.004  0.148  0.040  0.052  0.039  0.071  0.021  0.008  0.072  0.000 -0.010 -0.155
T        0.000  0.096  0.046 -0.030  0.002  0.000 -0.051  0.075  0.024  0.080  0.083 -0.073  0.010  0.028  0.095  0.022  0.065 -0.063 -0.070  0.006  0.155
V        0.042 -0.055 -0.020  0.076  0.043  0.000  0.230  0.095  0.069  0.074  0.048  0.086  0.055 -0.010  0.049  0.001  0.041  0.036 -0.093 -0.031  0.000
W        0.000  0.000  0.118 -0.014  0.000  0.000 -0.227 -0.045  0.184  0.000  0.000  0.182 -0.036  0.000  0.000  0.023 -0.034 -0.028  0.091  0.000  0.000
Y        0.073  0.000  0.012  0.112 -0.101  0.000  0.088  0.096  0.037 -0.054  0.000  0.053  0.054  0.071  0.200 -0.012  0.031 -0.105 -0.195  0.000  0.000
X        0.000  0.000 -0.121  0.012  0.000  0.000  0.000  0.000  0.000  0.000  0.000 -0.057 -0.020 -0.093  0.000  0.000 -0.112  0.000  0.000  0.000  0.110
i-2/i     A      C      D      E      F      G      H      I      K      L      M      N      P      Q      R      S      T      V      W      Y      X
A        0.022 -0.032 -0.023  0.036  0.039  0.000  0.053  0.125  0.033 -0.037 -0.067  0.083 -0.007  0.092  0.121  0.052  0.064 -0.115  0.012  0.175 -0.065
C       -0.114 -0.190  0.000  0.000  0.112  0.000  0.000  0.000  0.065  0.000  0.000  0.000  0.003  0.044  0.000 -0.093  0.214  0.000  0.012  0.000  0.000
D       -0.058  0.176  0.008  0.097  0.249  0.000  0.195 -0.020  0.046  0.023  0.096  0.043 -0.041 -0.044  0.112 -0.026 -0.003 -0.099  0.101  0.126  0.000
E        0.042  0.000 -0.054  0.009  0.000  0.000  0.231  0.088  0.067 -0.003 -0.032  0.066 -0.038 -0.019  0.064 -0.002  0.112  0.010  0.011  0.011 -0.249
F        0.020  0.000 -0.039  0.001 -0.021  0.000  0.000  0.000  0.016 -0.074  0.000  0.144 -0.039 -0.011  0.000  0.140  0.131  0.092 -0.160  0.134  0.000
G        0.112  0.060  0.047  0.018  0.066  0.000  0.061  0.049  0.070  0.132  0.097  0.067  0.037  0.057  0.066  0.032  0.045  0.006 -0.188 -0.032 -0.041
H        0.039  0.000 -0.070  0.073 -0.023  0.000  0.088  0.212  0.148 -0.014  0.000 -0.043  0.004 -0.082  0.086  0.107 -0.095  0.055  0.000  0.119  0.000
I        0.042  0.296  0.018  0.024 -0.230  0.000  0.001  0.116 -0.006  0.075 -0.034 -0.058  0.007  0.081  0.092  0.107  0.046  0.065  0.000  0.042  0.000
K       -0.006  0.293  0.030  0.015  0.019  0.000  0.048 -0.135  0.036  0.043  0.137  0.080  0.014 -0.035 -0.026 -0.031  0.051 -0.118  0.085  0.216  0.000
L        0.007  0.000 -0.011 -0.094  0.190  0.000  0.217 -0.022  0.045  0.104 -0.050 -0.021  0.068  0.008  0.049 -0.016  0.169 -0.019 -0.115  0.043  0.000
M       -0.080  0.000  0.037  0.029  0.226  0.000  0.238  0.087  0.171  0.043  0.000 -0.086  0.053 -0.049  0.105  0.050 -0.088  0.220  0.000 -0.002  0.000
N        0.072  0.000 -0.036 -0.022  0.016  0.000  0.051 -0.076  0.123  0.076 -0.068 -0.027  0.010  0.073 -0.004 -0.037  0.134  0.081  0.000  0.022  0.000
P        0.032  0.200  0.050 -0.021  0.134  0.000  0.085  0.009  0.023  0.028  0.136 -0.050  0.010  0.135  0.057 -0.004  0.087  0.064 -0.094  0.042  0.116
Q        0.098  0.000 -0.022  0.039  0.139  0.000 -0.073  0.221  0.000 -0.028 -0.042  0.036  0.054  0.001  0.056 -0.054 -0.060  0.035 -0.128 -0.028  0.000
R        0.010 -0.081 -0.016  0.040  0.201  0.000  0.078  0.006  0.052  0.084 -0.071 -0.004 -0.018 -0.005  0.057  0.029 -0.094  0.023  0.000  0.037  0.000
S        0.073  0.111  0.041  0.007  0.111  0.000  0.074 -0.015  0.069  0.036 -0.002  0.060  0.027  0.015 -0.005  0.013  0.162  0.071  0.000 -0.146  0.178
T        0.007  0.000  0.086  0.091  0.154  0.000  0.092  0.152  0.094  0.157  0.000 -0.049 -0.005  0.060  0.056  0.003  0.015 -0.007  0.054 -0.085  0.281
V        0.024 -0.240  0.025  0.095  0.105  0.000 -0.073  0.085  0.055  0.074 -0.032  0.016 -0.019  0.032  0.090 -0.018  0.023  0.066  0.146  0.184 -0.042
W        0.000  0.000  0.000  0.006  0.113  0.000  0.000  0.000 -0.091  0.180  0.000 -0.021 -0.021  0.000  0.156 -0.075  0.207  0.000  0.000  0.000  0.000
Y        0.153  0.158 -0.055  0.000 -0.040  0.000 -0.109  0.253  0.214  0.000  0.006  0.077 -0.172 -0.028  0.006  0.033  0.013  0.023  0.000 -0.174  0.000
X        0.000  0.000 -0.113  0.107  0.000  0.000  0.000  0.000  0.000  0.201 -0.068 -0.212  0.000  0.000  0.000 -0.162  0.000  0.060  0.000  0.000  0.000
i+1/i     A      C      D      E      F      G      H      I      K      L      M      N      P      Q      R      S      T      V      W      Y      X
A       -0.004 -0.125 -0.032 -0.052 -0.105  0.000  0.079  0.123 -0.012 -0.038 -0.045  0.039 -0.035  0.068 -0.026 -0.045 -0.043 -0.009  0.000  0.097  0.000
C       -0.146  0.000 -0.013  0.173  0.000  0.000  0.000  0.000 -0.041  0.000  0.000  0.018  0.133  0.168  0.122  0.146 -0.070  0.093  0.000  0.000  0.000
D       -0.084  0.000 -0.001  0.022  0.029  0.000  0.071 -0.004 -0.006 -0.012  0.031 -0.042 -0.061  0.004 -0.036  0.005  0.074 -0.045 -0.096 -0.066  0.178
E       -0.008  0.245 -0.017  0.017  0.022  0.000  0.096 -0.052  0.106  0.017 -0.064 -0.048  0.004  0.026  0.053 -0.098 -0.016 -0.051  0.210 -0.070  0.056
F       -0.042  0.000 -0.047 -0.068 -0.041  0.000  0.213  0.088 -0.109 -0.011  0.087  0.000  0.022 -0.004  0.047  0.015 -0.069  0.014 -0.126 -0.202  0.000
G        0.030  0.037  0.040  0.060 -0.102  0.000  0.010  0.011  0.091 -0.048 -0.072  0.054 -0.023  0.019  0.121 -0.023  0.051  0.079  0.045 -0.058 -0.028
H       -0.081  0.069 -0.020 -0.167 -0.131  0.000 -0.003 -0.131  0.011 -0.014 -0.084  0.000  0.032  0.044 -0.088 -0.089 -0.086 -0.007 -0.201 -0.063  0.000
I       -0.006  0.000  0.011  0.036  0.034  0.000  0.031 -0.039  0.061 -0.005  0.000 -0.151 -0.001  0.000 -0.034  0.061 -0.057 -0.052  0.000  0.001  0.000
K       -0.037  0.000 -0.008  0.001 -0.242  0.000  0.040  0.008  0.002 -0.015 -0.058 -0.038 -0.009  0.009  0.016 -0.038  0.022 -0.020  0.099 -0.079  0.000
L        0.027 -0.002 -0.034 -0.084  0.097  0.000  0.091 -0.063 -0.019 -0.112 -0.098 -0.073  0.011 -0.002  0.008 -0.115 -0.020 -0.051 -0.162  0.139  0.000
M        0.008  0.000 -0.116  0.066  0.000  0.000  0.046 -0.048  0.033  0.044  0.089 -0.128  0.003 -0.067  0.102 -0.036  0.038 -0.181  0.000  0.000  0.000
N       -0.008  0.082  0.021 -0.024  0.138  0.000  0.168  0.182  0.019 -0.041 -0.014 -0.017 -0.040  0.060  0.037  0.019 -0.082 -0.078  0.066  0.204 -0.012
P        0.180 -0.206  0.155  0.000  0.081  0.000  0.308  0.188  0.000  0.155  0.119  0.000  0.186  0.000  0.213  0.000  0.150  0.000  0.115  0.197  0.104
Q       -0.022 -0.055 -0.008 -0.007 -0.066  0.000  0.068  0.008 -0.018 -0.086 -0.125  0.009  0.069 -0.036 -0.144 -0.071 -0.048 -0.011  0.176  0.042  0.261
R        0.039 -0.230 -0.084 -0.029  0.057  0.000 -0.009  0.027 -0.036  0.008 -0.043 -0.029  0.041 -0.020 -0.048 -0.026 -0.059 -0.062  0.000 -0.064  0.052
S        0.048  0.166 -0.029  0.030  0.014  0.000  0.164  0.124  0.092  0.098  0.050  0.079  0.038  0.026  0.068  0.015  0.011  0.072  0.130  0.059 -0.302
T        0.115  0.065  0.052  0.050  0.000  0.000  0.126  0.115  0.070  0.141  0.086  0.122  0.056  0.077  0.089  0.040  0.074  0.034 -0.047  0.212  0.081
V        0.004  0.000 -0.010  0.024 -0.034  0.000  0.221 -0.046 -0.116  0.088  0.023 -0.002  0.029  0.068  0.002 -0.036  0.051  0.001  0.080 -0.169  0.000
W       -0.101  0.000  0.031 -0.049  0.000  0.000 -0.072  0.000 -0.159  0.000 -0.113  0.014 -0.080 -0.011  0.100  0.000 -0.059  0.121  0.002 -0.012  0.000
Y        0.100  0.000 -0.069  0.083  0.003  0.000  0.143  0.000 -0.141 -0.110  0.000 -0.001 -0.016 -0.061 -0.094 -0.166 -0.079 -0.231  0.000 -0.084  0.000
X        0.162  0.000  0.090  0.000  0.000  0.000  0.000  0.000  0.060  0.000  0.000 -0.121 -0.012  0.000  0.000 -0.132  0.107  0.000  0.000  0.000  0.327
i+2/i     A      C      D      E      F      G      H      I      K      L      M      N      P      Q      R      S      T      V      W      Y      X
A        0.066  0.060  0.053  0.017 -0.101  0.000  0.168  0.023  0.014  0.007 -0.043 -0.003 -0.015  0.013 -0.010 -0.026  0.120 -0.095  0.259  0.067  0.000
C        0.007  0.044 -0.087  0.000  0.000  0.000  0.000  0.106  0.015 -0.209  0.000  0.000 -0.082  0.000 -0.050 -0.177  0.140  0.134 -0.278 -0.070  0.000
D        0.025  0.000 -0.128  0.039  0.111  0.000  0.078  0.039 -0.103  0.042  0.000  0.009 -0.027  0.078 -0.007 -0.025  0.132 -0.046  0.273 -0.044  0.265
E        0.054  0.000 -0.026 -0.014 -0.011  0.000  0.105  0.063  0.050  0.060 -0.093 -0.071  0.028  0.071  0.095 -0.005  0.015 -0.043  0.057  0.050 -0.098
F       -0.077 -0.166 -0.099 -0.040  0.269  0.000 -0.129 -0.183 -0.031 -0.018 -0.035  0.084 -0.006 -0.073 -0.019 -0.065 -0.035  0.241  0.206 -0.183  0.000
G        0.024  0.000  0.010 -0.030  0.084  0.000  0.260  0.033  0.040 -0.019 -0.011  0.042  0.027  0.058  0.001 -0.025  0.029  0.049  0.000 -0.056 -0.029
H       -0.130  0.000 -0.140  0.002  0.000  0.000  0.047  0.012 -0.018  0.013  0.029 -0.001  0.033  0.097  0.250  0.002  0.026  0.062 -0.107 -0.059  0.000
I        0.047  0.000  0.069  0.067  0.136  0.000  0.224  0.092 -0.012  0.007 -0.002 -0.039 -0.030 -0.065  0.122 -0.012  0.050  0.192  0.078 -0.136  0.000
K        0.034  0.000 -0.011 -0.017 -0.026  0.000  0.065  0.048  0.031  0.051 -0.004 -0.018  0.023  0.002  0.090 -0.044 -0.040  0.015  0.090  0.138  0.000
L       -0.053  0.000  0.126  0.034 -0.124  0.000  0.192 -0.021  0.089  0.038 -0.071  0.055  0.018  0.064  0.077 -0.016 -0.034  0.179  0.147  0.159 -0.361
M        0.005  0.268  0.069  0.025  0.000  0.000  0.000 -0.077 -0.010 -0.014  0.000  0.065  0.115 -0.040 -0.033  0.021  0.000  0.000  0.000 -0.251  0.175
N        0.056  0.000 -0.067  0.012 -0.125  0.000 -0.318 -0.018  0.017  0.029 -0.029 -0.135  0.047 -0.027  0.002  0.062  0.004  0.067 -0.102  0.155  0.038
P        0.027  0.114  0.024  0.011 -0.253  0.000  0.149  0.148 -0.056 -0.013 -0.012 -0.096  0.038  0.078  0.046 -0.102 -0.045 -0.056  0.097 -0.055  0.000
Q       -0.045  0.004 -0.029  0.005 -0.090  0.000  0.178 -0.063 -0.032  0.002  0.013  0.084  0.047  0.006 -0.131 -0.016  0.008 -0.059  0.000 -0.192  0.000
R        0.083  0.000  0.064  0.003 -0.070  0.000  0.036 -0.098  0.042 -0.012  0.155  0.099 -0.023 -0.022 -0.072 -0.041 -0.076  0.051 -0.112  0.164  0.000
S        0.031 -0.223  0.013  0.003  0.024  0.000  0.234 -0.070 -0.005  0.007  0.009  0.049 -0.003 -0.063  0.071  0.025 -0.015  0.094 -0.114  0.009  0.315
T        0.061 -0.066  0.036  0.000  0.218  0.000  0.032  0.047  0.028  0.027  0.056  0.054  0.081  0.106 -0.100 -0.027 -0.060  0.050  0.220  0.184  0.000
V       -0.055  0.000  0.007  0.064  0.072  0.000  0.105  0.124  0.013  0.057  0.147 -0.018 -0.003  0.080 -0.013  0.037 -0.127 -0.039  0.000  0.231 -0.047
W        0.161  0.288 -0.023  0.072 -0.209  0.000  0.000  0.000 -0.139 -0.186  0.000  0.000  0.116  0.000  0.000  0.071  0.000  0.230  0.000  0.000  0.000
Y       -0.126  0.000 -0.058  0.003  0.051  0.000  0.000 -0.065  0.041  0.013 -0.075 -0.052 -0.115 -0.052 -0.027 -0.008 -0.078 -0.056  0.000  0.075  0.000
X        0.011  0.000  0.000 -0.024  0.000  0.000  0.000  0.000  0.000  0.000  0.000  0.000 -0.140  0.043  0.000  0.107  0.098  0.000  0.000  0.000  0.000
