i-1/i     A      C      D      E      F      G      H      I      K      L      M      N      P      Q      R      S      T      V      W      Y      X
A        0.064  0.035  0.025  0.032  0.017  0.000  0.076 -0.026  0.063  0.046  0.072  0.065  0.141  0.036  0.035  0.006  0.024 -0.008 -0.049  0.035  0.049
C       -0.021  0.093 -0.002 -0.012  0.066  0.000 -0.061  0.031 -0.012  0.013  0.264 -0.036  0.067  0.028 -0.048  0.058 -0.021  0.005 -0.055 -0.037  0.000
D        0.094  0.152  0.082  0.071  0.048  0.000  0.104  0.046  0.108  0.051  0.090  0.118  0.089  0.077  0.063  0.046  0.059  0.102 -0.025  0.117  0.296
E        0.053 -0.020  0.050  0.062  0.099  0.000  0.087  0.016  0.095  0.085  0.066  0.087  0.081  0.055  0.100  0.051  0.086  0.070  0.032  0.123 -0.030
F       -0.061 -0.042 -0.061 -0.076  0.023  0.000 -0.082 -0.139 -0.067 -0.154 -0.087 -0.110 -0.240 -0.152 -0.097 -0.012 -0.045 -0.087 -0.118 -0.118  0.000
G        0.162  0.142  0.074  0.087  0.079  0.000  0.200  0.078  0.107  0.079  0.046  0.041  0.077  0.112  0.134  0.161  0.105  0.082  0.045  0.031  0.332
H       -0.023  0.050  0.015 -0.009  0.061  0.000 -0.022 -0.038 -0.066 -0.044  0.092 -0.013  0.000  0.101  0.065  0.050  0.176  0.023  0.093  0.015 -0.063
I       -0.015 -0.005 -0.003 -0.044  0.033  0.000  0.029 -0.091 -0.013 -0.003  0.023  0.026  0.083 -0.048 -0.018  0.006  0.047 -0.051  0.059 -0.017  0.058
K        0.092  0.120  0.040  0.062  0.171  0.000  0.185 -0.010  0.102  0.058  0.087  0.099  0.173  0.103  0.113  0.073  0.050  0.097  0.089  0.232 -0.114
L        0.006 -0.021 -0.007 -0.020  0.026  0.000 -0.061 -0.016  0.003 -0.012  0.017  0.015  0.020  0.006  0.011  0.005  0.038 -0.015 -0.041  0.032  0.238
M       -0.039  0.134  0.019 -0.046  0.114  0.000  0.047  0.139  0.060  0.020  0.006 -0.020  0.021 -0.038  0.042  0.073  0.113  0.061 -0.179  0.261  0.032
N        0.092  0.076  0.048  0.123  0.154  0.000  0.022  0.088  0.050  0.091  0.067  0.123  0.000  0.112  0.097  0.084  0.028  0.172  0.216  0.175  0.098
P        0.132  0.000 -0.007  0.065  0.116  0.000 -0.014  0.086  0.082  0.163  0.055  0.073  0.000  0.116  0.070  0.081 -0.002  0.089  0.168  0.094 -0.159
Q        0.059  0.169  0.032  0.064  0.133  0.000  0.156  0.055  0.088  0.048 -0.001  0.061  0.130  0.072  0.081  0.040  0.075  0.044 -0.037  0.132  0.103
R        0.095  0.171  0.035  0.043  0.243  0.000  0.069  0.060  0.106  0.078  0.042  0.116  0.071  0.081  0.104  0.020  0.017  0.064  0.002  0.053  0.182
S        0.127  0.059  0.048  0.113 -0.019  0.000  0.037  0.129  0.123  0.094  0.137  0.098 -0.058  0.140  0.130  0.152  0.158  0.133  0.190  0.102  0.175
T        0.028 -0.113  0.046  0.059  0.171  0.000  0.147  0.001  0.057  0.012  0.022  0.060  0.020 -0.015  0.119  0.052  0.226  0.101  0.024  0.133 -0.149
V       -0.004 -0.073 -0.015 -0.043 -0.082  0.000  0.133 -0.035 -0.041 -0.012  0.042 -0.027  0.139 -0.022 -0.049 -0.020  0.027 -0.009 -0.013 -0.074 -0.033
W       -0.077 -0.192 -0.032 -0.101 -0.120  0.000 -0.258 -0.158 -0.165 -0.236 -0.190 -0.216 -0.126 -0.143 -0.117 -0.072  0.020 -0.191  0.323 -0.112  0.000
Y       -0.086 -0.105 -0.058 -0.129  0.019  0.000 -0.087 -0.165 -0.149 -0.124 -0.016 -0.041 -0.208 -0.081 -0.051 -0.018 -0.169 -0.136  0.103  0.002 -0.082
X       -0.018  0.000  0.128  0.063 -0.119  0.000  0.000 -0.185 -0.060 -0.095  0.202  0.000  0.000 -0.066 -0.017  0.000  0.127  0.018  0.000  0.000  0.000
i+1/i     A      C      D      E      F      G      H      I      K      L      M      N      P      Q      R      S      T      V      W      Y      X
A        0.042 -0.015 -0.012  0.011  0.153  0.000  0.047  0.001  0.011 -0.004  0.088 -0.018  0.040  0.020 -0.000 -0.017 -0.028  0.009  0.120  0.013  0.300
C        0.076  0.048  0.049  0.077  0.078  0.000  0.188  0.033  0.105  0.076 -0.141  0.141  0.041  0.164 -0.020  0.071 -0.110  0.075 -0.134  0.053  0.000
D       -0.001 -0.052  0.031 -0.021 -0.027  0.000 -0.040 -0.057 -0.046 -0.041  0.141 -0.085 -0.005 -0.042 -0.045 -0.014 -0.008 -0.029 -0.061 -0.049 -0.098
E       -0.017 -0.135 -0.029 -0.047 -0.110  0.000 -0.017 -0.032 -0.034 -0.029 -0.082 -0.035 -0.031 -0.044 -0.024 -0.022  0.055 -0.037 -0.019 -0.064  0.130
F        0.067  0.043  0.042  0.034  0.080  0.000 -0.069  0.053  0.063  0.069 -0.102  0.054  0.117  0.033  0.056  0.068  0.005  0.049 -0.043  0.044  0.143
G        0.067  0.059  0.041  0.019 -0.025  0.000  0.120  0.015  0.032  0.023  0.248  0.044  0.014 -0.032  0.031 -0.012  0.028  0.015  0.198 -0.000  0.000
H        0.034 -0.097  0.007 -0.021 -0.169  0.000  0.049 -0.031  0.009  0.000 -0.090 -0.071 -0.149 -0.018 -0.017 -0.002 -0.018 -0.029  0.093  0.091  0.000
I        0.035  0.068  0.063  0.065  0.122  0.000 -0.031 -0.011  0.079  0.016  0.051  0.011  0.096  0.094  0.107  0.065  0.040  0.057  0.088  0.044  0.033
K        0.008  0.071 -0.014 -0.026 -0.001  0.000 -0.039 -0.000 -0.024 -0.015  0.132 -0.005  0.020 -0.012 -0.048 -0.002  0.036 -0.045 -0.039 -0.019 -0.027
L        0.057  0.079 -0.005  0.050  0.071  0.000  0.098  0.031  0.081  0.037 -0.001  0.021  0.099  0.087  0.088  0.045  0.034  0.098 -0.009  0.124 -0.018
M        0.105 -0.040  0.074  0.057  0.079  0.000  0.073  0.038  0.089  0.025 -0.083  0.002  0.026  0.024  0.084  0.073  0.005  0.005 -0.005  0.147 -0.178
N       -0.019  0.071 -0.007 -0.023 -0.081  0.000  0.004 -0.075 -0.004 -0.002 -0.080 -0.033  0.124 -0.009 -0.033  0.020 -0.077 -0.001  0.076 -0.111 -0.076
P        0.140  0.000  0.000  0.023  0.132  0.000  0.000  0.140  0.159  0.182  0.235  0.000  0.000  0.112  0.163 -0.147  0.069  0.217  0.276  0.217  0.000
Q       -0.025 -0.086  0.001 -0.015 -0.051  0.000  0.052  0.001 -0.026 -0.022  0.068  0.020  0.028 -0.043 -0.035 -0.076  0.018 -0.036 -0.035  0.018 -0.127
R       -0.023 -0.065  0.042 -0.036 -0.057  0.000 -0.092 -0.022 -0.005  0.004  0.013  0.032  0.013 -0.035  0.011 -0.014 -0.014 -0.018 -0.119  0.056 -0.347
S        0.017 -0.031 -0.075  0.006  0.026  0.000  0.064 -0.006  0.038  0.027  0.115  0.064  0.002  0.005 -0.007  0.052  0.048 -0.036 -0.158  0.045 -0.094
T        0.012  0.075 -0.020  0.049  0.067  0.000  0.097  0.076  0.052  0.003  0.006  0.049  0.042  0.010  0.067  0.003  0.170  0.072  0.070 -0.117 -0.166
V        0.055 -0.011  0.034  0.061  0.140  0.000  0.027  0.007  0.070  0.032  0.020  0.095  0.053  0.067  0.108  0.039  0.068  0.100  0.020  0.168  0.277
W       -0.007  0.223 -0.001  0.003 -0.186  0.000 -0.122  0.065  0.090  0.064 -0.057  0.176  0.084  0.072  0.106  0.071 -0.004  0.005 -0.272  0.102  0.000
Y        0.090  0.046  0.007  0.032 -0.160  0.000 -0.022  0.053 -0.005  0.052 -0.088 -0.054  0.059 -0.059 -0.004  0.087 -0.013  0.017  0.136 -0.021  0.000
X       -0.068  0.000  0.115  0.098  0.000  0.000  0.000 -0.005  0.141  0.035  0.128  0.073  0.154  0.132 -0.022  0.105 -0.182  0.135  0.000  0.111  0.000
i+2/i     A      C      D      E      F      G      H      I      K      L      M      N      P      Q      R      S      T      V      W      Y      X
A        0.047 -0.027 -0.022 -0.004  0.038  0.000 -0.003 -0.010 -0.021  0.006 -0.006  0.004  0.011 -0.021 -0.001 -0.012 -0.013  0.033 -0.031  0.002 -0.049
C       -0.043  0.000  0.011 -0.023  0.299  0.000 -0.096  0.010  0.025  0.034  0.233 -0.014  0.052 -0.014  0.046 -0.050 -0.017  0.063  0.032  0.000  0.000
D        0.002 -0.058 -0.020  0.041  0.052  0.000 -0.065 -0.035 -0.015  0.025  0.029  0.064  0.051  0.041  0.027  0.028  0.009 -0.004 -0.032  0.099  0.116
E       -0.022  0.037  0.017 -0.012 -0.048  0.000 -0.043 -0.008  0.004 -0.009  0.006  0.018 -0.022 -0.001 -0.015 -0.006 -0.030 -0.023 -0.016  0.001  0.026
F        0.113 -0.033  0.003  0.010 -0.058  0.000  0.066  0.067  0.052  0.014  0.146 -0.033  0.051 -0.002  0.035  0.013  0.010  0.041  0.176  0.101 -0.316
G        0.053 -0.006  0.057  0.016  0.188  0.000 -0.021  0.004  0.018  0.005  0.038  0.079  0.010  0.085  0.045  0.000 -0.061  0.101  0.013 -0.091  0.000
H       -0.034 -0.063  0.012  0.037  0.100  0.000  0.012 -0.061  0.033  0.008  0.133  0.117 -0.049  0.090  0.029  0.169  0.098 -0.003 -0.087  0.061  0.000
I        0.051 -0.139  0.010 -0.003 -0.030  0.000 -0.042 -0.002  0.019 -0.013  0.129 -0.015  0.098 -0.009  0.016 -0.010  0.040  0.079 -0.099 -0.118  0.104
K       -0.002 -0.037  0.065  0.053 -0.038  0.000  0.028 -0.008  0.028  0.005  0.064  0.066  0.003  0.031  0.020  0.020 -0.006 -0.032  0.004  0.050  0.156
L        0.061  0.005 -0.027  0.005 -0.098  0.000 -0.023  0.006  0.005  0.034  0.043 -0.006  0.043  0.018  0.021 -0.014 -0.009 -0.004 -0.048 -0.002  0.154
M        0.038 -0.044 -0.006 -0.047 -0.138  0.000 -0.045  0.060  0.005 -0.021  0.080 -0.007  0.098  0.007 -0.003  0.003  0.041 -0.013 -0.091 -0.085  0.013
N        0.038 -0.039  0.018 -0.003  0.057  0.000 -0.036 -0.025  0.013 -0.008  0.051  0.033  0.070 -0.050  0.019 -0.058 -0.050  0.056  0.016  0.011  0.293
P        0.137  0.000  0.069  0.183 -0.112  0.000  0.000  0.000  0.133  0.234  0.000  0.000  0.000  0.000  0.125  0.195  0.000  0.169  0.000  0.208  0.000
Q       -0.017  0.030  0.039  0.019  0.029  0.000 -0.036 -0.022 -0.035 -0.020  0.024  0.031 -0.008 -0.028 -0.053  0.027 -0.035 -0.050 -0.019 -0.008 -0.108
R       -0.002 -0.102  0.048 -0.006 -0.009  0.000 -0.034  0.018 -0.003 -0.008 -0.108 -0.041 -0.025 -0.008 -0.027  0.029  0.027 -0.029  0.026  0.001 -0.123
S       -0.015  0.036  0.028  0.006 -0.010  0.000  0.135 -0.007  0.032 -0.002 -0.043  0.019 -0.071  0.005 -0.003  0.051  0.020 -0.017  0.085  0.081 -0.206
T        0.010  0.028  0.034  0.000  0.046  0.000 -0.040 -0.034  0.039 -0.053  0.055 -0.016  0.065  0.056 -0.121 -0.067  0.170 -0.006  0.064  0.073  0.056
V        0.031  0.065  0.005 -0.013  0.074  0.000  0.186 -0.005  0.009  0.020 -0.021 -0.048  0.003  0.002  0.049 -0.014  0.006  0.047  0.020  0.048 -0.256
W        0.074  0.000 -0.009  0.016  0.126  0.000  0.040  0.061  0.047  0.036  0.058 -0.009  0.013 -0.064  0.053  0.073 -0.014 -0.028  0.000  0.086  0.000
Y        0.063  0.116  0.068  0.014  0.029  0.000  0.156 -0.061  0.033  0.024  0.018  0.012  0.102  0.044  0.035  0.046 -0.021 -0.013  0.068 -0.067  0.000
X        0.054  0.000 -0.094  0.044  0.000  0.000  0.107  0.154  0.029  0.038  0.000  0.035 -0.017  0.052  0.076  0.000  0.050 -0.053  0.106  0.299  0.000
i+3/i     A      C      D      E      F      G      H      I      K      L      M      N      P      Q      R      S      T      V      W      Y      X
A        0.012 -0.002  0.019  0.017  0.005  0.000 -0.096 -0.012 -0.005 -0.014  0.031  0.028  0.058  0.062 -0.010  0.012 -0.000 -0.014 -0.082  0.003  0.045
C       -0.078 -0.304 -0.083 -0.079 -0.170  0.000  0.000 -0.187 -0.243 -0.072 -0.053 -0.137 -0.059 -0.039 -0.109 -0.018 -0.113 -0.036  0.000 -0.036  0.000
D        0.145  0.160 -0.001  0.098  0.234  0.000  0.064  0.123  0.160  0.117  0.114  0.061  0.216  0.141  0.177  0.134  0.167  0.164 -0.093  0.178  0.061
E        0.095  0.033  0.015  0.063  0.084  0.000  0.133 -0.006  0.141  0.041 -0.038  0.060  0.135  0.072  0.160  0.087  0.080  0.146  0.079  0.030 -0.258
F       -0.030 -0.014  0.066 -0.049 -0.220  0.000 -0.086  0.042 -0.019  0.040  0.206  0.106 -0.045 -0.032 -0.027 -0.021  0.078  0.035  0.099 -0.104  0.000
G        0.130 -0.052  0.063  0.063  0.044  0.000  0.210  0.083  0.085  0.124  0.052  0.039  0.154  0.100  0.084  0.096  0.102  0.115 -0.079  0.139  0.000
H        0.080  0.041  0.122  0.073 -0.018  0.000  0.079  0.008  0.099 -0.007 -0.055 -0.007  0.145  0.062  0.091  0.081  0.093  0.015  0.272  0.134 -0.164
I       -0.106 -0.120 -0.054 -0.123 -0.108  0.000 -0.127 -0.101 -0.145 -0.028  0.030 -0.075 -0.021 -0.116 -0.140 -0.073 -0.136 -0.111  0.196 -0.175  0.168
K        0.057  0.030 -0.002  0.023  0.024  0.000  0.005  0.000  0.016  0.008  0.051 -0.010  0.000 -0.016  0.033 -0.027 -0.040  0.020 -0.121  0.064 -0.214
L       -0.093 -0.097 -0.052 -0.129 -0.047  0.000 -0.122 -0.029 -0.125 -0.062  0.033 -0.037 -0.062 -0.113 -0.151 -0.117 -0.067 -0.113  0.033 -0.087 -0.339
M       -0.046  0.024 -0.017 -0.116  0.001  0.000  0.004  0.036 -0.057 -0.017 -0.064 -0.050  0.067  0.011 -0.049 -0.124  0.077 -0.011  0.115  0.009  0.300
N        0.139  0.063  0.065  0.055  0.035  0.000  0.146  0.031  0.077  0.013  0.022  0.027  0.122  0.102  0.068  0.067  0.002  0.105 -0.123  0.121  0.328
P        0.211  0.000  0.000  0.000  0.000  0.000  0.000  0.000  0.000  0.000  0.130  0.014  0.000  0.000  0.000  0.108  0.173  0.000  0.271  0.204  0.000
Q        0.096 -0.033 -0.009  0.029  0.199  0.000 -0.014  0.023  0.084  0.016  0.061 -0.096  0.068  0.049  0.109  0.049  0.063  0.103  0.142  0.039  0.109
R        0.003 -0.030  0.044  0.081  0.011  0.000 -0.007 -0.074  0.009 -0.011 -0.077 -0.006 -0.030 -0.035 -0.004  0.012 -0.061 -0.032 -0.173  0.040  0.232
S        0.115  0.088  0.018  0.049  0.091  0.000  0.049  0.016  0.055  0.046  0.059  0.063  0.147  0.041  0.074  0.055  0.010  0.015 -0.078  0.192  0.000
T        0.070 -0.207  0.034  0.047 -0.015  0.000  0.154 -0.045  0.019  0.038 -0.094  0.050  0.085  0.065  0.046 -0.028  0.131  0.082  0.084  0.173 -0.134
V       -0.083 -0.077 -0.066 -0.128 -0.104  0.000 -0.097 -0.055 -0.147 -0.051 -0.000 -0.077 -0.022 -0.056 -0.108 -0.064 -0.087 -0.127  0.076 -0.121 -0.255
W       -0.042  0.000  0.017  0.128  0.125  0.000  0.208  0.065  0.155  0.099  0.182  0.000  0.193  0.035 -0.027  0.219 -0.134  0.217  0.046 -0.051  0.000
Y        0.025  0.048  0.112 -0.055 -0.007  0.000  0.081 -0.011 -0.052  0.055  0.124  0.038  0.141  0.066 -0.051 -0.053  0.125 -0.123  0.002 -0.003  0.189
X       -0.155  0.000  0.000  0.000 -0.010  0.000  0.167 -0.087  0.000  0.048  0.041  0.070  0.000  0.000  0.000 -0.166  0.000 -0.133  0.000  0.000  0.104
i+4/i     A      C      D      E      F      G      H      I      K      L      M      N      P      Q      R      S      T      V      W      Y      X
A        0.166  0.140  0.080  0.174  0.371 -0.124  0.015  0.438  0.351  0.238  0.638  0.202 -0.238  0.323  0.433 -0.036  0.090  0.130 -0.293  0.262 -0.012
C        0.157 -0.360 -0.011 -0.133 -0.304  0.571  0.920  0.313  0.190  0.494  1.236  0.430  0.718  0.000  0.753  0.363  0.077  0.308 -0.359  0.766  0.000
D        0.228  0.000  0.071  0.434 -0.103 -0.114  0.491  0.436  0.134  0.106  0.034  0.252  0.209 -0.055 -0.076  0.172 -0.071  0.262 -0.106  0.281  0.000
E        0.157 -0.029  0.067  0.356  0.140 -0.165  0.113  0.429  0.382  0.402  0.043  0.410  0.117  0.243  0.351 -0.007  0.211  0.416  0.952  0.791  0.596
F        0.152 -0.764 -0.004 -0.113  0.061 -0.054  0.174 -0.132  0.093  0.207 -0.255 -0.557 -0.867  0.289  0.036  0.614  0.666  0.216  0.332 -0.446  0.861
G        0.104  0.000  0.188  0.121 -0.407 -0.169 -0.205  0.351  0.044  0.163 -0.500  0.083  0.161 -0.021  0.205  0.333 -0.167  0.114 -1.219  0.215  0.000
H        0.085  0.000 -0.073  0.264  0.520  0.070  0.476  0.313  0.492  0.331 -0.925  0.577 -0.347  0.262  0.484  0.521  1.214 -0.003  0.198  0.855  0.000
I        0.270  0.700  0.080  0.006 -0.344  0.066 -0.010  0.055  0.200  0.194 -0.026  0.109 -0.164  0.044  0.337  0.448  0.656  0.312  0.847 -0.033  0.990
K        0.113  0.042  0.313  0.146  0.435 -0.039 -0.109 -0.151  0.516  0.386 -0.153  0.200  0.054  0.127  0.359  0.077  0.013  0.386 -0.017  0.441  1.222
L        0.139  0.507 -0.056 -0.069 -0.107  0.048  0.046  0.099 -0.044  0.264  0.198 -0.135 -0.254  0.187 -0.116  0.388  0.348  0.260 -0.509 -0.223  2.223
M       -0.000  0.187  0.281 -0.117  0.226  0.532  0.233  0.335  0.230  0.333 -0.129 -0.088 -0.229  0.115  0.333  0.445  0.575  0.058 -0.285 -0.179  0.418
N        0.179  0.164  0.235  0.238  0.190  0.265  0.336 -0.039  0.063  0.355 -0.060  0.244  0.026  0.237 -0.019  0.062  0.320  0.186  0.836  0.672  0.000
P       -0.180 -0.803 -0.465 -0.125  0.000  0.000  0.000  0.000  0.072  0.722  0.000  0.000  0.000  0.000 -0.398 -0.465  0.000 -0.884  0.000  0.000  0.000
Q        0.145  0.212  0.192  0.236 -0.042  0.378  0.117 -0.257  0.314  0.324  0.148  0.218  0.099  0.237  0.171 -0.291  0.191  0.318  0.283  0.324  0.000
R        0.158 -0.260  0.268  0.312  0.618  0.308  0.211  0.144  0.462  0.240 -0.030  0.307  0.035  0.326  0.524  0.155  0.174  0.126  0.517  0.330 -0.474
S        0.189  0.071  0.116  0.303  0.318 -0.097  0.208  0.290  0.441  0.182  0.096  0.211  0.101  0.278  0.375  0.274 -0.012 -0.174  1.201  0.595  0.000
T        0.103  0.431  0.005  0.216  0.629  0.322 -0.210 -0.218  0.288  0.207 -0.217  0.354  0.314  0.059 -0.095  0.143 -0.248  0.005  0.913  0.293  0.143
V        0.259 -0.716  0.084 -0.038  0.234 -0.093  0.542 -0.439 -0.024  0.268  0.522 -0.143 -0.220  0.269  0.374  0.605  0.091  0.369  0.178  0.020  0.603
W        0.236 -0.096 -0.243 -0.102 -0.079  0.328  0.571  1.016 -0.071  0.247 -0.617  0.496 -0.339  0.034  0.390  0.366  0.268  0.346  0.447  0.653  0.000
Y        0.130  0.987 -0.004  0.070  0.409  0.185  0.014 -0.282 -0.380  0.197 -0.086  0.040 -0.187  0.159  0.034  0.272 -0.026 -0.070 -0.194  0.217  1.637
X        0.459  0.000  0.296  0.000 -0.360  0.000  0.000  0.559  0.581  0.194  0.000  0.000 -0.134  0.302  0.565  0.000  0.000 -0.199  0.671  0.038 -0.855
