i-1/i     A      C      D      E      F      G      H      I      K      L      M      N      P      Q      R      S      T      V      W      Y      X
A        0.000  0.000 -0.045  0.000  0.000  0.000  0.000  0.000  0.120  0.000  0.000  0.000 -0.012  0.000  0.151 -0.159 -0.274  0.018  0.000  0.000  0.000
C        0.000  0.000  0.000  0.000  0.000  0.000  0.000  0.000  0.000  0.000  0.000  0.000  0.000  0.000  0.000  0.000  0.000  0.000  0.000  0.000  0.000
D        0.000  0.000 -0.078  0.000  0.000  0.000  0.000  0.120  0.028  0.000  0.000  0.000  0.000 -0.243  0.000 -0.185  0.000  0.000  0.000  0.000  0.000
E       -0.291 -0.345 -0.207 -0.367 -0.220  0.000  0.000  0.000 -0.192 -0.135  0.000 -0.073  0.093  0.000  0.000  0.000  0.000  0.041 -0.272 -0.203  0.000
F        0.000  0.000 -0.124  0.322 -0.171  0.000  0.000  0.000  0.000  0.000  0.000  0.000  0.033  0.000  0.000  0.026  0.000  0.151  0.000  0.000  0.000
G        0.000  0.359  0.000  0.000  0.000  0.000  0.000  0.000  0.000  0.043  0.000  0.000  0.040  0.000 -0.357  0.000 -0.186  0.000  0.000  0.000  0.000
H        0.000  0.000  0.000  0.000  0.000  0.000  0.000  0.000  0.000  0.000  0.000  0.000 -0.215  0.000  0.000  0.000  0.000  0.000  0.000  0.000  0.367
I       -0.357  0.000  0.112 -0.053  0.000  0.000  0.000  0.244  0.183 -0.195  0.000  0.000  0.075  0.000 -0.042 -0.123  0.085  0.389  0.000  0.000  0.000
K        0.000  0.000  0.153 -0.118  0.000  0.000  0.000 -0.272 -0.093  0.038  0.000 -0.009 -0.061  0.000  0.000  0.042  0.000  0.078  0.000  0.000  0.000
L        0.000  0.000 -0.171  0.033  0.000  0.000 -0.169 -0.146  0.000  0.199  0.000  0.000  0.086  0.001  0.093 -0.045  0.219  0.124  0.000  0.000  0.000
M        0.104  0.000  0.116  0.000  0.000  0.000  0.000  0.000  0.000  0.000  0.000  0.000  0.054  0.000  0.000 -0.182 -0.018  0.014  0.000  0.000  0.000
N        0.000  0.000  0.015  0.000  0.000  0.000  0.000  0.119  0.000 -0.064  0.000  0.000 -0.026 -0.181  0.000  0.000  0.391  0.000  0.000  0.000  0.000
P        0.157  0.000  0.046 -0.156 -0.305  0.000  0.097 -0.021 -0.189 -0.103  0.000 -0.234 -0.049 -0.263 -0.204 -0.107 -0.119 -0.228 -0.297  0.000 -0.032
Q       -0.272  0.000  0.000 -0.071 -0.045  0.000  0.000  0.114  0.000 -0.253  0.250  0.000  0.110  0.000  0.000  0.000 -0.168 -0.370  0.000  0.000  0.000
R        0.447  0.000  0.000 -0.160  0.000  0.000  0.000  0.068 -0.179 -0.164  0.000  0.000  0.006 -0.089 -0.068 -0.072 -0.032 -0.197  0.000  0.018  0.000
S       -0.174  0.000 -0.033 -0.274  0.000  0.000  0.000  0.025 -0.090  0.032  0.001  0.040  0.089  0.000 -0.031  0.123  0.000  0.000  0.000  0.000  0.000
T        0.130  0.000 -0.150  0.000  0.090  0.000  0.000 -0.240 -0.298 -0.094 -0.001  0.000 -0.050  0.292  0.000  0.000 -0.164 -0.128  0.000  0.000  0.000
V        0.219  0.000  0.203  0.195  0.153  0.000  0.000  0.087  0.116 -0.209  0.000 -0.220 -0.004  0.000 -0.024  0.130  0.182 -0.203  0.000  0.026  0.023
W        0.000  0.000  0.000  0.000  0.000  0.000  0.000  0.000  0.000  0.000  0.000  0.000  0.000  0.000  0.000  0.074  0.000  0.000  0.000  0.000  0.000
Y        0.272  0.000  0.000  0.000  0.307  0.000  0.000  0.000  0.000  0.092  0.000  0.000 -0.206  0.000  0.309  0.000 -0.063  0.000  0.000  0.000  0.000
X        0.000  0.000 -0.074  0.000  0.000  0.000  0.000  0.000  0.000  0.000  0.000  0.000  0.158  0.066  0.000 -0.203  0.000  0.000  0.000  0.000  0.000
i-2/i     A      C      D      E      F      G      H      I      K      L      M      N      P      Q      R      S      T      V      W      Y      X
A        0.000  0.000  0.125  0.000  0.000  0.000  0.000  0.000 -0.179  0.000  0.000  0.000 -0.183  0.295 -0.342 -0.094  0.000 -0.138  0.000  0.000  0.000
C        0.000  0.000  0.000  0.000  0.000  0.000  0.000  0.000  0.000  0.000  0.000  0.000  0.000  0.000  0.000  0.000  0.000  0.000  0.000  0.000  0.000
D       -0.392  0.000  0.000  0.000  0.000  0.000  0.000 -0.318  0.000  0.000  0.000  0.000 -0.184  0.000  0.000  0.000  0.000  0.000  0.000  0.000  0.000
E        0.000  0.000  0.118  0.000  0.000  0.000  0.000  0.000 -0.150 -0.148  0.000 -0.185 -0.098  0.000  0.000 -0.139  0.060 -0.207  0.000  0.000  0.164
F        0.000  0.000 -0.078  0.000  0.375  0.000  0.000  0.000 -0.193  0.000  0.000  0.000 -0.020  0.000 -0.059  0.028 -0.319  0.319  0.000  0.000  0.000
G        0.052  0.000  0.000  0.256  0.000  0.000  0.000 -0.151  0.000 -0.097  0.000  0.000 -0.204  0.000  0.000  0.000  0.000  0.000  0.000  0.000  0.000
H        0.000  0.000  0.000  0.000  0.000  0.000  0.000  0.000  0.000  0.000  0.000  0.000  0.138  0.000  0.000  0.000  0.000  0.000  0.000  0.000  0.000
I        0.000  0.000 -0.145 -0.254  0.000  0.000  0.000 -0.191  0.133 -0.115  0.000  0.048  0.059  0.000 -0.021 -0.121  0.000 -0.091  0.000  0.000  0.000
K       -0.100  0.000 -0.217  0.229  0.000  0.000  0.005 -0.324 -0.234 -0.132  0.000  0.000 -0.090  0.000 -0.207 -0.003 -0.097 -0.149  0.000  0.000  0.000
L       -0.195  0.000 -0.129 -0.001  0.000  0.000 -0.080 -0.298 -0.165  0.015  0.000 -0.217 -0.146 -0.037  0.051  0.005  0.275  0.090  0.000  0.000  0.000
M        0.000  0.000  0.000 -0.198  0.000  0.000  0.000  0.000  0.000  0.000  0.000  0.000  0.000 -0.159  0.000 -0.282  0.000  0.000  0.000  0.000  0.000
N        0.000  0.000  0.000  0.000  0.000  0.000  0.000  0.000  0.000  0.000  0.000  0.000  0.020  0.000  0.000  0.000  0.000  0.000  0.000  0.000  0.000
P        0.161  0.000  0.000 -0.165  0.000  0.000  0.000  0.018  0.086 -0.192  0.000 -0.043 -0.020 -0.008 -0.146 -0.085 -0.156 -0.384  0.000  0.000  0.000
Q        0.000  0.000 -0.049 -0.044  0.000  0.000  0.000  0.000  0.000 -0.051  0.000  0.000 -0.047  0.000  0.000  0.000 -0.042  0.000  0.000  0.000  0.000
R        0.147  0.000  0.000  0.000  0.000  0.000  0.000 -0.062 -0.081  0.076  0.000  0.000 -0.106  0.000  0.000 -0.147  0.000 -0.031  0.000  0.000  0.000
S        0.000  0.000  0.000  0.000  0.000  0.000  0.000 -0.036  0.000  0.000 -0.031  0.000  0.058  0.000  0.000 -0.218  0.000  0.145 -0.230  0.000 -0.127
T       -0.364  0.000 -0.046  0.000  0.000  0.000 -0.021 -0.138  0.046 -0.036  0.000  0.000  0.139  0.000  0.059  0.015  0.000 -0.147  0.000  0.000  0.000
V        0.301  0.099 -0.071 -0.097  0.000  0.000  0.000 -0.081  0.351 -0.062  0.000  0.000  0.078  0.000  0.177 -0.046  0.061  0.000  0.000  0.000 -0.053
W        0.000  0.000  0.000 -0.224  0.000  0.000  0.000  0.000  0.000  0.000  0.000  0.000  0.000  0.000  0.000  0.000  0.000  0.000  0.000  0.000  0.000
Y        0.000  0.000  0.000 -0.025  0.000  0.000  0.000  0.000  0.000 -0.031  0.401  0.000  0.050  0.000  0.000  0.000  0.000  0.000  0.000  0.000  0.000
X        0.000  0.000  0.000  0.000  0.000  0.000  0.000 -0.109 -0.158  0.000  0.000  0.000  0.000  0.000  0.000  0.000  0.256  0.000  0.000  0.000  0.000
i+1/i     A      C      D      E      F      G      H      I      K      L      M      N      P      Q      R      S      T      V      W      Y      X
A        0.000  0.000  0.000 -0.313  0.000  0.000  0.000 -0.147  0.000  0.000  0.266  0.000 -0.034 -0.222  0.000 -0.096 -0.333 -0.094  0.000  0.239  0.000
C        0.000  0.000  0.000  0.000  0.000  0.000  0.000  0.000  0.000  0.000  0.000  0.000  0.000  0.000  0.000  0.000  0.000  0.000  0.000  0.000  0.000
D        0.202  0.000 -0.187 -0.285  0.017  0.000  0.000 -0.048  0.360 -0.074  0.236 -0.185 -0.025  0.000  0.000 -0.176  0.028  0.151  0.000  0.000 -0.007
E        0.000  0.000  0.000  0.232  0.095  0.000  0.000  0.288 -0.053 -0.174  0.000  0.000 -0.028 -0.180 -0.018 -0.040  0.000 -0.099  0.000  0.000  0.000
F        0.000  0.000  0.000 -0.163 -0.345  0.000  0.000  0.000  0.000  0.000  0.000  0.000  0.000 -0.252  0.000  0.000  0.222  0.205  0.000  0.221  0.000
G        0.000  0.000  0.000  0.000  0.000  0.000  0.000  0.000  0.000  0.167 -0.078  0.000  0.083 -0.057  0.000  0.000  0.000  0.000  0.000  0.000  0.000
H        0.000  0.000  0.000 -0.190  0.000  0.000  0.000  0.000  0.000 -0.029  0.000  0.000 -0.077  0.000  0.000  0.000  0.000  0.000  0.000  0.000  0.000
I        0.000  0.000  0.082 -0.297  0.000  0.000  0.000  0.151  0.069 -0.119  0.000  0.000  0.027  0.050 -0.066  0.129  0.094  0.046  0.000  0.000  0.000
K        0.105  0.000  0.060 -0.124  0.000  0.000  0.000 -0.028  0.081  0.196  0.000  0.000 -0.001  0.000  0.179 -0.014 -0.256 -0.065  0.000  0.000  0.000
L        0.000  0.000  0.000  0.369  0.000  0.000  0.000 -0.063  0.132  0.028  0.000 -0.003 -0.019  0.038 -0.290  0.165  0.073 -0.008  0.000  0.000  0.000
M        0.368  0.000  0.000  0.000  0.000  0.000  0.000  0.000  0.000  0.000  0.000  0.000  0.192 -0.026  0.000  0.163 -0.011  0.000  0.000  0.000  0.000
N        0.000  0.000  0.000 -0.123  0.000  0.000  0.000  0.000  0.091  0.000  0.000  0.000 -0.161  0.000  0.000 -0.183  0.280  0.000  0.000  0.000  0.000
P        0.023  0.000  0.211  0.161 -0.060  0.000 -0.037  0.172  0.111 -0.066 -0.360  0.116  0.163  0.122 -0.045  0.161 -0.133  0.159  0.000 -0.031  0.054
Q        0.000  0.000 -0.040  0.000  0.000  0.000  0.000  0.000  0.000 -0.041  0.000 -0.043 -0.096  0.000  0.000  0.000  0.196  0.000  0.000  0.000  0.284
R        0.000  0.000  0.000  0.000  0.000  0.000  0.000 -0.068  0.000  0.116  0.000  0.000 -0.041  0.000  0.088 -0.073  0.000 -0.005  0.000 -0.008  0.000
S        0.293  0.000 -0.063 -0.010 -0.304  0.000  0.000  0.243 -0.412 -0.078 -0.240  0.000  0.028  0.000  0.115  0.040  0.000 -0.111 -0.023  0.000  0.000
T        0.271  0.000  0.000  0.000  0.367  0.000  0.000 -0.130  0.000  0.049  0.087  0.000  0.149  0.311  0.108  0.049  0.379  0.161  0.000  0.129  0.000
V        0.053  0.000  0.000  0.069  0.019  0.000  0.000 -0.008  0.231  0.197  0.143  0.145  0.075  0.339  0.194 -0.134 -0.127  0.091  0.000  0.000  0.000
W       -0.036  0.000  0.000  0.035  0.000  0.000  0.000  0.000  0.000  0.000  0.000  0.000 -0.043  0.000  0.000  0.000  0.000  0.000  0.000  0.000  0.000
Y        0.000  0.000  0.000 -0.282  0.000  0.000  0.000  0.000  0.000  0.000  0.000  0.000  0.000  0.000  0.071  0.000  0.000  0.000  0.000  0.000  0.000
X        0.000  0.000  0.000  0.000  0.000  0.000 -0.005  0.105  0.000  0.000  0.000  0.000  0.049  0.000  0.000  0.000  0.000  0.086  0.000  0.000  0.000
i+2/i     A      C      D      E      F      G      H      I      K      L      M      N      P      Q      R      S      T      V      W      Y      X
A        0.000  0.000  0.189  0.000  0.000  0.000  0.000  0.000  0.152 -0.054  0.019  0.000  0.180  0.083 -0.046  0.000  0.105  0.275  0.000  0.000  0.000
C        0.000  0.000  0.000  0.000  0.000  0.000  0.000  0.000  0.000  0.000  0.000  0.000  0.000  0.000  0.000  0.000  0.000  0.236  0.000  0.000  0.000
D        0.270  0.000  0.000  0.280  0.111  0.000  0.000 -0.114  0.236 -0.042  0.000  0.000  0.000 -0.121  0.000  0.000 -0.285 -0.227  0.000  0.000  0.000
E        0.000  0.000  0.000  0.000  0.000  0.000  0.000  0.097  0.341  0.236 -0.137  0.000 -0.056  0.072  0.000  0.000  0.000 -0.045 -0.252 -0.265  0.000
F        0.000  0.000  0.000  0.000  0.089  0.000  0.000  0.000  0.115  0.000  0.000  0.000  0.000  0.000  0.000  0.000  0.000  0.057  0.000  0.000  0.000
G        0.000  0.000  0.000  0.000  0.000  0.000  0.000  0.000  0.000  0.000  0.000  0.000  0.000  0.000  0.000  0.000  0.371  0.000  0.000  0.000  0.000
H        0.000  0.000  0.000  0.000  0.000  0.000  0.000  0.000 -0.187 -0.295  0.000  0.000  0.000  0.000  0.000  0.000 -0.037  0.000  0.000  0.000  0.000
I        0.000  0.000  0.292  0.000  0.000  0.000  0.000 -0.038  0.037  0.091  0.000  0.000  0.000  0.000  0.203 -0.137  0.077  0.024  0.000  0.000  0.358
K       -0.099  0.000  0.000  0.115 -0.352  0.000  0.000 -0.256  0.351 -0.004  0.000  0.000  0.156  0.000  0.138  0.000  0.325  0.344  0.000  0.000  0.000
L        0.190  0.000  0.000  0.159  0.000  0.000  0.000  0.149  0.148  0.056  0.000  0.000  0.256  0.328  0.120  0.000  0.000  0.390  0.000 -0.004  0.000
M        0.000  0.000  0.000  0.000  0.000  0.000  0.000  0.000  0.000  0.000  0.000  0.000  0.000  0.039  0.000  0.010  0.000  0.000  0.000  0.153  0.000
N        0.000  0.000  0.000  0.000  0.000  0.000  0.000  0.040  0.000 -0.251  0.000  0.000 -0.174  0.000  0.027  0.000  0.000  0.000  0.000  0.000  0.000
P        0.015  0.000  0.006 -0.116  0.278  0.000  0.101  0.024  0.117 -0.002  0.000 -0.094  0.117  0.006 -0.069  0.096 -0.120 -0.182  0.132  0.014  0.000
Q        0.000  0.000  0.000 -0.067  0.000  0.000 -0.005  0.000  0.000 -0.018  0.250  0.000  0.101  0.000  0.000  0.000  0.000  0.000  0.000  0.000  0.000
R        0.000  0.000  0.000  0.000 -0.179  0.000  0.000  0.274 -0.192  0.297  0.000  0.000  0.120  0.000  0.000  0.000 -0.087  0.287  0.000  0.000  0.000
S        0.129  0.000  0.000 -0.159 -0.120  0.000  0.000  0.171 -0.076 -0.141  0.167  0.000  0.063  0.000 -0.132  0.000 -0.332 -0.052  0.000  0.000  0.000
T        0.000  0.000  0.000 -0.067  0.328  0.000  0.000  0.000 -0.252 -0.171  0.399  0.000  0.106 -0.003  0.000  0.000  0.000  0.034  0.000  0.000 -0.056
V       -0.071  0.000  0.000  0.134  0.340  0.000  0.000  0.301  0.097  0.144  0.000  0.000  0.057  0.000  0.059  0.053 -0.088  0.106  0.000  0.000  0.367
W        0.000  0.000  0.000  0.000  0.000  0.000  0.000  0.106  0.000  0.000  0.000  0.000  0.000  0.000  0.000  0.034  0.000  0.000  0.000  0.000  0.000
Y        0.000  0.000  0.000  0.000  0.000  0.000  0.000 -0.307  0.000  0.000  0.000  0.000  0.000  0.000  0.000  0.000  0.000  0.000  0.000  0.000  0.000
X        0.000  0.000  0.000  0.000  0.000  0.000  0.000  0.000  0.000  0.000  0.000  0.000  0.000  0.000 -0.066  0.000  0.000  0.119  0.000  0.000  0.000
