i-1/i     A      C      D      E      F      G      H      I      K      L      M      N      P      Q      R      S      T      V      W      Y      X
A       -0.110  0.098  0.039  0.063  0.014 -0.054  0.163 -0.083 -0.014 -0.064 -0.193 -0.131  0.000  0.114 -0.042 -0.247 -0.001 -0.102 -0.306 -0.118  0.021
C        0.102  0.204  0.032  0.031 -0.070 -0.312 -0.047  0.099  0.127  0.312  0.304  0.043  0.000 -0.314  0.064 -0.009  0.069  0.030  0.572 -0.246  0.000
D       -0.076 -0.028 -0.551 -0.025 -0.102  0.037 -0.406 -0.185 -0.231 -0.140  0.129 -0.105  0.000 -0.044 -0.123 -0.056 -0.265 -0.106  0.276  0.039 -0.094
E        0.103  0.075 -0.007  0.036  0.069 -0.008  0.097  0.054 -0.029  0.040  0.180 -0.062  0.000  0.132  0.142 -0.217 -0.038  0.064  0.069  0.053  0.221
F        0.229 -0.196  0.007  0.109 -0.001  0.046  0.007  0.049  0.259  0.011  0.142 -0.090  0.000  0.049  0.187  0.053  0.055  0.023  0.141  0.229 -0.215
G       -0.419 -0.187 -0.309 -0.079 -0.313 -0.486 -0.201 -0.103 -0.186 -0.335 -0.318 -0.268  0.000 -0.124 -0.105 -0.135 -0.137 -0.217 -0.117 -0.335  0.325
H       -0.035  0.010  0.027  0.027  0.102 -0.043 -0.104 -0.047  0.031 -0.048  0.188  0.116  0.000 -0.117  0.023  0.098 -0.095 -0.082  0.161  0.062  0.011
I        0.088  0.045  0.116  0.083  0.060  0.180  0.088  0.036  0.102 -0.007  0.119  0.061  0.000  0.099  0.092  0.077  0.148  0.073  0.268  0.247 -0.129
K       -0.107  0.048 -0.156 -0.135  0.001 -0.121 -0.067  0.038 -0.014 -0.062 -0.114 -0.163  0.000 -0.171  0.053  0.081 -0.124  0.062 -0.060 -0.032  0.274
L       -0.000  0.007  0.003  0.040  0.209  0.093  0.120  0.149  0.081  0.081 -0.037  0.162  0.000  0.223  0.185  0.052  0.131  0.138  0.067  0.127 -0.171
M       -0.078  0.189 -0.041  0.203  0.153  0.219  0.493  0.090  0.081 -0.114  0.227 -0.250  0.000  0.264  0.113 -0.131  0.073  0.102 -0.233  0.298  0.025
N        0.068  0.090 -0.107 -0.103  0.201 -0.166 -0.018  0.135 -0.087  0.092  0.009  0.000  0.000 -0.158  0.025 -0.134 -0.011  0.085 -0.437  0.110 -0.224
P        0.047  0.000  0.000 -0.103 -0.088  0.157 -0.024 -0.169  0.127 -0.181 -0.191 -0.324  0.000  0.238  0.278 -0.117 -0.186 -0.089 -0.093 -0.023  0.000
Q        0.048  0.029  0.059  0.145 -0.006 -0.182 -0.497  0.043 -0.129  0.069 -0.058  0.169  0.000 -0.013 -0.066 -0.048 -0.160 -0.021  0.140  0.212  0.057
R        0.019 -0.038  0.031 -0.034  0.042 -0.055 -0.147  0.068 -0.028 -0.018 -0.060 -0.043  0.000  0.164  0.102  0.117 -0.088  0.036  0.048 -0.044  0.158
S        0.045 -0.010 -0.006 -0.040 -0.129 -0.169  0.142 -0.076 -0.047 -0.073 -0.180 -0.053  0.000  0.047 -0.013  0.009  0.088 -0.060 -0.114 -0.137  0.008
T        0.130 -0.007 -0.149  0.024  0.157  0.094 -0.026  0.161 -0.056  0.174  0.148 -0.319  0.000  0.134 -0.013  0.014  0.047  0.160 -0.071  0.064  0.119
V        0.117  0.047  0.020  0.112  0.177 -0.022 -0.028  0.082  0.143  0.061  0.124 -0.020  0.000  0.117  0.130  0.121  0.098  0.109  0.176  0.098  0.126
W        0.361 -0.089  0.208  0.324  0.177  0.308  0.277 -0.061  0.447  0.325  0.545  0.205  0.000  0.364  0.261  0.309  0.384  0.367  0.256  0.366  0.208
Y        0.124  0.000  0.028  0.160  0.042  0.124  0.132  0.032  0.139  0.015  0.204 -0.124  0.000  0.104  0.059  0.109 -0.011 -0.049  0.125  0.144 -0.100
X        0.386  0.000  0.000  0.411  0.367  0.000  0.000  0.202  0.346  0.273 -0.080  0.045  0.000  0.442  0.500  0.000 -0.067  0.075  0.484  0.188  0.243
i-2/i     A      C      D      E      F      G      H      I      K      L      M      N      P      Q      R      S      T      V      W      Y      X
A        0.028  0.026 -0.040  0.127  0.016  0.033  0.059  0.111  0.100  0.028 -0.149 -0.018  0.000  0.151  0.190 -0.107  0.049  0.060  0.210  0.001  0.016
C        0.000 -0.011 -0.311  0.429  0.057 -0.175  0.169 -0.042  0.350  0.092 -0.134  0.364  0.000  0.048 -0.320 -0.023 -0.180  0.083  0.236 -0.125  0.000
D        0.317  0.000 -0.181  0.189 -0.045 -0.104  0.184  0.153  0.020  0.002  0.217  0.029  0.000  0.274  0.079  0.228 -0.032 -0.028 -0.171 -0.032  0.000
E        0.009 -0.178  0.097  0.039  0.186 -0.195  0.277 -0.016  0.071  0.006  0.105  0.039  0.000  0.098  0.139  0.217  0.088  0.074  0.468  0.039 -0.047
F        0.182  0.061 -0.174 -0.016  0.090 -0.180 -0.033  0.134  0.125  0.082  0.063 -0.019  0.000  0.299  0.317  0.101  0.166  0.029  0.123  0.056  0.253
G        0.473  0.062  0.184  0.175  0.110  0.167 -0.005  0.115  0.174  0.038 -0.027 -0.147  0.000  0.234  0.215  0.397  0.217  0.136  0.303  0.236  0.406
H        0.139 -0.496  0.232  0.062  0.036  0.245  0.473  0.041  0.046 -0.180  0.157 -0.212  0.000  0.053  0.074  0.069  0.096  0.215  0.118  0.223  0.000
I       -0.024 -0.040 -0.150 -0.102  0.061 -0.182  0.134  0.068 -0.142  0.045  0.046  0.068  0.000  0.051 -0.019 -0.138 -0.047  0.108  0.079  0.053 -0.163
K       -0.031 -0.211  0.221  0.209  0.100 -0.088  0.153  0.075  0.087  0.045  0.069  0.054  0.000  0.162  0.289  0.010  0.106  0.066  0.134  0.108  0.283
L        0.073  0.078 -0.105  0.042  0.103  0.058 -0.144  0.018  0.057  0.048  0.116 -0.097  0.000  0.101  0.141 -0.097 -0.146  0.085 -0.301  0.048  0.328
M        0.224 -0.121  0.057  0.028  0.323 -0.008  0.232 -0.060  0.135  0.022 -0.327  0.172  0.000  0.000  0.058  0.145  0.244  0.119 -0.387 -0.052  0.000
N       -0.029  0.026  0.037  0.293  0.281 -0.179 -0.414  0.096 -0.108  0.058 -0.130 -0.087  0.000  0.088  0.074  0.067  0.049 -0.007  0.204  0.217  0.000
P       -0.332 -0.346 -0.075 -0.079 -0.035  0.194 -0.559 -0.335 -0.317 -0.109 -0.110 -0.194  0.000 -0.045 -0.216 -0.104 -0.096 -0.178 -0.015 -0.020  0.000
Q        0.081  0.074  0.025  0.301 -0.048 -0.031 -0.065  0.033  0.193  0.213  0.063  0.059  0.000  0.149  0.230  0.220  0.138  0.061  0.474  0.190  0.369
R        0.113  0.129  0.177  0.175  0.050  0.056  0.092  0.099  0.147  0.062  0.215  0.162  0.000  0.224  0.186  0.202  0.044  0.064  0.196  0.076 -0.053
S        0.145 -0.469  0.148  0.125  0.082  0.248  0.086 -0.006  0.042 -0.117  0.004  0.045  0.000  0.023  0.165  0.194  0.039 -0.081  0.138 -0.059  0.026
T        0.024 -0.400  0.022  0.111  0.052  0.027  0.169  0.109  0.171 -0.015 -0.077 -0.059  0.000  0.084  0.128  0.155  0.078  0.004  0.214  0.212 -0.212
V       -0.071  0.007 -0.086 -0.111  0.033 -0.003  0.102  0.060 -0.026  0.069  0.067 -0.090  0.000  0.028 -0.070 -0.044  0.110  0.090 -0.173 -0.014  0.423
W        0.173  0.188  0.180  0.107  0.022  0.385 -0.407  0.212  0.101 -0.081  0.063  0.474  0.000 -0.066  0.027  0.001 -0.123  0.237 -0.164  0.248  0.000
Y        0.136  0.042  0.193 -0.058 -0.004 -0.108  0.044 -0.034  0.202  0.028  0.137 -0.215  0.000  0.272  0.088 -0.073  0.138  0.100  0.158  0.292 -0.096
X       -0.092  0.000 -0.096  0.000 -0.106  0.000  0.000  0.148 -0.343  0.140  0.000  0.087  0.000  0.253 -0.346  0.043  0.204 -0.061  0.000 -0.162 -0.180
i+1/i     A      C      D      E      F      G      H      I      K      L      M      N      P      Q      R      S      T      V      W      Y      X
A       -0.165 -0.252 -0.180 -0.070 -0.025 -0.166 -0.324 -0.036  0.030 -0.036 -0.223 -0.138  0.000 -0.129 -0.015 -0.130 -0.153 -0.017  0.074 -0.175  0.317
C       -0.204 -0.534 -0.185  0.014 -0.006 -0.011 -0.223  0.003  0.083  0.048 -0.494 -0.378  0.000 -0.077  0.065 -0.069 -0.038 -0.115  0.244 -0.059  0.000
D        0.175 -0.262 -0.054 -0.175  0.033 -0.198  0.252  0.073  0.126  0.152 -0.295 -0.299  0.000 -0.050  0.118  0.082 -0.033 -0.024 -0.162 -0.109  0.109
E        0.022 -0.076 -0.223 -0.157 -0.044 -0.095 -0.091 -0.062 -0.105 -0.022 -0.210 -0.081  0.000  0.066 -0.237  0.067 -0.059 -0.020 -0.410 -0.122  0.284
F       -0.125 -0.133 -0.052 -0.061 -0.169 -0.153 -0.094 -0.162 -0.364 -0.167 -0.290 -0.225  0.000 -0.384 -0.110 -0.296 -0.277 -0.203 -0.058 -0.335 -0.262
G        0.096 -0.234  0.016 -0.055 -0.150 -0.324 -0.207  0.001  0.047 -0.305 -0.328  0.170  0.000 -0.128  0.023 -0.143 -0.080 -0.124 -0.214 -0.323  0.286
H       -0.196 -0.270  0.475 -0.077 -0.195  0.004 -0.076  0.141 -0.026  0.025  0.001 -0.000  0.000 -0.122 -0.105 -0.099 -0.135 -0.036  0.008 -0.017  0.000
I       -0.015 -0.082 -0.250 -0.078 -0.087 -0.110  0.064 -0.040 -0.148 -0.132 -0.096 -0.096  0.000 -0.012  0.029 -0.331 -0.133 -0.130  0.117 -0.063 -0.082
K       -0.015 -0.294 -0.090 -0.096  0.015 -0.175  0.113 -0.097 -0.013  0.056  0.049 -0.255  0.000 -0.041 -0.036 -0.007  0.018  0.092 -0.008  0.166  0.066
L       -0.003  0.067 -0.120 -0.079  0.053  0.011 -0.090 -0.031 -0.120 -0.070  0.034 -0.097  0.000 -0.036 -0.087 -0.185 -0.049 -0.045  0.022  0.040  0.062
M        0.089  0.410 -0.211  0.005 -0.089 -0.040  0.175 -0.153 -0.121  0.001  0.143  0.056  0.000 -0.172 -0.122  0.241  0.005  0.012  0.173  0.164 -0.499
N       -0.027 -0.332  0.043 -0.188  0.012 -0.436  0.397 -0.071  0.062 -0.065  0.177  0.239  0.000  0.038 -0.057 -0.227  0.135  0.020  0.058  0.103 -0.371
P        0.190  0.000  0.000  0.203  0.096 -0.372 -0.383  0.196 -0.281  0.037 -0.322  0.000  0.000 -0.070 -0.185  0.172  0.085  0.020  0.169 -0.213  0.000
Q       -0.062 -0.455 -0.124  0.086 -0.217 -0.182 -0.359 -0.005 -0.096  0.058  0.077  0.045  0.000 -0.398 -0.086 -0.067 -0.049 -0.070 -0.078 -0.209 -0.020
R        0.082  0.029 -0.313 -0.060  0.089 -0.205 -0.334 -0.046  0.110 -0.125 -0.099  0.097  0.000  0.108 -0.079  0.213  0.082 -0.052 -0.043  0.055 -0.253
S       -0.166 -0.466 -0.336 -0.124 -0.170 -0.013  0.094 -0.098 -0.010  0.042  0.199 -0.113  0.000 -0.230 -0.003  0.042 -0.025 -0.042 -0.469  0.046  0.000
T       -0.075  0.114 -0.279 -0.162 -0.001 -0.191 -0.051  0.018 -0.107  0.039 -0.102  0.015  0.000 -0.215 -0.225 -0.066 -0.054  0.038  0.005 -0.008  0.118
V       -0.252 -0.060 -0.153 -0.025 -0.023 -0.056 -0.168 -0.037 -0.096 -0.129 -0.101 -0.087  0.000 -0.148 -0.126 -0.090 -0.048 -0.086 -0.131 -0.015 -0.034
W       -0.525  0.100 -0.018 -0.423 -0.065 -0.139 -0.277 -0.055 -0.267  0.102  0.220 -0.482  0.000 -0.467 -0.375 -0.139  0.031 -0.220  0.000 -0.207 -0.197
Y       -0.305  0.436 -0.132 -0.028 -0.063 -0.214 -0.297 -0.049 -0.383 -0.123  0.066 -0.145  0.000 -0.320 -0.233 -0.312 -0.163 -0.206 -0.027 -0.126 -0.373
X       -0.128  0.000 -0.463  0.055 -0.403 -0.390 -0.162 -0.465 -0.498 -0.199 -0.128  0.310  0.000  0.080  0.153  0.055 -0.126 -0.108  0.151 -0.105 -0.026
i+2/i     A      C      D      E      F      G      H      I      K      L      M      N      P      Q      R      S      T      V      W      Y      X
A       -0.157 -0.272 -0.053 -0.161 -0.262 -0.055 -0.350 -0.076 -0.050 -0.040  0.114 -0.177  0.000 -0.006  0.074 -0.169 -0.217 -0.057  0.061  0.076 -0.160
C       -0.239 -0.361  0.000 -0.083 -0.050 -0.066  0.193  0.067 -0.166 -0.035 -0.426 -0.188  0.000 -0.138 -0.043  0.612 -0.088  0.157 -0.066 -0.090  0.000
D       -0.194 -0.111 -0.273 -0.065 -0.160 -0.039 -0.173 -0.115 -0.101 -0.041 -0.347 -0.014  0.000  0.158  0.054 -0.169 -0.204 -0.074 -0.595 -0.129  0.147
E       -0.133 -0.351 -0.059 -0.058 -0.276 -0.195  0.118 -0.116 -0.169 -0.189  0.030 -0.135  0.000 -0.034 -0.266 -0.202 -0.092 -0.141 -0.487 -0.180  0.000
F        0.015  0.000  0.145 -0.081 -0.090 -0.085 -0.243  0.039 -0.111 -0.097 -0.019 -0.462  0.000 -0.134 -0.060 -0.052 -0.085 -0.039  0.238 -0.038  0.018
G       -0.237 -0.570 -0.260 -0.014  0.021 -0.162 -0.265 -0.018 -0.036  0.048 -0.324 -0.281  0.000 -0.122 -0.200 -0.044 -0.029 -0.063  0.078 -0.142  0.000
H       -0.426 -0.250 -0.075  0.058 -0.063 -0.290  0.332 -0.084 -0.047  0.012 -0.205 -0.212  0.000 -0.067 -0.166  0.309  0.046 -0.272 -0.303 -0.169  0.000
I        0.034 -0.096 -0.310 -0.081 -0.054 -0.369  0.007 -0.038 -0.079 -0.012 -0.313 -0.187  0.000  0.046 -0.131 -0.143 -0.077  0.013  0.108  0.038  0.526
K       -0.190 -0.325 -0.055 -0.069 -0.100 -0.242 -0.230 -0.082 -0.060 -0.142  0.067 -0.106  0.000 -0.186 -0.085 -0.226 -0.168 -0.155 -0.221 -0.248 -0.237
L       -0.148 -0.153 -0.253 -0.039 -0.066 -0.190 -0.060  0.009 -0.102 -0.036 -0.076 -0.023  0.000 -0.247 -0.040 -0.240 -0.061 -0.068  0.200 -0.224  0.013
M        0.489  0.152  0.114 -0.135  0.109 -0.482 -0.205 -0.046 -0.122 -0.093 -0.165 -0.109  0.000 -0.516 -0.099  0.148  0.054  0.029 -0.051 -0.181  0.000
N       -0.270  0.214 -0.140 -0.322  0.084  0.034 -0.529 -0.003 -0.188 -0.189 -0.145  0.032  0.000 -0.216 -0.055 -0.328 -0.130 -0.111  0.008  0.154 -0.459
P       -0.058  0.392  0.049 -0.413 -0.120 -0.266 -0.317 -0.204  0.000 -0.330 -0.149 -0.082  0.000 -0.314  0.096 -0.050 -0.187 -0.461 -0.025 -0.207 -0.143
Q       -0.417 -0.566 -0.087 -0.154 -0.062 -0.165 -0.177 -0.372 -0.125  0.007  0.000 -0.089  0.000 -0.131 -0.022 -0.390  0.070 -0.051 -0.184 -0.013  0.108
R       -0.090 -0.263  0.000 -0.025 -0.086 -0.176  0.119 -0.021 -0.150  0.023 -0.016 -0.386  0.000 -0.225 -0.055 -0.339 -0.038 -0.074 -0.189 -0.412 -0.187
S       -0.359 -0.306 -0.155 -0.071 -0.008 -0.256 -0.100 -0.002  0.040 -0.108 -0.035  0.172  0.000  0.025 -0.121 -0.121  0.078 -0.212 -0.173  0.062 -0.283
T       -0.099  0.162 -0.126  0.007  0.063 -0.126 -0.211 -0.134 -0.108 -0.283 -0.077 -0.030  0.000 -0.262 -0.115 -0.093 -0.067 -0.210 -0.364 -0.062  0.020
V        0.072  0.028 -0.273 -0.192  0.040 -0.089 -0.081 -0.060 -0.144 -0.030 -0.059 -0.113  0.000 -0.157 -0.130 -0.209 -0.112  0.001 -0.049 -0.026  0.179
W       -0.142  0.000 -0.169 -0.119 -0.088 -0.146 -0.146  0.249 -0.288 -0.082 -0.253  0.188  0.000  0.085 -0.327 -0.218 -0.461 -0.007 -0.400 -0.304  0.000
Y        0.025 -0.358 -0.262 -0.169 -0.012 -0.046 -0.307 -0.011 -0.216 -0.023 -0.123  0.123  0.000 -0.312 -0.174 -0.016 -0.193 -0.049 -0.015 -0.135  0.010
X       -0.272  0.000  0.000 -0.513 -0.323 -0.254  0.000  0.028  0.182  0.012  0.000  0.000  0.000 -0.426 -0.569 -0.001 -0.076  0.005  0.000  0.123  0.130
