i-1/i     A      C      D      E      F      G      H      I      K      L      M      N      P      Q      R      S      T      V      W      Y      X
A       -0.012  0.000 -0.060  0.009  0.224  0.003 -0.081  0.074  0.114  0.237  0.025 -0.201  0.000  0.206  0.220  0.010  0.046  0.080 -0.245  0.345 -0.034
C        0.430  0.000  0.000  0.056  0.000  0.024  0.428  0.309  0.463  0.472  0.000 -0.270  0.000  0.395  0.423  0.405  0.328  0.000  0.000  0.000  0.000
D       -0.105  0.040  0.171 -0.158  0.154  0.010 -0.077  0.113 -0.068 -0.032 -0.009  0.066  0.000  0.011 -0.091 -0.213 -0.106  0.015 -0.014  0.025 -0.056
E        0.107  0.228  0.114  0.019 -0.241  0.248 -0.002  0.340  0.116  0.153  0.039  0.131  0.000 -0.057  0.082  0.045  0.050  0.112  0.118  0.393  0.000
F        0.027  0.281  0.034  0.051  0.027  0.242  0.227  0.242  0.031 -0.149  0.000  0.049  0.000  0.172  0.144 -0.077  0.000  0.180  0.000  0.514  0.000
G       -0.010 -0.210 -0.121 -0.195 -0.098 -0.010 -0.325 -0.166 -0.195 -0.150 -0.160 -0.193  0.000 -0.207 -0.121 -0.096 -0.098 -0.116 -0.165 -0.167 -0.173
H        0.099  0.000 -0.069  0.007  0.000 -0.041  0.109  0.280 -0.007  0.165 -0.064  0.036  0.000  0.110  0.238 -0.046 -0.039  0.000  0.036 -0.339  0.000
I        0.243  0.402  0.086  0.126 -0.233  0.017  0.172 -0.053  0.128  0.137  0.367  0.154  0.000  0.297  0.131  0.130  0.139  0.339  0.000  0.328  0.000
K       -0.097 -0.032 -0.054 -0.022 -0.016  0.194 -0.362  0.211  0.049  0.177 -0.105 -0.110  0.000 -0.133 -0.018  0.096 -0.152  0.138  0.049  0.023  0.137
L       -0.082  0.209  0.029  0.045 -0.288  0.066  0.388 -0.298  0.044  0.103  0.330  0.038  0.000  0.087  0.294 -0.029  0.276  0.142  0.366 -0.207  0.000
M       -0.076  0.000  0.117  0.046 -0.536  0.073  0.090  0.463 -0.006  0.062 -0.086  0.158  0.000  0.365  0.129  0.145  0.179  0.289  0.069  0.000  0.000
N       -0.116 -0.126 -0.054 -0.023  0.394  0.032  0.000  0.065  0.021 -0.026 -0.035 -0.045  0.000 -0.264  0.003 -0.079  0.014  0.034 -0.113  0.065 -0.101
P        0.080  0.048 -0.082  0.224 -0.324  0.092 -0.178  0.099  0.057  0.279  0.155  0.008  0.000  0.257  0.167  0.082  0.180  0.162  0.275 -0.029  0.050
Q        0.106  0.421 -0.004 -0.012  0.183 -0.067  0.037 -0.049  0.120  0.113 -0.152  0.161  0.000 -0.005 -0.138  0.074 -0.058  0.240  0.109  0.298  0.000
R       -0.064  0.331  0.111  0.135  0.123 -0.033  0.011  0.186  0.117  0.173 -0.184  0.111  0.000  0.022  0.124  0.060  0.079  0.016  0.385  0.215  0.000
S        0.069  0.109  0.142  0.206  0.075  0.099  0.093  0.174  0.060  0.224  0.049  0.139  0.000  0.011  0.200  0.057  0.010  0.182  0.000  0.267  0.129
T        0.034  0.296  0.053  0.079  0.407 -0.013  0.003  0.327  0.070  0.159  0.153 -0.127  0.000  0.050  0.112 -0.098 -0.034  0.226  0.522  0.398 -0.112
V        0.091  0.064  0.091  0.008  0.323  0.087  0.300  0.218  0.191  0.411  0.119  0.176  0.000  0.126  0.202  0.094  0.082  0.312  0.403  0.387  0.000
W        0.000  0.000  0.140 -0.169  0.000 -0.070  0.000  0.356  0.000  0.159  0.000  0.379  0.000  0.246  0.000  0.000 -0.320  0.298  0.255  0.000  0.000
Y       -0.036  0.000  0.042  0.151  0.050  0.209 -0.352  0.414 -0.133  0.041  0.000  0.095  0.000  0.175 -0.112  0.306  0.301 -0.264  0.000  0.455  0.000
X        0.000  0.000  0.092  0.000  0.000  0.040  0.000  0.000  0.000  0.000  0.000  0.488  0.000  0.000  0.053  0.284  0.421  0.000  0.000  0.000  0.000
i-2/i     A      C      D      E      F      G      H      I      K      L      M      N      P      Q      R      S      T      V      W      Y      X
A        0.057  0.127 -0.154  0.092 -0.261 -0.024  0.232  0.251  0.036  0.049 -0.103 -0.022  0.000  0.036 -0.022 -0.058  0.084  0.150  0.350 -0.261 -0.000
C       -0.193  0.000  0.000  0.000  0.000  0.000  0.000  0.000  0.464  0.000  0.000  0.000  0.000  0.115  0.000 -0.139 -0.250  0.000 -0.347  0.000  0.000
D        0.012  0.142 -0.053 -0.015 -0.003  0.105  0.133  0.217  0.126  0.191  0.138  0.195  0.000  0.068  0.028  0.091 -0.261  0.088  0.290 -0.080  0.000
E       -0.020  0.000  0.094 -0.012  0.448  0.123 -0.307  0.266  0.207  0.097  0.263 -0.042  0.000 -0.092  0.175  0.026  0.082  0.188  0.396  0.048  0.075
F       -0.049  0.000 -0.028  0.136 -0.344 -0.146  0.000  0.352 -0.157  0.278  0.000 -0.321  0.000 -0.117 -0.173 -0.210  0.245  0.113 -0.616  0.588  0.000
G        0.142 -0.204  0.160  0.126  0.258  0.147 -0.069  0.256  0.117  0.033  0.220  0.136  0.000  0.050  0.099  0.191  0.198  0.235  0.328  0.039 -0.042
H        0.149  0.000  0.288  0.274  0.194  0.359  0.261  0.142 -0.235  0.284  0.226  0.134  0.000  0.342  0.058  0.029 -0.022  0.040  0.000  0.000  0.000
I       -0.009  0.163 -0.172 -0.067  0.000  0.063  0.022  0.322  0.114  0.106 -0.222 -0.040  0.000  0.039  0.083 -0.083  0.133  0.056  0.000  0.172  0.000
K       -0.015  0.070  0.137  0.106 -0.179  0.030 -0.251  0.253  0.099  0.286 -0.115  0.179  0.000  0.032  0.019  0.038  0.137  0.024  0.238  0.383  0.000
L       -0.031 -0.056 -0.098  0.073  0.011  0.129 -0.073 -0.046  0.091  0.065 -0.054  0.035  0.000  0.173  0.092  0.007 -0.129  0.085 -0.222  0.146  0.000
M       -0.005  0.000 -0.129  0.086  0.096  0.263  0.129  0.119  0.195  0.222 -0.293 -0.091  0.000  0.017  0.315  0.015  0.089  0.279  0.000  0.246  0.000
N       -0.218  0.000  0.249 -0.046 -0.042  0.105  0.339  0.153  0.022  0.116 -0.026  0.093  0.000  0.099  0.035  0.125  0.000  0.311  0.000 -0.002  0.000
P       -0.066  0.133 -0.135 -0.106 -0.288  0.069 -0.256 -0.234  0.086 -0.098 -0.110 -0.092  0.000 -0.171  0.144  0.059 -0.036 -0.065  0.248  0.265  0.275
Q        0.212  0.000  0.224  0.210  0.140  0.239  0.455  0.005  0.036  0.482 -0.018 -0.040  0.000  0.023  0.281  0.176  0.341  0.000 -0.297  0.283 -0.309
R        0.128  0.203  0.104  0.069  0.132  0.183  0.065  0.297  0.134  0.410  0.095  0.164  0.000  0.069  0.123  0.141  0.163  0.024  0.000  0.368  0.000
S        0.083 -0.165  0.042  0.023 -0.146  0.173  0.130 -0.002  0.033  0.014  0.122  0.120  0.000 -0.084  0.100  0.035  0.087  0.034  0.357  0.384  0.057
T        0.076  0.407  0.009 -0.057  0.167  0.101 -0.148  0.363  0.044  0.141  0.154  0.118  0.000  0.127 -0.144  0.147  0.134 -0.003  0.578  0.218  0.400
V       -0.120  0.221  0.110 -0.273 -0.406  0.084 -0.138  0.178 -0.089  0.224  0.000 -0.043  0.000  0.036  0.088 -0.212  0.058  0.179 -0.113 -0.347  0.000
W        0.008  0.000  0.315  0.392 -0.205  0.000  0.603  0.038 -0.121  0.000  0.000 -0.373  0.000 -0.217  0.315  0.002 -0.087  0.000  0.000  0.000  0.000
Y        0.219  0.103 -0.271 -0.310  0.035 -0.014  0.206  0.095  0.196  0.455  0.000 -0.030  0.000  0.012 -0.208 -0.054 -0.385  0.290  0.000 -0.039  0.000
X        0.000  0.000 -0.063  0.037  0.000  0.546  0.000  0.000  0.000  0.000  0.296  0.197  0.000  0.000  0.000 -0.363  0.000 -0.075  0.000  0.000  0.000
i+1/i     A      C      D      E      F      G      H      I      K      L      M      N      P      Q      R      S      T      V      W      Y      X
A        0.003 -0.175  0.016  0.042 -0.137 -0.022 -0.228  0.225 -0.077  0.100 -0.048 -0.003  0.000  0.210  0.125  0.009  0.010  0.018  0.000  0.105  0.000
C       -0.308  0.000  0.105 -0.139 -0.664  0.034  0.000  0.000  0.201  0.382  0.000 -0.035  0.000  0.236  0.087  0.000 -0.226  0.064  0.000  0.000  0.000
D       -0.039 -0.142  0.115 -0.004 -0.021  0.052 -0.342 -0.038  0.033  0.246  0.213  0.005  0.000  0.069 -0.164 -0.119  0.012  0.092 -0.099 -0.049  0.000
E        0.028  0.234  0.129 -0.022 -0.110  0.040 -0.243  0.159  0.154  0.156  0.215 -0.184  0.000  0.100  0.121 -0.003  0.032  0.147  0.406  0.500  0.165
F       -0.048  0.000 -0.140  0.135  0.213 -0.169 -0.082 -0.111  0.154  0.228  0.252  0.019  0.000  0.129  0.051 -0.273 -0.160 -0.054  0.278  0.013  0.000
G        0.077  0.171  0.012  0.072  0.580  0.024 -0.266  0.102  0.036  0.286  0.139 -0.055  0.000 -0.029  0.096  0.114  0.057 -0.014  0.278  0.246 -0.154
H        0.027 -0.160  0.117 -0.011  0.264 -0.061  0.073 -0.402  0.040  0.227 -0.185  0.000  0.000  0.169 -0.140 -0.060 -0.449  0.251  0.394 -0.012  0.000
I       -0.178  0.453 -0.046  0.088 -0.156 -0.219  0.099  0.268 -0.085  0.273  0.053 -0.134  0.000  0.233 -0.159 -0.032  0.172  0.064  0.247  0.363  0.000
K       -0.149 -0.220 -0.059  0.100  0.322  0.016  0.188  0.122 -0.051  0.067 -0.210 -0.074  0.000 -0.098  0.006 -0.069  0.084 -0.002  0.055  0.222  0.000
L       -0.138  0.183  0.097  0.082 -0.130 -0.123 -0.119  0.037 -0.084 -0.084  0.204  0.008  0.000 -0.067 -0.027 -0.114  0.034  0.202  0.139  0.405  0.000
M        0.111  0.000 -0.187 -0.026  0.415 -0.033  0.168  0.345 -0.057  0.492  0.138  0.121  0.000  0.050  0.000 -0.056  0.100  0.027  0.000  0.000  0.000
N        0.238  0.000  0.137 -0.076 -0.215  0.072 -0.467  0.252  0.131  0.005  0.121 -0.076  0.000  0.167  0.055  0.176  0.004  0.103 -0.067  0.128  0.059
P       -0.023  0.257 -0.078 -0.114 -0.221 -0.063 -0.007 -0.001 -0.097 -0.030 -0.158  0.188  0.000  0.025 -0.106 -0.206 -0.057  0.103  0.175  0.088  0.025
Q        0.178 -0.427  0.057  0.018 -0.025  0.077 -0.325  0.271 -0.035  0.147 -0.147  0.117  0.000 -0.052  0.094 -0.066  0.001  0.092  0.560 -0.302 -0.200
R        0.152  0.100  0.131  0.048  0.008 -0.058  0.126  0.051  0.105  0.158  0.167  0.030  0.000 -0.126 -0.027  0.042 -0.094  0.104 -0.243  0.111  0.000
S        0.037 -0.209  0.053  0.085  0.233  0.171 -0.128  0.121  0.036  0.163  0.088  0.266  0.000 -0.083 -0.064  0.029  0.114  0.108 -0.452  0.252  0.353
T        0.080  0.105  0.077  0.028  0.070  0.028 -0.051  0.199  0.044 -0.049 -0.152  0.222  0.000  0.035  0.212  0.011  0.147  0.061  0.282  0.267  0.000
V        0.093  0.000  0.129 -0.125  0.262 -0.212 -0.074  0.459  0.010  0.129  0.219  0.038  0.000 -0.238 -0.052 -0.018  0.016  0.061  0.068  0.252  0.000
W        0.000  0.000  0.431 -0.076  0.000 -0.143  0.000  0.000  0.080  0.000  0.000 -0.031  0.000  0.086 -0.187  0.063 -0.061  0.366 -0.356  0.000  0.000
Y        0.320  0.000 -0.025 -0.089  0.186 -0.308 -0.296  0.190 -0.284  0.054  0.000 -0.008  0.000 -0.050  0.137  0.020 -0.167 -0.100  0.000  0.147  0.000
X        0.280  0.000  0.076  0.000  0.000  0.376  0.000  0.000  0.015 -0.129  0.000 -0.161  0.000  0.000  0.000  0.130  0.086  0.000  0.000  0.000 -0.175
i+2/i     A      C      D      E      F      G      H      I      K      L      M      N      P      Q      R      S      T      V      W      Y      X
A        0.092  0.031  0.037  0.182  0.094  0.097 -0.343  0.256 -0.102  0.216  0.084  0.046  0.000  0.099 -0.151 -0.091  0.013  0.132  0.641  0.131  0.000
C       -0.227 -0.107  0.216  0.000  0.000 -0.017  0.000  0.000 -0.042 -0.106  0.000  0.000  0.000  0.000  0.285  0.182 -0.151  0.346  0.000 -0.613  0.000
D        0.167  0.000  0.040  0.095  0.188 -0.093 -0.472  0.228  0.033  0.218  0.000  0.032  0.000  0.128 -0.124 -0.058  0.105  0.149  0.553  0.396 -0.036
E        0.045  0.000 -0.013  0.052  0.036  0.047 -0.028  0.477 -0.057  0.093  0.183 -0.016  0.000  0.121 -0.075 -0.095 -0.002  0.003  0.135  0.131 -0.033
F       -0.078  0.000 -0.165 -0.390  0.474  0.046 -0.443  0.000 -0.087  0.253 -0.240  0.294  0.000 -0.008  0.009 -0.064  0.133  0.215  0.169 -0.112  0.000
G        0.113  0.000 -0.015  0.047  0.075  0.006 -0.139  0.261 -0.040  0.150  0.275 -0.059  0.000 -0.037  0.023 -0.077 -0.052  0.243  0.000  0.195  0.000
H       -0.129  0.000 -0.016 -0.064  0.000 -0.137  0.155  0.306 -0.074  0.325  0.287 -0.066  0.000  0.196 -0.233 -0.013  0.063  0.291  0.127  0.000  0.000
I        0.219  0.000  0.005 -0.151  0.257 -0.133  0.005  0.337 -0.089 -0.044 -0.206 -0.126  0.000 -0.053  0.029  0.014 -0.100 -0.191  0.177  0.313  0.000
K       -0.220 -0.160  0.027 -0.013  0.115 -0.020  0.019  0.324 -0.022  0.207  0.180  0.101  0.000 -0.199  0.012 -0.140  0.047  0.105  0.065  0.213  0.000
L        0.096  0.000  0.027  0.000  0.009 -0.208  0.114  0.049 -0.162 -0.199  0.064 -0.098  0.000 -0.128  0.068 -0.111 -0.102  0.181 -0.268 -0.087  0.000
M        0.037  0.144  0.007  0.272  0.000 -0.144 -0.114  0.126 -0.181 -0.003 -0.041 -0.093  0.000 -0.014  0.139 -0.048 -0.126  0.023  0.000 -0.298  0.008
N       -0.047  0.000  0.146 -0.093  0.705 -0.163 -0.408  0.273 -0.008  0.527  0.072  0.011  0.000  0.119 -0.035  0.070 -0.037  0.258  0.008 -0.397 -0.280
P       -0.070  0.145  0.014  0.009  0.105 -0.081  0.357 -0.098  0.027  0.177  0.051 -0.049  0.000 -0.113  0.046 -0.048 -0.061  0.058 -0.290  0.498  0.000
Q       -0.073 -0.036  0.047  0.062 -0.104 -0.049 -0.242  0.123  0.083  0.299  0.086  0.204  0.000 -0.019 -0.057  0.000 -0.062  0.143  0.377  0.174  0.000
R        0.259  0.000 -0.111 -0.009  0.189 -0.168 -0.081 -0.385 -0.033  0.149  0.213  0.070  0.000  0.142  0.087 -0.026  0.204  0.095  0.283  0.393  0.000
S        0.088 -0.216 -0.026  0.013  0.713 -0.038  0.094  0.201  0.132  0.158  0.282 -0.014  0.000  0.006  0.148  0.143  0.119  0.162  0.079  0.126  0.438
T        0.134 -0.227  0.112 -0.018 -0.036 -0.133  0.113  0.038 -0.082  0.234  0.028  0.086  0.000  0.098 -0.046  0.075  0.021  0.078 -0.056  0.188  0.000
V        0.039  0.000  0.116 -0.036 -0.112 -0.020 -0.028  0.348 -0.207  0.322 -0.144  0.018  0.000 -0.060 -0.114  0.142  0.148  0.085  0.000  0.019 -0.012
W       -0.013  0.046  0.118 -0.051 -0.574  0.092  0.000  0.000 -0.010 -0.305  0.000  0.000  0.000 -0.258  0.000 -0.166 -0.105  0.000  0.000  0.000  0.000
Y       -0.364  0.000  0.106 -0.168 -0.046  0.004 -0.034 -0.077  0.062  0.224  0.253 -0.092  0.000  0.120 -0.178  0.113 -0.052 -0.003  0.000  0.414  0.000
X       -0.106  0.000  0.000  0.413  0.000 -0.104  0.000  0.000  0.000  0.000  0.000  0.000  0.000  0.195  0.000  0.000  0.257  0.000  0.000  0.000  0.000
