i-1/i     A      C      D      E      F      G      H      I      K      L      M      N      P      Q      R      S      T      V      W      Y      X
A       -0.101 -0.111 -0.094 -0.114 -0.137 -0.061  0.109 -0.138 -0.062 -0.063 -0.072 -0.177  0.000 -0.019 -0.074 -0.085 -0.078 -0.088 -0.103 -0.073 -0.117
C       -0.168  0.075 -0.262 -0.168 -0.116 -0.292  0.081  0.306 -0.211  0.028 -0.019 -0.250  0.000 -0.081 -0.104 -0.241  0.002 -0.201  0.307  0.438  0.000
D       -0.178 -0.100 -0.128 -0.174 -0.069 -0.030 -0.421 -0.110 -0.154 -0.213 -0.136 -0.263  0.000 -0.171 -0.146 -0.155 -0.213 -0.187 -0.030 -0.101 -0.237
E       -0.058 -0.159 -0.125 -0.182  0.057 -0.144 -0.278 -0.095 -0.127 -0.042 -0.009 -0.221  0.000 -0.145 -0.201 -0.130 -0.016 -0.129 -0.000 -0.085 -0.204
F        0.266  0.175  0.123  0.202  0.136  0.100  0.060  0.158  0.225  0.199  0.256  0.078  0.000  0.166  0.201  0.203  0.130  0.239 -0.079  0.407  0.000
G       -0.146 -0.392 -0.095 -0.077 -0.202  0.072  0.000  0.007 -0.063 -0.031 -0.200  0.010  0.000 -0.242 -0.317 -0.074 -0.198  0.004  0.061 -0.127 -0.092
H        0.108  0.325  0.077 -0.100 -0.292 -0.067 -0.163  0.004 -0.123  0.173  0.163 -0.054  0.000  0.023  0.204  0.150  0.069 -0.042 -0.143 -0.090 -0.047
I        0.003 -0.149 -0.019 -0.037  0.002 -0.021  0.133  0.013 -0.002 -0.005  0.036 -0.044  0.000  0.078  0.054 -0.036 -0.003  0.028  0.168  0.058  0.042
K       -0.124 -0.297 -0.141 -0.153 -0.141 -0.189 -0.210 -0.074 -0.222 -0.150 -0.095 -0.217  0.000 -0.144 -0.217 -0.114 -0.193 -0.177 -0.219 -0.204 -0.074
L       -0.019 -0.002  0.025 -0.030  0.011 -0.056  0.091 -0.001  0.068  0.010  0.083  0.046  0.000  0.005  0.068 -0.057  0.011 -0.017  0.123 -0.038  0.099
M        0.011 -0.225  0.053  0.025 -0.022 -0.115  0.095  0.006  0.016 -0.076  0.048 -0.073  0.000  0.008 -0.012 -0.019 -0.032 -0.036 -0.015 -0.115  0.526
N       -0.039  0.199 -0.004 -0.138 -0.128 -0.130 -0.249  0.114 -0.060  0.004 -0.075  0.052  0.000  0.021 -0.089 -0.162 -0.020  0.021  0.048 -0.034 -0.193
P        0.014 -0.562  0.020  0.365 -0.566  0.113  0.000  0.000 -0.173 -0.322  0.000  0.239  0.000 -0.049 -0.065  0.140 -0.223 -0.566 -0.577  0.000 -0.157
Q       -0.073 -0.098 -0.008 -0.112 -0.105  0.046 -0.102  0.005 -0.079  0.001  0.021 -0.067  0.000 -0.084 -0.108 -0.032  0.043 -0.061 -0.061 -0.084 -0.491
R       -0.122 -0.233 -0.034 -0.127 -0.148 -0.120 -0.207 -0.088 -0.089 -0.061 -0.029 -0.193  0.000 -0.009 -0.100 -0.131 -0.181  0.019  0.064 -0.069 -0.144
S       -0.219 -0.170 -0.136 -0.261 -0.145 -0.108 -0.134 -0.140 -0.200 -0.235 -0.302 -0.080  0.000 -0.272 -0.238 -0.200 -0.181 -0.229 -0.149 -0.292  0.240
T       -0.089 -0.192 -0.246 -0.167 -0.093 -0.249 -0.169 -0.136 -0.162 -0.093 -0.012 -0.135  0.000  0.012 -0.075 -0.190 -0.075 -0.027 -0.565 -0.042 -0.219
V       -0.010  0.095  0.016 -0.012 -0.052 -0.060 -0.100 -0.019  0.028 -0.093  0.005 -0.082  0.000 -0.079 -0.103 -0.037 -0.078 -0.033 -0.002 -0.027 -0.184
W        0.152  0.441 -0.033  0.210  0.291  0.241 -0.179  0.465  0.074  0.271  0.109 -0.013  0.000 -0.012  0.223  0.125  0.248  0.291  0.524  0.205  0.000
Y        0.236  0.118  0.149  0.153  0.000 -0.041  0.154  0.202  0.173  0.203  0.109 -0.004  0.000  0.069  0.028  0.089 -0.086  0.064  0.092  0.202 -0.485
X        0.346  0.000  0.340  0.237  0.000  0.000  0.000  0.117  0.280  0.237 -0.242  0.000  0.000 -0.195 -0.392 -0.053 -0.207  0.000  0.000  0.000  0.000
i+1/i     A      C      D      E      F      G      H      I      K      L      M      N      P      Q      R      S      T      V      W      Y      X
A        0.009 -0.004  0.027 -0.026 -0.004 -0.021 -0.028  0.027  0.104  0.052  0.057  0.104  0.000  0.022  0.138  0.032  0.052  0.011  0.061  0.079  0.285
C       -0.034  0.158 -0.114  0.127  0.037  0.361  0.162 -0.045 -0.028  0.073 -0.192 -0.015  0.000  0.003  0.162  0.213  0.214  0.073 -0.007  0.084  0.000
D        0.177 -0.356  0.155  0.273  0.129  0.128  0.314  0.092  0.213  0.037  0.238  0.118  0.000  0.223  0.096  0.101  0.202  0.016 -0.045  0.082 -0.181
E        0.148 -0.047  0.097  0.239  0.105  0.104  0.142  0.019  0.186  0.093  0.184  0.092  0.000  0.191  0.113  0.167 -0.011  0.149  0.124  0.115  0.006
F       -0.112 -0.104 -0.049 -0.127 -0.103  0.019 -0.228 -0.149 -0.207 -0.182 -0.059 -0.036  0.000 -0.001 -0.231 -0.135 -0.073 -0.053 -0.121 -0.187 -0.152
G        0.177 -0.310  0.216  0.256  0.212  0.391  0.561  0.099  0.209  0.156  0.287  0.072  0.000  0.257  0.142  0.178 -0.003  0.311  0.255  0.147  0.000
H        0.174  0.059  0.182  0.088  0.008 -0.531  0.263  0.190 -0.027  0.075  0.123 -0.094  0.000  0.131 -0.001 -0.012 -0.029  0.185  0.481  0.025  0.000
I       -0.143 -0.061 -0.205 -0.260 -0.202 -0.106 -0.285 -0.184 -0.208 -0.207 -0.154 -0.218  0.000 -0.206 -0.157 -0.172 -0.152 -0.197 -0.127 -0.205  0.492
K        0.092  0.114  0.082  0.003  0.110  0.048  0.026  0.118  0.088  0.094  0.017  0.082  0.000  0.059  0.108 -0.016  0.013  0.006 -0.018  0.039  0.019
L       -0.127 -0.088 -0.126 -0.211 -0.089 -0.095 -0.132 -0.145 -0.189 -0.144 -0.199 -0.117  0.000 -0.146 -0.165 -0.120 -0.041 -0.240 -0.107 -0.144 -0.080
M       -0.082 -0.405 -0.138 -0.141  0.067 -0.052 -0.099 -0.194 -0.114 -0.147 -0.045 -0.079  0.000 -0.268 -0.032 -0.077 -0.123 -0.134 -0.051 -0.022 -0.247
N        0.173  0.218  0.268  0.171  0.107  0.175  0.095  0.118  0.114  0.126  0.210  0.198  0.000  0.166  0.094  0.230  0.019  0.291 -0.060  0.220  0.000
P       -0.011  0.000 -0.262  0.182  0.421  0.000  0.000  0.206  0.389  0.381 -0.283  0.000  0.000 -0.074  0.000 -0.190  0.360  0.264  0.262  0.000  0.000
Q       -0.016  0.036  0.177  0.040  0.162 -0.041  0.075  0.033  0.108  0.062  0.025  0.049  0.000 -0.003  0.042  0.101 -0.015  0.058  0.210  0.119 -0.209
R        0.055  0.044  0.034 -0.014  0.089  0.061  0.053  0.038 -0.028  0.023  0.162 -0.042  0.000  0.003  0.070 -0.012  0.017 -0.003 -0.118  0.061 -0.357
S        0.217  0.060  0.243  0.261  0.134  0.140 -0.019  0.154  0.233  0.134  0.089  0.282  0.000  0.253  0.118  0.104  0.104  0.154  0.091  0.148  0.350
T        0.149  0.116  0.024  0.233  0.027  0.156  0.142  0.195  0.088  0.152  0.102  0.122  0.000  0.146  0.148  0.008  0.042  0.161 -0.040 -0.022  0.162
V       -0.130 -0.269 -0.226 -0.232 -0.247 -0.025 -0.239 -0.125 -0.213 -0.165 -0.163 -0.158  0.000 -0.164 -0.195 -0.130 -0.112 -0.142 -0.148 -0.241 -0.029
W        0.030  0.029  0.104 -0.214 -0.304 -0.013 -0.308 -0.135 -0.037  0.052  0.271  0.021  0.000 -0.139 -0.108 -0.063 -0.052 -0.209 -0.306 -0.010  0.000
Y       -0.140  0.245  0.064 -0.167 -0.175 -0.131 -0.164 -0.083 -0.168 -0.162 -0.155 -0.023  0.000  0.166 -0.070 -0.016 -0.040 -0.147 -0.272 -0.056  0.000
X       -0.169  0.000 -0.323  0.045  0.000 -0.271  0.515  0.198  0.000  0.291  0.199 -0.128  0.000 -0.196  0.098  0.103 -0.091 -0.213  0.000 -0.198  0.000
i+2/i     A      C      D      E      F      G      H      I      K      L      M      N      P      Q      R      S      T      V      W      Y      X
A        0.015  0.122  0.074  0.103  0.121  0.016  0.116 -0.061  0.102  0.047  0.056  0.140  0.000  0.050  0.134  0.037  0.019 -0.021 -0.073 -0.030 -0.055
C       -0.028  0.000  0.073 -0.056 -0.189 -0.065  0.320  0.413  0.027  0.017  0.042 -0.092  0.000  0.210  0.161  0.010  0.093 -0.257 -0.231  0.000  0.000
D       -0.013 -0.381 -0.119  0.233 -0.055  0.011  0.101  0.065  0.197 -0.018  0.033 -0.242  0.000  0.095  0.150  0.026 -0.011  0.035 -0.223  0.016 -0.358
E        0.131 -0.044  0.047  0.110  0.086  0.066  0.013  0.076  0.172  0.024 -0.024 -0.090  0.000  0.066  0.115  0.029  0.050  0.018 -0.012  0.046  0.031
F       -0.026 -0.048  0.017 -0.011  0.218  0.047  0.100 -0.024  0.032  0.106  0.020  0.035  0.000  0.065  0.013  0.088 -0.052  0.016 -0.093  0.186 -0.034
G        0.076 -0.158  0.000  0.034  0.068  0.230 -0.175  0.061  0.169  0.037  0.005 -0.145  0.000  0.174  0.122  0.106  0.250  0.075  0.117 -0.055  0.000
H        0.111  0.294 -0.062  0.135 -0.178  0.175  0.129  0.156  0.042  0.027  0.197  0.113  0.000  0.126  0.039  0.103  0.221  0.137  0.027  0.186  0.000
I        0.002 -0.009  0.094 -0.075  0.060 -0.010 -0.123  0.125 -0.037  0.016  0.001 -0.038  0.000 -0.007  0.020  0.036  0.066  0.120 -0.156 -0.197 -0.366
K        0.073  0.203 -0.130 -0.071  0.020  0.098 -0.084 -0.042  0.105  0.062  0.003  0.030  0.000  0.040  0.057  0.109 -0.030 -0.004 -0.072  0.031  0.093
L       -0.006 -0.110  0.008 -0.034 -0.042  0.038 -0.043 -0.089  0.028 -0.034  0.053  0.051  0.000  0.002 -0.047  0.029  0.019 -0.086  0.078  0.027 -0.124
M        0.184  0.084 -0.161  0.021  0.174 -0.053 -0.041  0.043 -0.086  0.020  0.009  0.175  0.000  0.020 -0.078 -0.072  0.040 -0.004  0.148 -0.147  0.375
N        0.027 -0.021  0.107 -0.061 -0.057 -0.104  0.282 -0.085  0.111 -0.090  0.115 -0.173  0.000  0.161 -0.028 -0.050  0.003 -0.008 -0.104  0.059 -0.088
P        0.016  0.000  0.081 -0.306 -0.428  0.322  0.000 -0.477 -0.222 -0.110  0.091  0.000  0.000 -0.020 -0.133 -0.428 -0.285 -0.071 -0.307 -0.263  0.000
Q        0.069  0.111  0.013  0.079  0.055  0.142  0.062  0.079  0.128  0.082  0.020  0.189  0.000  0.199  0.107  0.043  0.090  0.118  0.317  0.012  0.145
R        0.058 -0.046 -0.073  0.041 -0.006  0.129 -0.212  0.058  0.113  0.012  0.164  0.037  0.000  0.008  0.013 -0.025 -0.037 -0.037  0.087 -0.039 -0.465
S        0.075 -0.084 -0.104  0.012 -0.054  0.105 -0.124  0.068 -0.072  0.068  0.064  0.040  0.000  0.148  0.037 -0.024  0.071  0.067 -0.138  0.111  0.349
T        0.011 -0.052  0.065  0.089  0.147  0.093  0.138  0.118  0.021  0.098 -0.022 -0.052  0.000  0.150  0.219  0.218  0.062  0.028  0.301  0.108  0.000
V       -0.054 -0.068  0.006  0.020 -0.056  0.086 -0.013 -0.020 -0.075  0.005 -0.005  0.122  0.000  0.011 -0.030  0.031 -0.050 -0.103 -0.381 -0.042 -0.337
W        0.045  0.497  0.041 -0.144  0.103  0.177 -0.290 -0.114  0.063  0.036  0.114  0.197  0.000 -0.045  0.111  0.226 -0.125  0.195  0.000 -0.022  0.000
Y       -0.083  0.059 -0.100  0.024 -0.140 -0.100  0.440  0.034  0.037  0.161 -0.067  0.140  0.000 -0.149 -0.135 -0.041  0.041  0.048 -0.351 -0.192  0.000
X        0.038  0.000  0.252  0.093  0.000  0.335  0.329  0.111 -0.251 -0.343  0.000 -0.427  0.000  0.000 -0.365  0.000 -0.433  0.360 -0.412 -0.005  0.000
i+3/i     A      C      D      E      F      G      H      I      K      L      M      N      P      Q      R      S      T      V      W      Y      X
A        0.009  0.071  0.053  0.067  0.054 -0.042  0.186  0.015  0.112  0.030 -0.021 -0.041  0.000  0.081  0.082  0.019 -0.042  0.084  0.040 -0.080  0.246
C        0.052 -0.086 -0.097 -0.067  0.135  0.187  0.000  0.262  0.381  0.198  0.363  0.133  0.000  0.220  0.247  0.268  0.357  0.345 -0.107  0.349  0.000
D       -0.115 -0.085 -0.045 -0.191 -0.373  0.015 -0.112 -0.233 -0.150 -0.148  0.021 -0.224  0.000 -0.134 -0.100 -0.033 -0.122 -0.384 -0.005 -0.283  0.000
E       -0.082 -0.401 -0.003 -0.085 -0.129  0.088 -0.077 -0.072 -0.069 -0.025  0.022 -0.036  0.000 -0.038 -0.173 -0.067  0.004 -0.240 -0.177 -0.074 -0.205
F        0.184  0.106  0.090  0.265  0.276  0.212  0.245  0.039  0.241  0.142  0.022 -0.024  0.000  0.355  0.266  0.135  0.127  0.101  0.297  0.275  0.000
G       -0.090 -0.318  0.030  0.007 -0.010  0.102 -0.227  0.003 -0.141  0.126  0.181  0.147  0.000  0.013  0.133 -0.019 -0.060 -0.074 -0.026 -0.157  0.000
H        0.269  0.451  0.138  0.020  0.020  0.020  0.076  0.150 -0.084 -0.043  0.122  0.177  0.000 -0.067 -0.066 -0.002 -0.073  0.082 -0.087 -0.009 -0.106
I        0.174 -0.007  0.114  0.242  0.188  0.116  0.192  0.100  0.209  0.090  0.039  0.003  0.000  0.128  0.142  0.021  0.027  0.077  0.045  0.168 -0.088
K       -0.071 -0.005 -0.085 -0.083 -0.131  0.062 -0.103 -0.142 -0.080 -0.042 -0.059  0.063  0.000 -0.059 -0.076  0.063  0.008 -0.200 -0.096 -0.317 -0.273
L        0.166 -0.009  0.166  0.220  0.106  0.147  0.043  0.139  0.245  0.135  0.093  0.100  0.000  0.151  0.231  0.175  0.172  0.098  0.120  0.071  0.018
M        0.117 -0.059 -0.005  0.238  0.219  0.027  0.098  0.151  0.106  0.098  0.095  0.451  0.000  0.105  0.045  0.259  0.332  0.224  0.492  0.091 -0.330
N        0.018  0.301 -0.078 -0.088 -0.059 -0.167 -0.044 -0.006 -0.106 -0.124 -0.041  0.057  0.000 -0.047 -0.117 -0.023 -0.041 -0.121 -0.001  0.153  0.202
P        0.108 -0.312  0.236 -0.395  0.000 -0.242 -0.564 -0.159 -0.358  0.000 -0.405  0.000  0.000  0.000 -0.525  0.000 -0.400  0.000 -0.584  0.469  0.000
Q       -0.103  0.058 -0.078  0.011 -0.027  0.075 -0.155 -0.042 -0.030  0.026 -0.029  0.057  0.000 -0.043 -0.063 -0.013  0.014  0.126 -0.167 -0.025  0.000
R        0.052 -0.347 -0.099 -0.044 -0.089  0.042 -0.070  0.045 -0.015 -0.123 -0.086  0.096  0.000  0.094 -0.062 -0.024 -0.071 -0.061 -0.299 -0.045  0.024
S        0.067 -0.131 -0.017 -0.031 -0.063  0.023 -0.162 -0.002  0.020 -0.021 -0.162  0.038  0.000  0.086  0.107  0.098 -0.037 -0.103  0.122  0.059 -0.019
T        0.202  0.000  0.050  0.087  0.152 -0.091  0.023  0.160  0.117  0.118 -0.005  0.061  0.000 -0.059  0.007  0.018  0.126  0.312  0.186  0.128 -0.191
V        0.201  0.010  0.100  0.166  0.195  0.206  0.226  0.144  0.188  0.100  0.165  0.080  0.000  0.166  0.109  0.141  0.023  0.097 -0.031  0.235  0.235
W        0.134  0.000 -0.082  0.435 -0.091  0.222  0.439 -0.257  0.122  0.030  0.187  0.088  0.000 -0.150  0.100  0.000  0.044 -0.019  0.143  0.114  0.000
Y        0.005  0.083 -0.043  0.117 -0.063 -0.061  0.063  0.162  0.293  0.033  0.213  0.320  0.000  0.003  0.201  0.206  0.155  0.039  0.028  0.148  0.000
X        0.266  0.000 -0.305  0.160  0.469  0.000 -0.291  0.318  0.130  0.080  0.118 -0.333  0.000  0.120 -0.054 -0.118  0.000  0.000  0.000 -0.425  0.000
i+4/i     A      C      D      E      F      G      H      I      K      L      M      N      P      Q      R      S      T      V      W      Y      X
A        0.166  0.140  0.080  0.174  0.371 -0.124  0.015  0.438  0.351  0.238  0.638  0.202 -0.238  0.323  0.433 -0.036  0.090  0.130 -0.293  0.262 -0.012
C        0.157 -0.360 -0.011 -0.133 -0.304  0.571  0.920  0.313  0.190  0.494  1.236  0.430  0.718  0.000  0.753  0.363  0.077  0.308 -0.359  0.766  0.000
D        0.228  0.000  0.071  0.434 -0.103 -0.114  0.491  0.436  0.134  0.106  0.034  0.252  0.209 -0.055 -0.076  0.172 -0.071  0.262 -0.106  0.281  0.000
E        0.157 -0.029  0.067  0.356  0.140 -0.165  0.113  0.429  0.382  0.402  0.043  0.410  0.117  0.243  0.351 -0.007  0.211  0.416  0.952  0.791  0.596
F        0.152 -0.764 -0.004 -0.113  0.061 -0.054  0.174 -0.132  0.093  0.207 -0.255 -0.557 -0.867  0.289  0.036  0.614  0.666  0.216  0.332 -0.446  0.861
G        0.104  0.000  0.188  0.121 -0.407 -0.169 -0.205  0.351  0.044  0.163 -0.500  0.083  0.161 -0.021  0.205  0.333 -0.167  0.114 -1.219  0.215  0.000
H        0.085  0.000 -0.073  0.264  0.520  0.070  0.476  0.313  0.492  0.331 -0.925  0.577 -0.347  0.262  0.484  0.521  1.214 -0.003  0.198  0.855  0.000
I        0.270  0.700  0.080  0.006 -0.344  0.066 -0.010  0.055  0.200  0.194 -0.026  0.109 -0.164  0.044  0.337  0.448  0.656  0.312  0.847 -0.033  0.990
K        0.113  0.042  0.313  0.146  0.435 -0.039 -0.109 -0.151  0.516  0.386 -0.153  0.200  0.054  0.127  0.359  0.077  0.013  0.386 -0.017  0.441  1.222
L        0.139  0.507 -0.056 -0.069 -0.107  0.048  0.046  0.099 -0.044  0.264  0.198 -0.135 -0.254  0.187 -0.116  0.388  0.348  0.260 -0.509 -0.223  2.223
M       -0.000  0.187  0.281 -0.117  0.226  0.532  0.233  0.335  0.230  0.333 -0.129 -0.088 -0.229  0.115  0.333  0.445  0.575  0.058 -0.285 -0.179  0.418
N        0.179  0.164  0.235  0.238  0.190  0.265  0.336 -0.039  0.063  0.355 -0.060  0.244  0.026  0.237 -0.019  0.062  0.320  0.186  0.836  0.672  0.000
P       -0.180 -0.803 -0.465 -0.125  0.000  0.000  0.000  0.000  0.072  0.722  0.000  0.000  0.000  0.000 -0.398 -0.465  0.000 -0.884  0.000  0.000  0.000
Q        0.145  0.212  0.192  0.236 -0.042  0.378  0.117 -0.257  0.314  0.324  0.148  0.218  0.099  0.237  0.171 -0.291  0.191  0.318  0.283  0.324  0.000
R        0.158 -0.260  0.268  0.312  0.618  0.308  0.211  0.144  0.462  0.240 -0.030  0.307  0.035  0.326  0.524  0.155  0.174  0.126  0.517  0.330 -0.474
S        0.189  0.071  0.116  0.303  0.318 -0.097  0.208  0.290  0.441  0.182  0.096  0.211  0.101  0.278  0.375  0.274 -0.012 -0.174  1.201  0.595  0.000
T        0.103  0.431  0.005  0.216  0.629  0.322 -0.210 -0.218  0.288  0.207 -0.217  0.354  0.314  0.059 -0.095  0.143 -0.248  0.005  0.913  0.293  0.143
V        0.259 -0.716  0.084 -0.038  0.234 -0.093  0.542 -0.439 -0.024  0.268  0.522 -0.143 -0.220  0.269  0.374  0.605  0.091  0.369  0.178  0.020  0.603
W        0.236 -0.096 -0.243 -0.102 -0.079  0.328  0.571  1.016 -0.071  0.247 -0.617  0.496 -0.339  0.034  0.390  0.366  0.268  0.346  0.447  0.653  0.000
Y        0.130  0.987 -0.004  0.070  0.409  0.185  0.014 -0.282 -0.380  0.197 -0.086  0.040 -0.187  0.159  0.034  0.272 -0.026 -0.070 -0.194  0.217  1.637
X        0.459  0.000  0.296  0.000 -0.360  0.000  0.000  0.559  0.581  0.194  0.000  0.000 -0.134  0.302  0.565  0.000  0.000 -0.199  0.671  0.038 -0.855
