i-1/i     A      C      D      E      F      G      H      I      K      L      M      N      P      Q      R      S      T      V      W      Y      X
A       -0.079  0.000 -0.131  0.000  0.000  0.000  0.000  0.000  0.140  0.000 -0.281  0.000  0.000  0.000  0.000  0.003  0.366 -0.112 -0.306  0.000  0.000
C        0.000  0.000  0.000  0.000  0.000  0.000  0.000  0.000  0.000  0.000  0.000  0.000  0.000  0.000  0.000  0.000  0.000  0.000  0.000  0.000  0.000
D        0.000  0.000  0.271  0.000  0.000  0.000  0.000  0.385 -0.022  0.000  0.000  0.000  0.000  0.103  0.000 -0.090  0.000  0.000  0.000  0.000  0.000
E       -0.532  0.195 -0.096  0.108 -0.309  0.000 -0.130  0.035  0.040  0.108  0.000 -0.260  0.000  0.000  0.000  0.058  0.000  0.035  0.298 -0.534  0.000
F        0.000  0.000  0.379  0.234  0.018  0.000  0.000  0.000  0.000  0.000  0.000  0.000  0.000  0.000  0.000  0.367  0.009 -0.001  0.000  0.000  0.000
G        0.000 -0.361  0.000  0.000  0.000  0.000  0.000 -0.262  0.000 -0.499  0.000  0.000  0.000  0.000 -0.001  0.000 -0.251  0.000  0.000  0.000  0.000
H        0.000  0.000  0.000  0.000  0.000  0.000  0.000  0.000  0.000  0.000  0.000  0.000  0.000  0.000  0.000  0.000  0.000  0.000  0.000  0.000  0.360
I       -0.081  0.000 -0.023  0.364 -0.013  0.000  0.000  0.200  0.508  0.523  0.000  0.000  0.000  0.000  0.165 -0.064 -0.124  0.197  0.000  0.000  0.000
K        0.000  0.000 -0.144 -0.022  0.000  0.000  0.000  0.034  0.020  0.207  0.000  0.204  0.000 -0.414  0.000  0.035  0.000 -0.249  0.000  0.000  0.000
L        0.483  0.000  0.006 -0.002  0.000  0.498  0.000  0.030  0.119  0.190  0.000  0.000  0.000  0.467  0.252  0.141  0.433  0.197  0.000  0.000  0.000
M        0.079  0.000  0.021  0.000  0.000  0.144  0.000  0.000  0.000  0.000  0.000  0.000  0.000  0.000  0.000  0.505  0.223  0.037  0.000  0.000  0.000
N        0.000  0.000  0.333  0.000  0.000  0.000  0.000  0.384  0.000 -0.010  0.000  0.000  0.000 -0.244  0.000  0.000  0.000 -0.054  0.000  0.000  0.000
P        0.086  0.000 -0.100  0.058  0.000 -0.364  0.009 -0.026 -0.106  0.183 -0.097  0.113  0.000 -0.036  0.376 -0.007 -0.198  0.103 -0.222  0.000 -0.093
Q        0.250  0.000  0.000  0.247 -0.393  0.598  0.000 -0.040  0.000 -0.201  0.477  0.000  0.000  0.000  0.000  0.000 -0.273  0.515  0.000  0.000  0.000
R       -0.021  0.000  0.000  0.031  0.000  0.000  0.000 -0.439  0.179  0.072  0.000  0.000  0.000 -0.075 -0.042 -0.200 -0.126  0.072  0.000  0.164  0.000
S        0.183  0.000  0.094  0.094  0.000  0.000  0.000  0.376  0.195  0.061 -0.125  0.136  0.000  0.000  0.326  0.112  0.281  0.150  0.000  0.000  0.000
T       -0.097  0.000 -0.085  0.000  0.387  0.000  0.000  0.007  0.218 -0.086  0.000  0.000  0.000  0.438  0.000  0.000  0.078  0.020  0.000  0.000  0.000
V        0.375  0.000 -0.114 -0.097  0.200  0.166  0.000  0.193 -0.081  0.115  0.000  0.184  0.000  0.000  0.045 -0.027  0.166 -0.224  0.000  0.474  0.102
W        0.000  0.000  0.000  0.000  0.000  0.000  0.000  0.000  0.000  0.000  0.000  0.000  0.000  0.000  0.000  0.000  0.000  0.000  0.000  0.000  0.000
Y        0.466  0.000  0.000  0.000  0.635  0.000  0.000  0.000  0.000  0.407  0.000  0.000  0.000  0.000 -0.115  0.000 -0.019  0.000  0.000  0.000  0.000
X        0.000  0.000 -0.121  0.000  0.000  0.000  0.000  0.000  0.000  0.000  0.000  0.000  0.000  0.000  0.000  0.054  0.000  0.000  0.000  0.000  0.000
i-2/i     A      C      D      E      F      G      H      I      K      L      M      N      P      Q      R      S      T      V      W      Y      X
A       -0.282  0.000  0.074  0.000  0.000  0.000  0.000  0.000  0.050  0.194  0.000  0.000  0.000  0.072  0.000 -0.205  0.000 -0.009  0.000  0.000  0.000
C        0.000  0.000  0.000  0.000  0.000  0.000  0.000  0.000  0.000  0.000  0.000  0.000  0.000  0.000  0.000  0.000  0.000  0.000  0.000  0.000  0.000
D        0.138  0.000  0.000  0.000  0.000  0.000  0.000 -0.112  0.000  0.000  0.000  0.000  0.000  0.000  0.000  0.000  0.000  0.000  0.000  0.000  0.000
E        0.000  0.000 -0.087  0.000  0.000  0.000  0.000  0.000 -0.145  0.000  0.000 -0.219  0.000  0.000  0.000 -0.158 -0.175 -0.307  0.000  0.000  0.081
F        0.000  0.000  0.271  0.000  0.178  0.000  0.000  0.000 -0.050  0.000  0.000  0.000  0.000  0.000  0.039  0.096  0.048  0.183  0.000  0.000  0.000
G       -0.139  0.000  0.000  0.160  0.000  0.000  0.000  0.009  0.000  0.331  0.000  0.000  0.000  0.000  0.000  0.000  0.000  0.000  0.000  0.000  0.000
H        0.000  0.000  0.000  0.000  0.000  0.000  0.000  0.000  0.000  0.000  0.000  0.000  0.000  0.000  0.000  0.000  0.000  0.000  0.000  0.000  0.000
I        0.000  0.000  0.040  0.218  0.000  0.559  0.000  0.335  0.140  0.287  0.000 -0.119  0.000  0.000  0.501  0.027  0.000 -0.214  0.000  0.143  0.000
K        0.032  0.000  0.051  0.433  0.009  0.000  0.000  0.009  0.048  0.226  0.000  0.000  0.000  0.000  0.196 -0.048 -0.397  0.112  0.000  0.000  0.000
L        0.438  0.000  0.152  0.299  0.000  0.000 -0.218 -0.047  0.338  0.104  0.000  0.000  0.000 -0.003  0.000  0.019 -0.149  0.107  0.000  0.000  0.000
M        0.371  0.000  0.000 -0.094  0.000  0.000  0.000  0.000  0.000  0.000  0.000  0.000  0.000  0.303  0.000 -0.007 -0.012  0.000  0.000  0.000  0.000
N        0.000  0.000  0.000  0.000  0.000  0.000  0.000  0.000  0.000  0.000  0.000  0.000  0.000  0.000  0.000  0.000  0.000  0.000  0.000  0.000  0.000
P        0.320  0.000  0.000 -0.151  0.000  0.000  0.000 -0.156 -0.379  0.020  0.000  0.236  0.000  0.282  0.416  0.221  0.085  0.028  0.000  0.000  0.000
Q        0.000  0.000 -0.032 -0.279  0.000  0.000  0.000  0.000  0.000  0.126  0.107 -0.419  0.000  0.000  0.000  0.000  0.135  0.000  0.000  0.000  0.000
R       -0.056  0.000  0.000  0.000  0.000  0.000  0.000  0.000  0.253  0.340  0.000  0.000  0.000  0.000  0.000  0.353  0.000  0.000  0.000  0.000  0.000
S        0.000  0.000  0.000  0.008  0.000  0.000  0.000  0.152  0.000  0.000 -0.124  0.000  0.000  0.000  0.000  0.083  0.000  0.090 -0.260  0.000 -0.199
T        0.046  0.000 -0.116  0.000  0.000 -0.057  0.370  0.108  0.415 -0.181  0.000  0.000  0.000  0.000 -0.053  0.235  0.000  0.173  0.000  0.000  0.000
V        0.388  0.000 -0.332  0.030  0.500  0.000  0.000 -0.389  0.016 -0.002  0.000  0.000  0.000  0.000  0.135 -0.104  0.000  0.307  0.000  0.000  0.212
W        0.000  0.000  0.000  0.143  0.000  0.000  0.000  0.000  0.000  0.000  0.000  0.000  0.000  0.000  0.000  0.000  0.000  0.000  0.000  0.000  0.000
Y        0.000  0.000  0.000 -0.161  0.000  0.000  0.000  0.000  0.000 -0.070  0.080  0.000  0.000  0.000  0.000  0.000  0.000  0.000  0.000  0.000  0.000
X        0.000  0.000  0.115  0.000  0.000  0.000  0.000  0.000  0.248  0.000  0.000  0.000  0.000  0.000  0.000  0.000 -0.369  0.182  0.000  0.000  0.000
i+1/i     A      C      D      E      F      G      H      I      K      L      M      N      P      Q      R      S      T      V      W      Y      X
A       -0.108  0.000  0.000 -0.177  0.000  0.000  0.000 -0.068  0.000  0.359 -0.069  0.000  0.000  0.414 -0.115 -0.184 -0.150  0.387  0.000 -0.265  0.000
C        0.000  0.000  0.000  0.181  0.000 -0.155  0.000  0.000  0.000  0.000  0.000  0.000  0.000  0.000  0.000  0.000  0.000  0.000  0.000  0.000  0.000
D       -0.173  0.000  0.000 -0.001  0.000  0.000  0.000  0.130 -0.005  0.172 -0.104  0.591  0.000  0.000  0.000  0.105 -0.315  0.451  0.000  0.000  0.461
E        0.000  0.000  0.000  0.000  0.327  0.000  0.000  0.316  0.057  0.061  0.000  0.000  0.000  0.000 -0.056  0.284  0.000 -0.129  0.000  0.000  0.000
F        0.000  0.000  0.000 -0.247 -0.332  0.000  0.000 -0.142  0.000  0.000  0.000  0.000  0.000  0.000  0.000  0.000  0.106  0.420  0.000  0.370  0.000
G        0.000  0.000  0.000  0.000  0.000  0.000  0.000  0.000  0.000 -0.344 -0.131  0.000  0.000  0.026  0.000  0.000  0.000  0.425  0.000  0.000  0.517
H        0.000  0.000  0.000 -0.193  0.000  0.000  0.000  0.000  0.000  0.262  0.000  0.000  0.000  0.000  0.000  0.000  0.000  0.000  0.000  0.000  0.000
I        0.000  0.000 -0.181 -0.001  0.000  0.043  0.000  0.131 -0.078  0.179  0.000 -0.261  0.000  0.000 -0.104  0.276 -0.214 -0.101  0.000  0.000  0.000
K       -0.498  0.000 -0.072 -0.228  0.000  0.000  0.000  0.033 -0.049  0.521  0.000  0.000  0.000  0.000  0.493 -0.107  0.242 -0.082  0.000  0.000  0.000
L        0.000  0.000  0.000  0.000  0.000  0.375  0.000 -0.014  0.121  0.126  0.000 -0.264  0.000  0.157 -0.145 -0.129 -0.128  0.266  0.000  0.101  0.000
M        0.395  0.000  0.000  0.000  0.000  0.000  0.000  0.000  0.000  0.000  0.000  0.000  0.000 -0.121  0.000  0.000  0.233  0.000  0.000  0.000  0.000
N        0.000  0.000  0.000  0.041  0.000  0.000  0.000  0.000  0.203  0.000  0.000  0.000  0.000  0.000  0.000  0.000  0.000  0.174  0.000  0.000  0.000
P       -0.076  0.000  0.013 -0.054  0.112  0.195  0.332 -0.021 -0.140 -0.109  0.044 -0.561  0.000 -0.360 -0.019  0.083 -0.047 -0.224  0.000  0.490 -0.225
Q        0.000  0.000 -0.289  0.000  0.000  0.000  0.000  0.000  0.229  0.057  0.000 -0.106  0.000  0.000  0.354  0.000 -0.051  0.000  0.000  0.000  0.080
R        0.000  0.000  0.000  0.000  0.000 -0.568  0.000 -0.018  0.000  0.197  0.000  0.000  0.000  0.000  0.115  0.114  0.000 -0.169  0.000  0.262  0.000
S       -0.034  0.000  0.016  0.366  0.370  0.000  0.000  0.000  0.229 -0.014 -0.073  0.000  0.000  0.000  0.084  0.295  0.000  0.003 -0.234  0.000  0.000
T        0.359  0.000  0.000  0.000 -0.313 -0.474  0.000  0.343  0.000  0.245 -0.056  0.000  0.000 -0.002 -0.469 -0.112 -0.210 -0.162  0.000 -0.560  0.000
V        0.195  0.000  0.000 -0.163 -0.446  0.000  0.000 -0.183 -0.198  0.264 -0.151 -0.346  0.000  0.174  0.133  0.176 -0.047  0.008  0.000  0.000  0.000
W        0.199  0.000  0.000  0.000  0.000  0.000  0.000  0.000  0.000  0.000  0.000  0.000  0.000  0.000  0.000  0.000  0.000  0.000  0.000  0.000  0.000
Y        0.000  0.000  0.000  0.000  0.000  0.000  0.000  0.000  0.000  0.000  0.000  0.000  0.000  0.000  0.300  0.000  0.000 -0.082  0.000  0.000  0.000
X        0.000  0.000  0.000  0.000  0.000  0.000  0.000 -0.289  0.000  0.000  0.000  0.000  0.000  0.000  0.000  0.000  0.000  0.125  0.000  0.000  0.000
i+2/i     A      C      D      E      F      G      H      I      K      L      M      N      P      Q      R      S      T      V      W      Y      X
A        0.042  0.000 -0.267  0.000  0.000  0.046  0.000  0.000 -0.150 -0.393 -0.242  0.000  0.000  0.111 -0.011  0.000 -0.324 -0.436  0.000  0.000  0.000
C        0.000  0.000  0.000  0.000  0.000  0.000  0.000  0.000  0.000  0.000  0.000  0.000  0.000  0.000  0.000  0.000  0.000  0.402  0.000  0.000  0.000
D        0.078  0.000  0.000  0.299  0.000  0.000  0.000  0.000  0.278 -0.083  0.000  0.000  0.000  0.000  0.000  0.000 -0.092  0.233  0.000  0.000 -0.021
E       -0.369  0.000  0.000  0.000  0.000 -0.370  0.000  0.077  0.183  0.194  0.121  0.000  0.000  0.070  0.000  0.163  0.000  0.001  0.000 -0.106  0.000
F        0.000  0.000  0.000  0.000 -0.513  0.000  0.000  0.000  0.113  0.000  0.000  0.000  0.000  0.000  0.000  0.000  0.000  0.223  0.000  0.000  0.000
G        0.000  0.000  0.000  0.000  0.000  0.000  0.000  0.347  0.000  0.000  0.000  0.000  0.000  0.000  0.000  0.000 -0.083  0.000  0.000  0.000  0.000
H        0.000  0.000  0.000  0.000  0.000  0.000  0.000  0.000  0.350 -0.166  0.000  0.000  0.000  0.000  0.000  0.000  0.000  0.000  0.000  0.000  0.000
I        0.000  0.000  0.518  0.000  0.000  0.000  0.000 -0.095 -0.190 -0.407  0.000  0.000  0.000  0.000  0.137  0.000 -0.483  0.000  0.000  0.000  0.000
K        0.000  0.000  0.000 -0.020 -0.363  0.000  0.000 -0.225 -0.337  0.364  0.000  0.000  0.000  0.000  0.334  0.000 -0.353  0.061  0.000  0.000 -0.159
L       -0.134  0.000  0.000 -0.325  0.000 -0.109  0.000  0.227 -0.193  0.072  0.000  0.000  0.000  0.000  0.225  0.000 -0.044  0.286  0.000 -0.212  0.000
M        0.000  0.000  0.000  0.000  0.000  0.000  0.000  0.000  0.000  0.000  0.000  0.000  0.000  0.000  0.000 -0.197  0.000  0.000  0.000 -0.269  0.000
N        0.000  0.000  0.000  0.242  0.000  0.000  0.000 -0.027  0.000  0.127  0.000  0.000  0.000  0.000  0.425  0.000  0.000  0.000  0.000  0.000  0.000
P       -0.011  0.000  0.142  0.156  0.020 -0.225 -0.139 -0.252 -0.142 -0.043  0.000 -0.027  0.000 -0.128 -0.052  0.046 -0.294 -0.254 -0.215 -0.299  0.000
Q        0.044  0.000  0.000 -0.073  0.000  0.000  0.000  0.000  0.000 -0.400  0.477  0.000  0.000  0.000  0.000  0.000  0.140  0.000  0.000  0.000  0.000
R        0.359  0.000  0.000  0.000 -0.084  0.000  0.000  0.000 -0.005  0.357  0.000  0.000  0.000  0.000  0.000  0.000 -0.432  0.008  0.000  0.000  0.000
S        0.048  0.000  0.000 -0.394 -0.133  0.000  0.000 -0.328 -0.416  0.115 -0.184  0.000  0.000  0.000 -0.538  0.380 -0.174 -0.307  0.000  0.000  0.000
T        0.000  0.000  0.000 -0.137 -0.480  0.000  0.000  0.000 -0.151 -0.157 -0.246  0.000  0.000  0.108  0.000  0.000  0.000  0.410  0.000  0.031 -0.114
V       -0.508  0.000  0.000 -0.016 -0.498  0.000  0.000  0.218  0.007  0.372  0.000  0.000  0.000  0.000  0.176 -0.314  0.017  0.175  0.000  0.000  0.360
W        0.000  0.000  0.000  0.000  0.000  0.000  0.000  0.068  0.000  0.000  0.000  0.000  0.000  0.000  0.000  0.535  0.000  0.000  0.000  0.000  0.000
Y        0.000  0.000  0.000  0.000  0.000  0.000  0.000 -0.245  0.000  0.000  0.000  0.000  0.000  0.000  0.000  0.000  0.000  0.000  0.000  0.000  0.000
X        0.000  0.000  0.000  0.084  0.000  0.000  0.000  0.000  0.000  0.000  0.000  0.000  0.000  0.000 -0.104  0.000  0.000 -0.168  0.000  0.000  0.000
