i-1/i     A      C      D      E      F      G      H      I      K      L      M      N      P      Q      R      S      T      V      W      Y      X
A       -1.866 -2.221 -2.045 -1.615 -2.435 -3.251 -2.453 -1.916 -2.418 -3.002 -3.139  0.000  0.000 -2.256 -2.902 -3.169 -2.470 -2.503 -4.188 -2.547 -0.933
C       -1.372  1.846  1.058  0.017 -1.114 -1.654  1.651  1.659 -0.363  1.008  2.209 -0.653  0.000 -0.581  2.324 -0.383  4.365 -1.210  1.135  0.044  0.000
D       -1.517 -3.729  0.000 -1.595 -0.648 -1.737 -2.941 -1.872 -2.729 -2.373 -1.624 -3.003  0.000 -0.559 -1.713 -1.992 -3.284 -1.456 -0.568 -1.337 -0.749
E       -0.178  0.149 -1.383  1.086  0.978 -1.123  1.067  0.318  0.538  0.635  0.718 -2.958  0.000  1.071  1.402 -1.292 -0.626  0.633  0.662  0.948  0.862
F       -0.755  1.977 -1.665 -0.800 -0.788 -1.807 -1.182 -0.673 -0.456 -1.707 -0.957 -0.595  0.000  0.262 -0.606 -0.881 -1.323 -0.786  0.968 -0.189 -0.679
G       -3.273 -3.170 -3.319 -2.048 -3.367 -2.445 -3.387 -3.304 -2.466 -3.154 -2.542  0.000  0.000 -2.698 -2.225 -3.113 -2.203 -2.504 -2.596 -2.958 -2.957
H       -0.914  0.179 -1.682  0.026  0.695  0.365 -0.352 -0.231  0.091  0.641  0.753 -0.971  0.000  0.989  0.252 -0.156 -0.026  1.086 -0.561  1.340 -0.663
I        3.283  3.990  2.744  3.058  3.690  2.416  3.275  2.758  2.440  2.720  3.595  1.775  0.000  3.399  2.073  2.601  2.690  2.623  0.000  4.078  2.513
K       -0.261 -1.000 -0.446  0.326  0.114 -1.272 -0.083  0.536  0.820 -0.002  1.587 -1.254  0.000  0.756  0.432 -0.969 -1.518  0.923 -0.405  0.727  2.056
L        0.835 -0.195 -0.434  0.031  1.071 -0.086  0.513  0.830  0.312  0.177  0.112  0.083  0.000  1.722  0.815 -0.386  0.157  1.012  0.742  0.996 -1.301
M       -0.120  0.034 -1.105  0.756 -0.102  0.992  1.116  0.757 -0.347 -0.112 -2.169 -0.548  0.000  0.250 -0.050 -0.587 -0.889  0.775  0.089  0.916  0.795
N       -0.885  3.232 -2.225 -3.053 -0.161 -1.458 -2.176 -0.122 -0.323 -0.571  1.066 -3.392  0.000 -2.565  0.404 -0.938 -0.234 -0.118 -2.343 -0.132 -1.397
P       -0.014  0.000  0.000 -2.680 -2.234 -0.108 -1.293 -1.632 -0.731 -1.913 -0.037 -3.483  0.000  0.572  0.263 -1.434 -1.726 -2.453 -2.620 -1.678  0.000
Q        0.989  1.306  0.187  2.205  0.435 -0.240 -0.677  0.214  0.016  0.775  0.882 -0.535  0.000  1.216  1.142  0.959  0.433  0.729 -0.284  1.367 -1.849
R        0.081  1.160 -0.351  0.016  0.593 -0.876 -0.950  0.853  1.105  0.045 -0.122 -1.492  0.000 -0.319  0.877  0.676 -1.478  0.557  0.327 -0.045  2.905
S       -1.106 -2.955 -0.804 -0.731 -1.034 -1.040 -1.379 -1.038  0.182 -0.948 -1.405 -1.846  0.000  0.193 -0.087 -0.665 -0.646 -0.289  0.209 -0.888  0.331
T        1.434  2.461 -1.113  2.013  1.557  0.243  0.818  1.564  1.759  1.983  1.170  0.361  0.000  0.482  1.303  1.061  0.487  1.401 -0.100  1.444  0.000
V        3.218  2.527  1.519  2.387  3.543  1.184  2.043  2.938  2.474  2.384  2.256  1.532  0.000  2.926  2.457  2.134  2.459  2.605  3.321  3.063  2.739
W       -1.252  1.173 -0.572 -1.447  0.173 -1.687  0.805 -2.006 -0.125 -1.187 -0.883  0.000  0.000 -2.257 -0.124 -0.732 -1.717 -2.538  1.128 -1.793  0.000
Y       -0.665  1.963  1.399 -1.025 -1.155 -2.121 -1.173 -1.393 -0.884 -0.898 -0.046  0.244  0.000 -0.475 -0.397 -0.132 -0.103 -0.942 -1.289 -2.906 -3.187
X        0.211  0.000 -0.227  0.818 -3.245  0.740  0.000 -0.599  0.762  1.217 -1.194 -1.361  0.000  0.615  0.480  0.000  0.932 -2.570 -0.964 -0.704  0.000
i-2/i     A      C      D      E      F      G      H      I      K      L      M      N      P      Q      R      S      T      V      W      Y      X
A        0.427  1.505 -0.608  0.672  0.058 -0.876  0.028  0.858  0.105  0.592 -0.064 -1.084  0.000  1.556  0.786  0.319 -0.169  0.871  1.092  0.679  1.055
C       -2.482 -0.714 -2.617  1.153 -1.901 -0.774  2.246 -0.085 -0.400  0.194  0.246  2.337  0.000  0.000 -0.339  1.237 -3.303  0.141 -0.834  2.797  0.000
D        1.059  0.000  1.136  2.420  1.469 -0.986 -0.681  1.095  0.278 -0.107  2.398 -1.989  0.000  3.298  0.314  1.863  1.500 -0.672 -1.513 -0.687  0.000
E        1.474  1.020  0.310  1.064  1.451 -1.142  3.261  0.407  0.425  0.293 -0.393 -0.259  0.000  1.165  2.453  1.145  0.150  1.578  3.192  0.553  2.358
F        0.557  0.027  0.341  0.461  0.738 -0.462 -0.397  0.071  2.599  0.095 -1.264  1.277  0.000  1.738  2.066  1.038 -0.490  0.406 -1.125  2.535  0.169
G        1.456  0.666  2.159  0.143 -0.219  0.656 -1.049  0.130  0.147  0.710  0.315 -0.031  0.000 -0.021 -1.538  1.123 -0.446 -0.103 -0.387  1.395  3.443
H        1.174  2.600 -0.028  0.491 -0.797  0.290  0.911  1.226 -0.697  0.446  1.677 -0.841  0.000  1.318  0.711 -0.049  3.484  1.818 -2.059  2.012  0.000
I        0.165  2.647 -1.036  0.169  1.369 -0.821  0.532  0.526  0.127  0.700  0.688 -0.870  0.000  0.970  0.449 -0.892 -0.117  0.739  2.093  1.268  3.416
K        0.556 -0.428  2.549  0.751  0.811 -0.439  2.219  1.138 -0.108  0.942  1.236  0.513  0.000  1.117  0.881  0.709  1.814  0.623  1.275  2.027  2.655
L        0.349  0.680 -0.786 -0.013  0.983 -0.119 -1.209  0.769  0.376  1.021  0.543 -1.767  0.000  2.574  1.330 -0.324 -1.092  0.861 -0.641  1.418  1.546
M        2.674  0.429  0.552  0.812  2.621  0.122  0.000  1.191  2.685  0.293 -3.193  0.306  0.000  0.000  0.003  0.894  0.077  0.411 -4.051  0.241  0.000
N       -0.368 -0.608 -1.310  2.336  3.232  0.175 -1.004  1.261  0.530  0.327  1.968  0.789  0.000  2.068  1.269 -0.132  1.914  0.390 -1.827  2.219  0.000
P        0.577  4.317 -1.743  0.498 -0.073 -2.227 -1.061 -0.127 -0.085  0.855 -3.167  0.426  0.000  3.198 -1.328  0.158 -0.945  0.960  3.736  0.592  0.000
Q        1.245  1.080  0.211  0.065  0.262 -0.301  0.172  1.269  0.091  1.344 -0.526  0.168  0.000 -0.731  1.464  2.266  0.240  0.869  3.608  1.650 -0.772
R        1.596  1.676  1.314  1.702  1.169  0.291  1.015  0.596  2.076  1.209 -0.005  1.903  0.000  1.072  1.023 -0.026 -0.295  0.421 -2.352  0.520 -0.212
S        1.154 -1.110  1.151  0.869  0.540 -1.786  3.176  0.017  0.800  0.371 -0.906  0.616  0.000  0.948  1.744  0.887  0.726 -0.357 -0.168 -0.328  0.894
T        0.458 -3.544  0.328  1.180  1.041 -0.026  0.292  0.683  1.142 -0.671 -0.272  0.047  0.000 -0.172  1.248 -0.435  0.556  0.894  1.996  0.159 -1.443
V       -0.375  0.373 -0.681 -0.667  0.948 -0.181  0.941  0.480  0.066  0.427  0.064 -1.755  0.000  0.280 -0.481 -0.773 -0.217  1.264  1.318 -0.183  0.000
W        1.582  0.000  0.615  0.546 -0.548  1.112 -2.886  0.634  1.398 -0.154 -2.192 -2.103  0.000  0.643 -0.283  1.256 -1.535  0.567 -1.271  0.080  0.000
Y        1.109  2.959 -0.104  1.704 -0.653  0.741  0.314  0.892  2.330  0.354 -0.311  2.113  0.000  3.006  0.071  0.710 -0.256  0.569  2.920  1.759 -1.465
X       -1.081  0.000 -0.013  0.000 -0.478  0.000  0.000  0.216 -2.204  1.799  0.000 -2.036  0.000  0.000 -0.597 -1.770 -0.252  2.231  0.000  1.901  0.945
i+1/i     A      C      D      E      F      G      H      I      K      L      M      N      P      Q      R      S      T      V      W      Y      X
A       -0.792 -1.203 -0.945 -0.180 -1.828 -0.624 -2.986 -1.023  0.217 -0.076 -0.354 -1.699  0.000 -0.034 -0.982 -1.276 -1.751 -0.392 -1.930 -0.598  0.817
C        1.820  0.209 -2.379 -0.626 -0.584 -1.319 -2.078  1.008  1.077  0.694 -3.723 -0.438  0.000  0.004 -1.049 -3.546 -1.290 -1.020  1.884 -0.312  0.000
D        1.477 -0.579 -0.555  0.833  0.445 -1.162 -0.447  0.148  1.036  1.081 -2.301 -0.339  0.000 -0.740 -0.941 -0.042  0.490  0.061 -1.170  0.328  0.119
E        0.457 -0.248 -1.819 -0.528 -0.007  0.042  1.330  0.354  0.126 -0.062 -1.303 -1.421  0.000  2.239  0.262  0.760 -0.313 -0.932 -1.383 -0.620  1.958
F       -1.209 -4.027 -1.237  0.044  0.719 -1.754 -1.358 -0.620 -0.858 -0.909  1.104 -1.041  0.000 -0.713 -0.439 -0.964 -0.178 -0.339 -0.885 -1.305  0.000
G        0.112 -0.730 -0.604 -1.124 -0.474 -1.775  0.424 -0.343 -0.476 -1.174  0.763 -0.614  0.000 -0.671  1.538 -0.710 -0.716 -0.524 -1.630 -1.388 -1.475
H       -2.653  0.999  2.151 -0.055 -1.050 -2.067  0.612  0.235  0.543 -0.203  1.865 -2.683  0.000 -1.049 -0.822 -1.003  1.883 -0.551  0.026  1.453  0.000
I        0.387 -2.723 -1.807 -0.091 -0.054 -0.666 -0.827 -0.255 -0.545 -0.107 -0.452 -1.615  0.000  0.547  0.044 -1.478 -0.344  0.595  0.827 -0.901  1.343
K       -0.909 -4.021 -1.216 -0.744 -0.806 -0.923  0.424 -0.040  0.102 -0.209  1.366 -2.772  0.000 -0.900  0.589 -0.093  0.336 -0.885 -0.159  0.209 -0.431
L        0.530 -1.717 -1.065 -0.022  0.121 -0.817 -0.236 -0.087 -0.494  0.066 -0.133 -1.030  0.000 -0.180 -0.320 -1.579  0.316  0.686 -0.650 -0.322  1.491
M        1.804  3.963 -0.691 -0.285 -0.551  0.648  0.853  1.639  1.662  0.082 -1.681 -1.526  0.000  0.623 -1.339 -1.104 -0.644  0.109  0.289  2.476 -3.637
N        0.938 -0.894 -0.305  0.029  0.707 -0.943 -0.105  0.131  0.163 -0.749  2.396  0.029  0.000  2.051 -0.556 -2.828  1.639 -0.360 -0.243  0.985 -3.625
P        0.508  0.000  0.000  0.444 -2.329 -0.394 -2.162  0.071 -1.334  0.505 -0.508 -3.498  0.000 -0.574 -1.532  0.211  2.344 -1.215  2.974 -2.652  0.000
Q       -0.485  0.449 -0.242  0.547  0.550 -0.146 -0.385  0.279  0.438 -0.017  0.729 -3.248  0.000 -0.681  0.349  0.661 -0.429 -0.536 -0.276 -1.454 -3.636
R       -0.569  0.800 -1.983 -0.070  0.419 -0.755 -2.959 -0.115 -0.111 -0.648 -1.478  0.325  0.000  1.511 -0.223  1.187 -0.404 -0.773 -0.375  0.817  0.000
S        0.828 -3.644 -1.257 -0.326 -0.613  0.468  0.140 -0.120 -0.236  1.083 -0.153 -1.825  0.000  0.407  1.201  1.119  0.754  0.264 -0.369  0.230  0.000
T       -0.244  1.599 -2.054 -0.253  0.348 -1.108  0.859  0.649  0.497  0.461 -0.204 -1.822  0.000 -0.214 -0.420 -0.430  1.070  1.211  0.701  1.150  3.225
V       -0.539 -0.952 -1.695 -0.093 -0.113 -0.810 -0.004  0.152 -0.069 -0.472  0.179 -1.347  0.000 -0.680 -0.205 -0.293  0.659  0.693 -0.398  0.053  1.675
W       -1.781 -2.751 -3.128 -2.134  2.530 -1.306 -2.354  1.008 -0.863  0.084 -2.885 -3.035  0.000 -1.513 -1.654 -2.297 -1.563 -0.636 -1.494 -2.688 -2.102
Y       -2.439 -1.462 -0.766 -0.500 -0.689 -0.769 -0.686  0.256 -1.258 -0.992 -1.045 -1.607  0.000 -2.158 -0.618 -1.222 -1.036 -0.960 -1.462 -0.301 -2.824
X        0.025  0.000 -3.363 -1.667 -1.667 -2.964 -2.301  0.000 -3.742  2.408  0.693  0.000  0.000 -3.165 -0.644  0.869 -0.825 -1.914 -0.246 -2.100  2.175
i+2/i     A      C      D      E      F      G      H      I      K      L      M      N      P      Q      R      S      T      V      W      Y      X
A       -1.129 -0.129 -0.749  0.291 -0.603 -0.875 -2.572 -0.039 -0.442  0.150  0.890 -1.764  0.000 -1.166  0.102 -1.282 -2.439  0.069  0.781  0.030 -2.376
C        1.132 -2.210  0.000  1.626  0.485 -1.732  2.159 -0.764 -1.805 -0.632 -2.046 -0.966  0.000  1.111 -0.112  0.000  1.255  0.388 -0.597  0.665  0.000
D        0.066 -0.350  0.000 -0.342 -1.535 -1.123 -3.091 -0.777 -0.478  1.043 -1.573  0.518  0.000  1.270 -0.018 -2.122 -1.716  0.988 -2.561 -0.593  1.903
E       -0.205 -1.750 -0.443 -0.422 -1.740  0.304  0.311  0.377 -0.238 -0.290  0.272 -0.656  0.000 -0.420 -1.078 -0.302 -0.196  0.454 -3.236 -0.160  0.000
F        0.233 -3.017 -0.504 -0.210 -0.311 -0.902  0.221  0.724 -0.582 -0.628 -0.173 -3.381  0.000  0.389  0.635  0.711  0.624 -0.237 -0.587 -0.170  0.902
G       -2.425 -3.503 -2.152  0.377  0.214 -1.084  0.017  0.217  0.373  0.427  0.233 -0.519  0.000  0.926  0.010 -0.314  0.202 -0.097  1.669  0.063  0.000
H       -0.709  3.704 -0.972  0.172  0.474 -0.382  1.482  0.306 -0.610  0.315 -0.713  0.000  0.000  0.469 -0.250  1.643 -0.997 -0.835  1.262  1.619  0.000
I       -0.486 -2.115 -1.906  0.118 -1.301 -1.305 -1.151 -0.540  0.229 -0.488  0.010 -0.554  0.000  0.167 -0.275 -0.255  0.317 -0.762  0.459 -1.404  0.295
K       -0.315 -0.836 -1.987  0.173  0.025  0.444 -1.297  0.187 -0.483 -0.219 -0.245 -2.176  0.000 -0.781 -0.021 -1.054 -0.318 -0.285 -1.358  0.076 -3.738
L       -0.950 -1.706 -2.095 -0.056 -1.215 -0.590  0.116  0.316 -0.231 -0.338 -0.676 -1.931  0.000 -1.640  0.224 -0.250  1.170 -0.731 -0.081 -1.673  1.570
M       -0.459  1.640 -1.901 -0.460 -1.500 -2.139  0.000  0.750  0.375  0.191  2.940 -1.301  0.000 -1.383 -0.936 -1.682  0.408 -0.334 -0.658  0.078  0.000
N       -0.766 -0.980 -0.860 -1.124 -0.521 -0.159 -1.891  1.566 -0.183  0.418 -0.365 -1.554  0.000 -1.431 -0.740 -1.572 -1.961  0.011 -1.193 -0.344 -1.031
P        0.616  3.083 -0.759 -0.310 -0.213 -0.770 -1.954 -1.590 -2.626 -1.744 -2.679 -0.563  0.000 -0.911 -1.081  1.573 -0.778 -1.178 -1.189  1.134 -0.085
Q       -1.314 -4.938 -2.927 -0.839 -1.449 -0.489 -1.263 -1.500 -0.381  0.898  0.000 -3.342  0.000  0.250  1.880 -2.844  0.257  0.201 -1.092 -1.245  0.455
R        0.450 -5.276 -3.316 -1.302 -0.772 -0.349  0.443 -0.323 -0.625 -0.418  1.606 -2.062  0.000 -0.658 -0.907 -1.335  0.813 -0.327 -2.149 -2.584  0.084
S       -0.936 -0.231 -1.083 -0.337  0.817 -0.846  1.019  0.958  0.505  0.172 -0.848 -1.283  0.000  0.322  0.696 -0.201  0.553  0.304  0.888 -0.897 -1.333
T        1.330  0.750 -0.879 -0.212  0.754 -0.423  0.081 -0.328 -0.661 -0.603  0.377 -1.335  0.000 -0.937  0.356 -1.237 -0.742 -0.040 -1.322 -0.360  0.960
V       -0.497 -2.497 -1.707 -0.522 -0.070 -1.317 -0.693 -0.457 -0.197 -0.513 -0.503 -1.354  0.000 -0.748 -0.421 -0.582 -0.152 -0.649 -0.397 -1.218  1.587
W        0.596 -4.174 -1.096 -1.332 -1.223 -1.678  1.912  2.065  0.729 -0.548 -0.434  0.928  0.000 -1.182 -1.192 -1.793 -0.799  1.468  0.000 -0.251  0.000
Y       -0.019 -0.504 -2.407 -0.732 -1.124 -0.750 -1.230 -0.592 -0.203  0.120 -0.908 -1.242  0.000 -2.138 -0.026 -0.095  1.003 -0.611  0.604 -0.142 -0.683
X       -3.233  0.000  0.000 -3.906 -1.956 -1.044  0.000 -0.971 -1.163 -0.658  0.000 -3.783  0.000 -1.606 -2.969  1.005 -2.141 -3.662  0.000  0.517  2.708
