i-1/i     A      C      D      E      F      G      H      I      K      L      M      N      P      Q      R      S      T      V      W      Y      X
A       -1.418  0.000 -1.408 -1.907 -0.555 -1.294 -1.201 -0.456 -2.050 -0.314 -1.636 -1.772  0.000 -1.057 -1.147 -1.258  0.401 -1.632 -3.228  0.472 -1.042
C        1.789  0.000  0.883  0.159  0.000  0.441  3.069  0.000  0.000 -0.284  0.000  2.480  0.000 -0.139  2.449  1.898 -2.305  0.000  0.000  0.000  0.000
D       -1.274 -1.422 -0.347 -1.890 -0.903  0.274 -1.299 -0.407 -0.779 -0.488  0.182 -0.241  0.000 -0.972 -2.424 -1.310 -0.759 -1.312 -0.437 -0.731 -0.692
E        1.006  0.000  0.489  0.210 -0.263  0.115 -0.112  1.037 -0.431  0.751  0.340 -0.187  0.000  0.279  0.841  0.498  0.653  1.152  1.436  0.580  0.000
F       -0.965  3.284 -0.060  1.148 -2.538 -0.465  0.000 -0.722  1.827 -1.802  2.721  0.284  0.000  0.603 -0.235  0.465  0.341 -0.120  0.000  1.958  0.000
G       -1.423 -2.017 -0.949 -1.439 -0.949 -0.994 -0.811 -0.958 -2.357 -1.558 -1.885 -1.737  0.000 -2.131 -1.704 -1.217 -1.984 -1.988 -0.952 -1.365 -2.451
H        0.711  0.000 -1.003  0.743  3.563 -0.642  1.346  1.307 -0.299  0.962 -0.846  0.292  0.000 -2.133  0.072 -0.447 -0.020  3.187 -0.923  2.242  0.000
I        0.000  0.000  0.000  2.474  1.591  2.319  0.000  0.000  1.994  2.619  0.000  2.282  0.000  0.000  0.000  0.000  2.299  2.810  0.000  0.000  0.000
K        0.138 -1.354 -0.514 -0.338 -0.960  0.220 -1.592  1.576  0.195  1.636  0.554 -0.275  0.000  0.055 -0.253  0.089 -0.261  0.216  0.360 -1.132  2.256
L       -0.704  0.398  0.008  0.173 -0.351 -1.145  2.151  0.317  0.074  0.255  0.521  0.061  0.000 -0.088  1.896 -0.181 -0.393  0.378 -0.323 -1.610 -0.564
M       -0.269  0.000 -0.090 -0.039  2.223 -0.453  1.702 -0.157  0.143  1.429  1.126  2.480  0.000  0.464  2.290  0.250  0.187  1.122 -0.392  0.000  0.000
N       -1.021  0.000 -0.270 -1.178  1.769  0.160  0.000 -1.383 -1.248 -1.374 -1.734 -0.166  0.000 -1.382 -0.769 -1.261 -0.377 -1.447 -0.752 -0.671 -0.055
P       -0.932 -2.478 -2.539 -1.091 -0.664 -0.588  0.046 -0.728 -0.130 -0.262 -1.982 -1.300  1.070  0.180 -0.306 -0.167 -1.191 -0.212  0.966 -0.028  1.065
Q        0.534  0.414  0.150  0.251  1.655 -0.306 -0.302  1.611  0.364  0.077 -0.659 -0.149  0.000 -0.161 -0.048 -1.233 -0.983 -1.466  1.064 -0.755  0.000
R        0.104  1.997 -0.035  0.496  1.523 -0.711  2.004  0.696  0.560  0.266  1.516  0.390  0.000 -0.210  0.730 -0.289  0.121 -0.531  1.260 -0.011  0.000
S        1.091  0.069  1.539  0.234 -0.042  1.460  0.481 -0.282  1.801  0.678  1.154  1.551  0.000  0.742  1.759  0.879  0.636  1.041  0.911  1.291 -0.022
T        1.078  1.633  0.172  1.857  3.127  0.686  2.359  3.164  1.444  1.390  1.067  0.771  0.000  1.663  1.592  0.828  0.913  2.820  2.966  1.746 -0.066
V        1.793  0.609  0.000  2.202  3.580  2.226  1.810  0.000  0.000  0.000  0.000  0.000  0.000  0.000  0.000  2.018  2.498  3.650  0.000  0.000  0.000
W        0.000  0.000  0.713 -2.397  2.409 -1.760  0.000  3.202 -0.677  1.413  0.000  0.000  0.000  1.186  2.909  1.916  2.501  2.608 -1.947  0.000  0.000
Y        0.128  0.000 -0.204 -0.101 -0.387 -0.307  2.738  0.762  1.317  1.551  0.000 -0.639  0.000 -0.006  0.288  0.618  0.706  3.305  2.321  2.513  0.000
X        0.000  0.000  0.305  0.000  0.000  0.199  0.000  0.000  0.000  0.000  0.000  0.000  0.000  0.000 -1.665  0.000  2.920  0.000  0.000  0.000  1.620
i-2/i     A      C      D      E      F      G      H      I      K      L      M      N      P      Q      R      S      T      V      W      Y      X
A        0.242  1.995 -1.692  0.032 -0.094 -0.247  3.336  0.834  0.455 -0.700  1.606  0.911  0.000  1.306 -0.834 -0.323 -0.509  1.316  0.895 -2.223  1.922
C       -2.261  0.000  0.000  0.000  0.000  0.000  0.000  0.000 -1.987  0.000  0.521  0.000  0.000  0.478  0.000 -0.340 -2.213  0.000 -2.048  0.000  0.000
D       -0.785 -0.568  1.017 -1.027 -1.772 -0.101 -0.133  1.163  0.280  0.008  0.641  1.190  0.000  0.191 -1.944  0.649  0.197  2.203  0.481 -2.085  0.000
E        0.051  0.000  0.341  0.421  1.399  0.605  1.336  1.955  1.943  0.918  0.346  1.155  0.000 -0.236  1.695  0.255  0.860  1.191  3.141  1.519 -0.353
F       -0.236  0.000  0.089 -0.217  1.357 -0.887  0.000 -1.261 -2.156  2.211  0.000 -2.023  0.000 -0.193 -2.795 -1.773  0.560  2.270 -1.602  2.998  0.000
G       -0.380 -1.472  1.465  0.617  0.280 -0.108  0.653  1.890  1.094 -0.662  1.623  0.511  0.000 -0.066  1.632  0.494 -0.429  0.394  2.646 -1.099  0.478
H        1.385  0.000 -1.206  1.626  1.167  0.328  1.007 -0.864 -1.231  0.395  0.000 -1.882  0.000  1.855 -0.753  1.624 -0.741 -0.579  0.000  0.000  0.000
I       -0.916 -1.597 -0.677 -0.973  3.594  0.246  0.645  0.701  1.096  0.411 -1.037  2.236  0.000  2.347  1.390  0.465  0.339 -0.385  0.000  0.266  0.000
K        0.228 -0.994  0.516  0.662  1.735  0.176 -0.853  0.000  0.800  1.427 -1.355  0.950  0.000  0.408  1.443  0.733  0.040  0.296  0.941  1.055  0.000
L        0.295  0.707  0.575 -0.461 -0.522 -0.128  1.476  1.023 -1.421  0.287 -0.329 -0.765  0.000  0.190  1.388  0.314  1.169  0.321 -1.181 -1.531  0.000
M       -1.321  0.000  0.374 -0.479  0.933  0.894 -0.831  0.018 -1.170  1.928  0.000 -0.843  0.000  0.000  2.444  0.026  1.311 -1.694  0.000  0.073  0.000
N       -0.068  0.000 -0.191 -0.607  1.443  0.064  0.691  1.243 -0.600 -0.479 -0.475  0.805  0.000  0.082  1.344 -0.382  1.326 -2.542  0.000 -1.660  0.000
P        0.228  0.000 -1.767  1.031 -1.500 -0.051  1.160  1.822  0.136  0.056 -0.740  0.021  0.000 -2.303 -0.465 -0.391  0.046 -0.930  0.915 -0.159  0.000
Q        0.511  0.000  1.600 -0.424 -1.308  0.898  0.000 -0.506  0.076  1.009 -0.081  0.049  0.000  0.294  0.935  1.084 -0.490  2.923 -0.180  0.379 -3.282
R        0.909  3.188  2.106 -0.138  1.865  0.362 -1.913  0.330  0.382  2.150  0.623  1.324  0.000  0.925  0.653  0.782  1.062  1.234  0.000  0.771  0.000
S       -0.428 -3.067  1.039 -0.268 -0.596  0.482  0.711 -0.293  0.088  0.031 -0.276  0.476  0.000 -0.360  0.338 -0.174  0.485 -0.323  1.604  1.375 -0.471
T        0.486  0.000  0.494  0.189  1.083 -0.676 -0.247  0.469  0.009 -0.024  0.000 -0.060  2.944  0.881  1.046  1.008  0.912 -1.775 -0.374  0.000 -0.547
V       -0.128  0.000  0.979 -1.343  0.909  0.010  1.291  1.472  0.389  0.240  2.141  0.016  0.000  1.154  0.488  0.730  0.884  1.901  1.618 -1.963 -0.706
W       -2.334  1.855  0.000  0.265  1.023  0.000  2.141  0.000  0.292 -2.423  0.000  0.000  0.000  2.023 -2.889  0.410  0.000  0.000  0.000  0.000  0.000
Y       -0.389 -2.641 -3.213 -2.341 -0.071 -2.394  2.312  1.113 -0.976  1.084  0.000 -1.403  0.000  0.399 -0.760  0.107  0.056  2.132  0.000  1.950  0.000
X        0.000  0.000 -1.134 -2.297  0.000 -0.303  0.000  0.000  0.000  0.000  1.803 -0.894  0.000  0.000  0.000 -0.964  0.000 -2.341  0.000  0.000  0.000
i+1/i     A      C      D      E      F      G      H      I      K      L      M      N      P      Q      R      S      T      V      W      Y      X
A        0.180  0.000  0.313  0.563 -1.148 -0.517  0.218  0.324  0.642  0.807  0.321  0.640  0.000  0.998  0.396 -0.110  0.557  0.827  0.000  0.004  0.000
C       -1.862  0.000  1.739  0.409  1.181 -0.121  0.000 -1.474  0.904  0.201  0.000 -1.248  0.000  0.000  1.915  1.153 -0.519 -0.364  0.000  0.000  0.000
D       -0.463  0.541  0.902 -0.318 -0.193 -0.125  0.183 -0.041  0.069  0.709 -0.251 -0.225  0.000 -0.034  0.350 -0.618 -1.167  0.436  1.231 -0.102 -0.277
E       -0.357  0.530 -0.173 -0.007  1.161 -0.347  1.721  1.133 -0.594  0.594 -0.880 -0.924  0.000  0.159 -0.297 -0.312  0.319  0.548 -0.616  1.966  1.283
F       -0.275  0.000 -0.961  0.058  2.833 -0.933  2.698 -0.393  0.305  1.000  1.653  0.068  0.000  1.018  0.498 -0.841  1.368 -0.578  0.633  0.633  0.000
G        0.245  2.910 -0.406  0.288  0.834  0.116  1.163 -0.326  0.007 -0.251  0.113  1.323  0.000 -0.658  0.086  0.480 -1.022 -1.226  1.776 -0.388 -2.497
H       -0.014 -0.044 -1.417 -0.283  2.278 -0.630 -0.111  0.375 -0.797  1.205 -1.745  0.000  0.000  0.335 -1.022 -0.329 -1.359 -0.162  2.152 -0.371  0.000
I       -1.438  0.000  1.142  0.169 -0.876 -0.628  1.752  0.421  0.246  0.614  1.215 -0.289  0.000  0.549 -1.112 -0.336  2.004  0.856  1.511 -1.419  0.000
K       -0.102  2.196  0.788 -0.208  2.131  0.435 -0.497  0.542  0.215  0.348 -0.375  0.036  0.000 -0.486  0.558 -0.092  0.494  0.815  0.033  1.569  0.000
L       -1.159 -0.572 -1.029 -0.093  1.043 -1.005 -1.017 -0.036 -0.623 -0.885 -0.792 -1.157  0.000 -1.127 -0.500 -0.545  1.419  1.725  0.654 -1.860  0.000
M       -0.977  0.000 -0.381  0.059  0.000  0.031  0.224  2.234 -0.939  0.898  1.304 -1.538  0.000 -1.465 -0.321 -0.912  0.137  0.576  0.000  0.000  0.000
N       -0.397  1.087  1.413 -0.552 -1.579  0.343 -3.049 -0.787 -0.602 -0.328  1.118  0.673  3.572  0.780  0.112 -0.533  0.026 -0.010  0.657  0.026 -0.287
P        0.937  1.919  0.855  0.030 -0.431  0.106  0.287  1.249  1.196  0.556  0.423  0.888  0.023  0.743 -0.369  0.596  2.077  0.644  1.468  1.031  0.845
Q        0.530  0.732 -0.282 -0.865 -0.786  0.626  2.992  0.787 -0.635  0.092 -0.887 -0.664  0.000 -0.340  0.718 -0.267  0.820  1.882  2.464 -1.450  2.835
R        0.773  0.992  0.160 -0.181 -0.804  0.107  2.751  0.434 -0.415  0.829  0.149  0.423  0.000 -0.585 -0.233 -0.516 -0.017  0.057  1.727 -0.406  3.145
S       -0.118 -2.406  0.317  0.642  0.918  1.146  0.007 -1.360  0.330  0.382  0.016 -0.387  0.000 -0.835 -0.292 -0.402  0.806 -0.411 -1.034  0.909  2.434
T        0.505 -0.787 -0.202 -0.650  0.066  0.478  1.581  0.693 -0.164  0.263 -0.204  1.046  0.000  0.493  0.683  0.030  0.453  0.074  2.560  0.812  1.989
V       -0.210  0.000  0.737 -0.835  0.325 -0.906  2.511  2.048 -0.237 -0.028  1.814  0.144  0.000 -1.567  0.382  0.287  0.856  0.733 -0.169  1.258  0.000
W        0.000  0.000  1.434 -1.251  0.000 -0.183 -1.806  0.000 -1.161 -0.799  0.000  0.870  0.000 -0.142  0.448 -1.329  0.564 -1.005 -2.888 -1.210  0.000
Y       -0.222  0.000 -2.550 -0.490  3.605 -1.030  1.913  1.048 -1.064  0.409  0.000 -1.077  0.000 -0.162  0.186 -0.181  0.125  0.072  0.000 -0.561  0.000
X       -1.228  0.000  0.137  0.000  0.000  0.363  0.000  0.000  0.106 -2.503  0.000 -1.707  0.000  0.000  0.000 -0.897 -1.894  0.000  0.000  0.000 -2.287
i+2/i     A      C      D      E      F      G      H      I      K      L      M      N      P      Q      R      S      T      V      W      Y      X
A        0.670  0.684  0.379 -0.011  2.073  0.249 -2.054 -0.633 -0.711  0.989  0.487  0.564  0.000  0.516 -0.629  0.205  1.111  1.851  2.483 -0.391  0.000
C       -0.782 -0.764 -0.086  0.000  0.000  0.612  0.000 -2.689  0.213  0.789  0.000  0.000  0.000  0.000  0.000  1.214 -1.302 -1.072  0.000 -1.649  0.000
D        0.806  0.000 -0.427  0.092  0.539 -0.502  0.658  0.482 -0.068  0.766  0.513  0.643  0.000 -0.648 -0.779  0.380 -0.130 -0.619 -0.867  2.735  0.843
E        0.234  0.000 -0.300 -0.181  0.101  0.362  0.756  1.814  1.020 -0.375  1.599 -0.221  0.000  0.292  1.051 -0.463  0.073  0.924  1.952  1.151  2.576
F        0.315  0.000 -0.471 -0.967  0.599  0.011  0.484  0.833  0.218  0.341  0.715  2.850  0.000  0.157  0.584 -1.020  1.327 -2.524  2.991 -0.933  0.000
G        0.678  0.000  0.536  0.414  0.194 -0.098  1.092  0.537 -0.351 -0.151  0.399 -0.010  0.000 -0.304  0.041 -0.384  0.018  1.680  0.000  0.621  1.984
H        0.620  0.000  0.032 -2.470  0.000 -1.190 -0.490  1.219  0.635  0.796  0.651  0.382  0.000  0.739 -0.800  0.426 -0.244 -1.054  0.392  0.488  0.000
I        0.616  0.000  1.724 -0.146 -0.532 -0.371  2.046  0.113 -0.541 -0.209 -0.171  0.162  0.000 -1.696 -0.179 -0.742  1.071 -1.979  1.156  0.634  0.000
K       -0.544 -0.318  0.722  0.633 -0.702 -0.015  3.151  0.718 -0.025  0.407  2.074  1.692  0.000  0.143 -1.167 -0.747  0.606  0.419  0.677 -0.054  0.000
L       -0.795  0.000 -0.085 -0.409 -0.849 -1.005  0.730  0.818 -1.403 -0.969 -0.284 -0.394  0.000 -0.568  0.243  0.281 -0.568  1.330 -0.914  2.246  0.000
M       -0.547  2.506  0.211  2.058  0.000  0.789 -2.880 -0.214 -0.497 -2.176  0.146 -0.314  0.000  0.149  2.287 -0.345 -2.217 -3.334  0.000  2.533  1.775
N       -0.869  0.000  0.703 -0.478  2.540 -0.723 -0.245  1.114  0.874  1.714 -0.166  1.790  0.000 -0.708  0.035  0.174 -0.157  2.104 -0.688 -1.055  0.000
P        0.079 -0.410 -0.299  0.097  1.858 -0.448  1.851  1.652 -0.498  0.030 -2.129 -1.903  0.000 -0.075 -0.670 -0.725  1.370  1.677 -2.792  0.959  0.000
Q       -0.671 -2.376  0.294  0.396  1.810 -0.195  0.855 -0.430  1.659  1.718 -0.427  0.888  0.000  0.257  0.113  0.604 -0.272 -0.945  1.463  0.095  0.000
R       -0.269  0.000  0.660  0.155  1.661  0.105  1.648  1.032 -0.044  1.934 -0.133  0.183  0.000  0.922  0.630  0.110  0.466  1.338  1.878 -0.093  0.000
S        0.140 -0.412 -0.380  0.478  0.412  0.360  2.314  2.238  0.657  0.908  0.287  0.646  0.000 -1.304  0.824  0.773 -0.052 -0.149  0.766  0.114  0.982
T       -0.024 -0.336  0.888 -0.498  1.642 -0.855  1.745 -0.712 -0.895  0.718  0.603 -0.144  0.000  0.463  0.016  0.154  0.892  0.699 -0.037 -1.110  0.000
V       -1.095  0.000 -0.801 -0.018 -0.380  0.035  0.738  0.136 -0.405  1.034 -0.872 -1.017  0.000 -0.569  0.582  0.070  2.036  0.328  0.000 -0.196  0.713
W       -1.209 -1.626  1.692 -2.122 -0.349 -0.103  0.000  0.000 -1.359 -1.064  0.000  0.000  0.000  0.000  0.000 -2.446  0.000  0.591  0.000  0.000  0.000
Y        0.049  0.000  0.084 -0.637  0.431 -0.029  0.000 -2.110 -0.434 -0.272  0.475 -1.085  0.000  0.470 -0.788  0.036  0.000  1.931  0.000  0.000  0.000
X        1.680  0.000  0.000 -0.776  0.000  0.364  0.000  0.000  0.000  0.000  0.000  0.000  0.000  0.000  0.000  1.609 -3.109 -3.183  0.000  0.000  0.000
