i-1/i     A      C      D      E      F      G      H      I      K      L      M      N      P      Q      R      S      T      V      W      Y      X
A       -1.407 -2.018 -1.744 -1.641 -1.753 -1.367 -1.460 -1.712 -1.715 -1.498 -1.494 -1.866  0.000 -1.376 -1.495 -1.726 -1.620 -1.758 -2.209 -0.907 -2.776
C       -0.328 -0.241 -0.211  0.458 -0.746 -0.005  0.815  0.111  0.624 -0.298 -0.645  1.016  0.000 -0.207  0.555 -0.302 -1.561  0.483  0.438  0.909  0.000
D        0.402  0.653  0.434  0.536  1.051  0.879 -0.200  0.582 -0.060  0.309  0.254 -0.609  0.000  0.235  0.171  0.019 -0.939  0.566 -0.333 -0.359  1.565
E       -0.031 -0.102 -0.174 -0.168  0.185 -0.184 -1.024  0.144 -0.506  0.118  0.199 -0.513  0.000 -0.374 -0.756 -0.690 -0.148 -0.142 -0.136  0.048  0.333
F       -0.228 -0.844 -0.401 -0.638 -0.910 -1.016 -1.348 -0.053 -0.559 -1.132 -0.597 -0.126  0.000 -0.404 -1.127 -0.257 -1.257 -0.759 -2.253 -1.319  0.000
G        2.327  2.518  1.937  1.927  2.710  1.762  0.966  2.221  2.231  2.127  2.108  0.000  0.000  1.737  1.462  1.642  1.314  2.428  1.489  2.570  3.016
H       -0.264  0.523 -0.737 -0.922 -2.417 -0.708 -1.009 -0.282 -0.579  0.140 -1.084 -0.336  0.000 -0.016 -0.656  0.070 -1.885 -0.919  0.161 -1.381  2.019
I        0.231  0.148  0.678  0.123 -0.909  0.590  1.084 -0.128  0.299 -0.563 -0.520  0.445  0.000  0.323  0.192  0.237 -0.232  0.178  1.089  0.007  0.037
K       -0.485 -0.282 -0.687 -0.593 -1.253 -0.559 -1.917 -0.421 -0.649 -0.414 -0.581 -0.750  0.000 -0.799 -0.557 -0.476 -0.967 -0.242 -0.791 -1.876  0.500
L       -0.719 -1.024 -0.806 -0.465 -1.453 -1.234 -0.375 -0.715 -0.502 -1.002 -0.349 -0.529  0.000 -0.688 -0.592 -0.709 -1.138 -0.932 -1.138 -1.125  0.000
M       -0.374 -1.349  0.826 -0.069 -2.080  0.297 -0.272 -0.294  0.060 -0.293 -0.619 -0.866  0.000  0.147 -0.009  0.217 -2.404 -0.360 -0.089 -1.870  1.219
N        0.866  0.907  0.630  0.305  1.515  0.822 -0.977  0.492  1.082  1.286  1.173  0.621  0.000  0.773  0.207  0.564  0.837  1.081  1.315  0.811  2.514
P       -1.994  0.000  0.000 -2.047 -2.358 -1.977  0.000 -2.150  0.000 -1.631 -1.843 -1.991  0.000 -2.239 -2.257 -2.111 -1.522 -1.876 -0.960 -1.951 -3.058
Q       -0.095 -1.721 -0.169 -0.081 -0.189  0.029 -0.433  0.174 -0.225  0.265  0.182 -0.111  0.000 -0.004 -0.566 -0.008  0.226  0.094 -0.014 -0.233 -1.439
R       -0.541 -1.079 -0.694 -1.165 -1.194 -0.623 -0.405 -0.419 -0.952 -0.406  0.123 -1.028  0.000 -0.833 -0.590 -0.463 -0.749 -0.144 -0.424 -0.459 -2.919
S        1.888  2.861  2.173  1.995  2.556  3.015  2.571  2.076  1.849  1.937  2.324  2.301  0.000  1.916  1.906  1.992  0.488  2.351  1.373  2.341  0.000
T        1.612  1.755  1.473  1.755  1.187  1.535  1.642  1.666  2.042  1.809  0.000  2.229  0.000  2.391  1.832  1.975  0.166  1.633  1.321  2.180  1.012
V       -0.022  0.608  0.321  0.073 -0.706 -0.433 -0.913  0.035  0.105 -0.605 -0.372 -0.033  0.000 -0.082 -0.184 -0.023 -0.745  0.155 -0.527 -0.035 -0.163
W       -1.165  1.046 -1.278 -0.786 -0.552 -2.406 -1.328 -0.393 -0.668 -1.216 -0.262 -1.017  0.000 -0.244 -0.668 -0.580  0.709  0.110 -0.159 -1.863  0.000
Y       -0.807 -0.231 -0.524 -0.661 -1.791 -0.238 -0.478 -0.383 -0.295 -0.837 -1.147 -0.666  0.000 -0.635 -0.721 -0.841 -2.322 -0.428 -1.131 -0.922  0.860
X        2.013  0.000  1.851  2.052  0.000  0.000  0.000  0.000  1.273  1.126  0.619 -2.479  0.000  1.011  1.038  1.283 -0.617  0.000  0.000  0.000  0.000
i+1/i     A      C      D      E      F      G      H      I      K      L      M      N      P      Q      R      S      T      V      W      Y      X
A       -0.030  0.570  0.169  0.164  0.099  0.228 -0.238  0.260  0.275 -0.042  0.263  0.808  0.000  0.295  0.168  0.057  0.107  0.326  0.364 -0.063  0.510
C        0.258  2.026  0.791 -0.142  0.719  0.681  2.359  0.889 -0.460  0.910  0.684  0.193  0.000  0.214 -1.582  1.274 -0.426  0.227  0.916  0.230  0.000
D       -0.059 -1.075  0.046  0.132  0.132 -0.160  0.256  0.245  0.485  0.213  0.571 -0.487  0.000  0.563  0.311  0.001  0.031  0.226 -0.084 -0.393 -0.624
E        0.011 -0.393 -0.274  0.090 -0.038 -0.015 -0.462  0.157  0.341  0.176 -0.118 -0.134 -2.138  0.034  0.203 -0.064 -1.058  0.385  0.371  0.307  0.689
F        0.273 -0.275  0.745  0.694  0.566  0.129 -0.817  0.093  0.340  0.078  0.927  0.536  0.000  0.213 -0.479  0.624 -0.042  0.230  0.424  0.141  0.000
G       -0.063 -1.895  0.111  0.328  0.344  0.124  0.130 -0.395  0.310 -0.102  0.122  0.402  0.000  0.150 -0.310  0.178 -0.464  0.138 -0.364 -0.533  0.000
H       -0.054 -0.254 -0.395 -0.403  0.486 -1.447  0.232  0.138 -0.822  0.056 -0.453 -0.510  0.000 -0.583 -0.965 -0.768 -0.685 -0.696 -0.311  0.195  0.000
I        0.242 -0.454  0.463  0.116  0.122  0.368  0.093  0.423  0.505  0.473  0.144  0.559  0.000 -0.067  0.136  0.800  1.071  0.569 -0.140  0.619  0.948
K        0.127 -0.224 -0.504 -0.292  0.093 -0.703  0.321  0.174 -0.007  0.080 -0.536  0.175  0.000  0.056 -0.528 -0.367 -0.247  0.241 -0.647 -0.258  0.000
L        0.181  1.448  0.477  0.395  0.918  0.603  0.438  0.715  0.089  0.628  0.939  0.515 -9.656  0.169  0.162  0.649  1.062  0.255  0.955  0.379  0.755
M       -0.018 -1.139  0.858  0.262  1.052 -0.370 -0.475 -0.072 -0.454  0.703  0.903  0.637  0.000 -0.540 -0.164  0.626  0.545  0.125 -0.436  1.391  1.028
N       -0.147  2.152 -0.036 -0.248  1.001 -0.595  0.096  0.054  0.112  0.222  0.806  0.444  0.000  0.148 -0.534 -0.124 -0.969  0.384  0.293  0.515  0.000
P        1.038  0.000  1.849  0.737 -0.443  0.675  0.000 -0.257  1.793  0.327  0.061  0.000  0.000  1.366  1.669  1.100  1.800  1.628  0.793  0.677  0.000
Q       -0.202  0.283 -0.294 -0.087 -0.509 -0.634 -0.420 -0.048 -0.273 -0.043 -0.073  0.012  5.444 -0.326  0.092 -0.416 -0.033 -0.655 -0.955 -0.217 -0.453
R       -0.068 -0.393  0.007 -0.510  0.006 -0.393  1.204  0.012 -0.070 -0.110 -0.425 -0.438  0.000 -0.421 -0.154 -0.858 -0.025  0.029 -0.347  0.299 -2.017
S       -0.098 -0.486  0.158 -0.474 -0.844 -0.187  0.136 -0.339  0.209 -0.471 -0.477 -0.006  0.000 -0.579  0.179 -0.416 -1.387 -0.408 -0.428 -0.243 -1.521
T       -0.536 -1.483 -1.149 -0.427 -1.165 -0.253 -0.699 -0.399 -0.166 -0.567 -0.779  0.033  0.000 -0.017 -0.602 -0.367 -0.800 -0.270 -1.865 -0.205  1.456
V        0.218  0.250 -0.049 -0.107  1.009  0.581  0.732  0.548 -0.184  0.345 -0.088  0.247  0.000  0.375  0.088 -0.062  0.329  0.084 -0.514  0.304  1.358
W        0.394  2.060  0.243  0.338  0.871 -0.008  0.323  0.907  0.050  1.038 -0.108  1.098  0.000  0.448 -0.020  1.072 -0.738 -0.128 -0.859  0.368  0.000
Y       -0.151  2.231  0.102 -0.153  0.687  0.592  0.566  0.231 -0.151 -0.024  0.722  0.071  0.000  0.855  0.231 -0.246 -0.689 -0.242 -0.189  0.229  0.000
X        0.109  0.000 -0.915 -0.840  0.000  0.474  2.246  0.941  0.000  0.260  0.246  1.018  0.000  1.484  0.112  2.133  0.242 -0.960  0.000 -0.747  0.000
i+2/i     A      C      D      E      F      G      H      I      K      L      M      N      P      Q      R      S      T      V      W      Y      X
A        0.206  0.807  0.134  0.171  0.742  0.525  0.365  0.342  0.357  0.237  0.191  0.568  0.000  0.237  0.187  0.223  0.582  0.091 -0.146  0.350  1.126
C       -0.578  0.000  0.347 -0.092  1.237 -1.857  1.436 -0.198  0.096  0.726 -1.314  0.754  0.000 -0.177 -0.805  0.337  0.368 -0.745 -0.623  0.000  0.000
D       -0.008 -0.736  0.505  0.839  0.883  0.110  0.526  0.372  0.504  0.305  0.331  0.125  0.000  1.203  0.778  0.203 -0.102  0.338  0.175  0.327 -0.836
E        0.493  0.828  1.026  0.714  0.186  0.836  0.878  0.300  0.926  0.415  0.316  0.875  4.070  0.682  1.304  0.544  0.580  0.351  1.113  0.386 -0.738
F       -0.421  0.655 -0.457 -0.215  0.532 -0.314 -0.032 -0.440  0.025 -0.526 -0.232  0.181  0.000  0.097 -0.323 -0.433 -0.628  0.075 -1.247  0.305 -0.460
G        0.479 -0.026  0.422  0.245  0.960  0.798  0.219  0.697  0.434  0.369  0.456  0.309  0.000  0.665 -0.319  0.932  1.086  0.513  1.812  0.337  0.000
H        0.095  0.902  0.736  0.694  0.647  0.913  1.325 -0.031  0.559  0.074  0.415  0.520  0.000  0.382  0.013  1.070 -0.310  0.855  1.390  0.141  0.000
I       -0.472 -1.571 -0.461 -0.496 -0.235 -0.522  0.329 -0.695 -0.208 -0.494  0.196  0.072  0.000 -0.296 -0.255 -0.782 -0.437  0.476 -0.915  0.229  0.229
K        0.530  1.263  0.724  0.727  1.038  0.708  0.469  0.464  0.627  0.602 -0.013  0.635 -2.637  0.376  0.041  0.627  0.571  0.181  0.437  0.609  2.499
L       -0.234  0.112 -0.189 -0.341 -0.707 -0.325 -0.081 -0.059 -0.019 -0.050 -0.045  0.335  1.074 -0.127 -0.276 -0.039 -0.152 -0.397 -0.656  0.197 -1.448
M       -0.651 -0.235  0.126  0.174 -0.314 -0.106 -0.925 -0.084 -0.033  0.222 -0.828  0.424  0.000  0.212 -0.422  0.171 -0.274 -0.227  0.742 -0.430  0.000
N        0.275  1.600  0.115  0.517 -0.098 -0.858  2.152 -0.299  0.547  0.472  0.488 -0.153  0.000  0.896 -0.123  1.124  1.233 -0.492 -1.037  0.634  1.930
P       -1.445  0.000 -0.461 -1.573  1.194  2.684  0.000 -2.595 -0.479 -1.279  0.000  0.691  0.000 -1.396  0.030  0.522  0.000 -1.106  0.000  0.000  0.000
Q        0.343  0.989  0.771  0.780  0.456  0.316  1.100  0.862  0.644  0.604  0.776  0.677  0.000  1.003  0.588  0.702  0.795  0.483 -0.025  0.424 -0.901
R        0.260  0.097  0.312  0.355  0.347  0.259  1.063  0.463  0.234  0.105  0.577  1.056  0.000 -0.114  0.397  0.226  0.732  0.489 -0.608  0.516  1.541
S        0.692  1.283  1.371  0.843  0.446  1.086  0.092  0.830  0.049  0.598  0.217  0.619  0.000  0.923  0.424  0.817  0.446  0.773  0.137  0.356 -0.246
T        0.430  0.840  1.065  0.502  0.922  0.434 -0.377  0.312  0.613  0.922  0.602  0.332  0.000 -0.154  0.911  1.238 -0.010  0.411  0.818  0.623  0.545
V       -0.417 -2.388 -0.281 -0.487 -0.252  0.162 -0.243 -0.266 -0.569 -0.073 -0.143 -0.026  0.000  0.021 -0.374  0.006 -0.337 -0.215 -0.257 -0.149 -0.651
W       -0.712  1.228 -0.270  0.196 -2.905  0.742 -0.838  0.784  0.533 -0.722 -2.136 -0.099  0.000  0.109  0.195  0.978  0.467  0.204  0.000  0.199  0.000
Y       -0.447 -1.811 -0.665 -0.121 -0.299 -1.563 -0.272 -0.109 -0.348 -0.340 -0.866 -0.201  0.000 -0.532 -0.324 -0.521  1.540 -0.014 -0.682  0.037  0.000
X       -0.828  0.000 -0.370  2.022  0.000 -3.021 -1.342 -1.306 -0.272 -0.429  0.000  0.000  0.000  0.000 -0.520  0.000  2.055  0.261 -0.763 -1.161  0.000
i+3/i     A      C      D      E      F      G      H      I      K      L      M      N      P      Q      R      S      T      V      W      Y      X
A        0.428  0.426  0.351  0.585  1.027  1.146  1.098  0.364  0.962  0.762  0.211  1.009  0.000  0.435  0.516  0.335  0.587  0.454  0.072  0.571  0.859
C       -0.278 -1.709  0.340  0.327 -1.069  0.060  0.000  0.652  2.067  0.078  1.879  1.133  0.000  1.180  1.285  1.102  1.450  0.496 -0.271  0.724  0.000
D       -0.758  1.316  0.408 -0.389 -0.037  0.169 -0.257 -0.326 -0.282  0.109 -0.313  0.661  0.000  0.182 -0.532 -0.139 -0.671 -0.036  0.053 -1.009  0.571
E       -0.166  0.110  0.271  0.059  0.261  0.015 -0.353  0.420  0.154  0.422  0.805  0.399  0.000  0.346 -0.311 -0.075  0.548 -0.009 -0.849  0.785 -0.717
F        0.623 -0.602 -0.782  0.104 -0.109  0.632  0.834  0.190  0.647  0.925  0.204 -0.155  0.000  0.606  0.760  0.379  1.111  0.070  1.200  0.383  0.000
G        0.587 -0.385  0.987  1.322  1.753  0.389  0.623  0.976  0.940  1.353  1.200  1.041  0.000  0.658  1.173  0.695 -0.124  0.810  0.944  1.121  0.000
H        0.347  0.560  0.622 -0.295  1.156 -0.821  2.265  1.433  0.132  0.270  0.435  0.637  0.000  1.076  0.580  0.883 -1.198  0.549  0.515 -0.065  0.743
I       -0.388 -0.090  0.253 -0.203  0.055 -0.819  0.883 -0.309 -0.467 -0.417 -1.441 -0.214  0.000 -0.551  0.159 -0.455 -0.930 -0.467  0.574  0.224 -0.250
K       -0.050  0.855  0.093  0.055 -0.010 -0.325  0.409 -0.175  0.077  0.537  0.146  0.241  0.000  0.448  0.100  0.056  1.061  0.429  1.164 -0.128  2.719
L       -0.105  0.392 -0.092 -0.325 -0.150 -0.208  0.682 -0.006 -0.161 -0.069 -0.366  0.487  4.093 -0.265  0.108  0.309 -0.294 -0.192 -0.380  0.040 -0.369
M        0.631  0.424  0.219  0.201  0.866 -0.068  0.271  0.204  0.083  0.444  0.129  0.081  0.000 -0.326  0.428 -0.475 -0.135  0.561  0.975  0.681 -2.126
N        0.250  1.805  0.044 -0.095  0.580  0.693  0.217  0.634  0.019  0.473  0.030  0.123  0.000  0.470  0.417  0.127  0.978  0.554 -0.401  0.378  1.636
P        0.227  3.255  0.000 -1.332  0.000  1.626  0.000  0.000  0.000  0.000 -1.614  0.000  0.000  0.000 -1.921 -1.167 -2.415  0.000  1.013  0.000  0.000
Q       -0.173  0.225 -0.109  0.304  0.561  0.560 -0.260  0.655  0.581  0.141  1.411  0.725  0.000  0.382  0.067  0.498  1.055  0.428 -0.080  0.763  1.198
R        0.253  0.716  0.398  0.401  0.742  0.507  0.451  0.329  0.403  0.435  1.070  0.319  0.000  0.356  0.221  0.156  1.119  0.696 -0.249  0.130 -0.933
S        1.174  0.489  1.242  1.238  1.095  1.448  0.955  1.542  1.305  1.108  0.865  1.089  0.000  1.373  1.226  1.052  1.265  1.670  1.883  1.504  0.000
T        1.717  0.000  0.822  2.086  2.602  0.990  0.988  1.688  1.513  1.917  1.752  1.431  0.000  1.578  2.022  1.330  1.151  2.620  1.332  2.649  1.182
V       -0.106  1.606 -0.731 -0.833  0.174 -0.509 -0.652  0.403 -0.668 -0.039 -0.621 -0.200  5.368 -0.796 -0.528 -0.200 -0.758 -0.092 -0.563  0.509  0.554
W        0.760  0.000 -0.338  0.737 -0.172 -0.201 -0.166 -0.265  0.846  0.791 -0.184  0.312  0.000  1.283 -0.517  0.801  0.125  0.626  0.556 -0.279  0.000
Y        0.587 -0.923  0.343 -0.374  0.013  0.722  1.126  0.612  1.016  0.417  0.672  1.213  0.000  0.685 -0.006  0.548  0.435  0.109 -0.378  0.480 -0.958
X        1.027  0.000 -2.263  0.395  0.000  0.000 -2.217  2.591 -1.197  0.563  1.774 -0.653  0.000  1.487 -0.354  0.000  0.000  1.146  0.000  1.464  0.970
i+4/i     A      C      D      E      F      G      H      I      K      L      M      N      P      Q      R      S      T      V      W      Y      X
A        0.166  0.140  0.080  0.174  0.371 -0.124  0.015  0.438  0.351  0.238  0.638  0.202 -0.238  0.323  0.433 -0.036  0.090  0.130 -0.293  0.262 -0.012
C        0.157 -0.360 -0.011 -0.133 -0.304  0.571  0.920  0.313  0.190  0.494  1.236  0.430  0.718  0.000  0.753  0.363  0.077  0.308 -0.359  0.766  0.000
D        0.228  0.000  0.071  0.434 -0.103 -0.114  0.491  0.436  0.134  0.106  0.034  0.252  0.209 -0.055 -0.076  0.172 -0.071  0.262 -0.106  0.281  0.000
E        0.157 -0.029  0.067  0.356  0.140 -0.165  0.113  0.429  0.382  0.402  0.043  0.410  0.117  0.243  0.351 -0.007  0.211  0.416  0.952  0.791  0.596
F        0.152 -0.764 -0.004 -0.113  0.061 -0.054  0.174 -0.132  0.093  0.207 -0.255 -0.557 -0.867  0.289  0.036  0.614  0.666  0.216  0.332 -0.446  0.861
G        0.104  0.000  0.188  0.121 -0.407 -0.169 -0.205  0.351  0.044  0.163 -0.500  0.083  0.161 -0.021  0.205  0.333 -0.167  0.114 -1.219  0.215  0.000
H        0.085  0.000 -0.073  0.264  0.520  0.070  0.476  0.313  0.492  0.331 -0.925  0.577 -0.347  0.262  0.484  0.521  1.214 -0.003  0.198  0.855  0.000
I        0.270  0.700  0.080  0.006 -0.344  0.066 -0.010  0.055  0.200  0.194 -0.026  0.109 -0.164  0.044  0.337  0.448  0.656  0.312  0.847 -0.033  0.990
K        0.113  0.042  0.313  0.146  0.435 -0.039 -0.109 -0.151  0.516  0.386 -0.153  0.200  0.054  0.127  0.359  0.077  0.013  0.386 -0.017  0.441  1.222
L        0.139  0.507 -0.056 -0.069 -0.107  0.048  0.046  0.099 -0.044  0.264  0.198 -0.135 -0.254  0.187 -0.116  0.388  0.348  0.260 -0.509 -0.223  2.223
M       -0.000  0.187  0.281 -0.117  0.226  0.532  0.233  0.335  0.230  0.333 -0.129 -0.088 -0.229  0.115  0.333  0.445  0.575  0.058 -0.285 -0.179  0.418
N        0.179  0.164  0.235  0.238  0.190  0.265  0.336 -0.039  0.063  0.355 -0.060  0.244  0.026  0.237 -0.019  0.062  0.320  0.186  0.836  0.672  0.000
P       -0.180 -0.803 -0.465 -0.125  0.000  0.000  0.000  0.000  0.072  0.722  0.000  0.000  0.000  0.000 -0.398 -0.465  0.000 -0.884  0.000  0.000  0.000
Q        0.145  0.212  0.192  0.236 -0.042  0.378  0.117 -0.257  0.314  0.324  0.148  0.218  0.099  0.237  0.171 -0.291  0.191  0.318  0.283  0.324  0.000
R        0.158 -0.260  0.268  0.312  0.618  0.308  0.211  0.144  0.462  0.240 -0.030  0.307  0.035  0.326  0.524  0.155  0.174  0.126  0.517  0.330 -0.474
S        0.189  0.071  0.116  0.303  0.318 -0.097  0.208  0.290  0.441  0.182  0.096  0.211  0.101  0.278  0.375  0.274 -0.012 -0.174  1.201  0.595  0.000
T        0.103  0.431  0.005  0.216  0.629  0.322 -0.210 -0.218  0.288  0.207 -0.217  0.354  0.314  0.059 -0.095  0.143 -0.248  0.005  0.913  0.293  0.143
V        0.259 -0.716  0.084 -0.038  0.234 -0.093  0.542 -0.439 -0.024  0.268  0.522 -0.143 -0.220  0.269  0.374  0.605  0.091  0.369  0.178  0.020  0.603
W        0.236 -0.096 -0.243 -0.102 -0.079  0.328  0.571  1.016 -0.071  0.247 -0.617  0.496 -0.339  0.034  0.390  0.366  0.268  0.346  0.447  0.653  0.000
Y        0.130  0.987 -0.004  0.070  0.409  0.185  0.014 -0.282 -0.380  0.197 -0.086  0.040 -0.187  0.159  0.034  0.272 -0.026 -0.070 -0.194  0.217  1.637
X        0.459  0.000  0.296  0.000 -0.360  0.000  0.000  0.559  0.581  0.194  0.000  0.000 -0.134  0.302  0.565  0.000  0.000 -0.199  0.671  0.038 -0.855
