i-1/i     A      C      D      E      F      G      H      I      K      L      M      N      P      Q      R      S      T      V      W      Y      X
A       -1.301  0.000  0.464  0.000  0.000  0.000  0.000  0.000  0.547  0.000 -3.023  0.000  0.000  0.000 -2.581 -1.279  1.650  0.576 -0.842  0.000  0.000
C        0.000  0.000  0.000  0.000  0.000  0.000  0.000  0.000  0.000  0.000  0.000  0.000  0.000  0.000  0.000  0.000  0.000  0.000  0.000  0.000  0.000
D        0.000  0.000  0.000  0.000  0.000  0.000  0.000  1.208 -1.494  0.000  0.000  0.000  0.000 -1.592  0.000  0.000  0.000  1.270  0.000  0.000  0.000
E       -0.316  2.099  1.798  2.694 -1.061  0.000  0.013  2.762  0.694 -0.174  0.000 -1.365  0.000  0.000  0.000 -0.934  0.951 -0.880  0.000  0.466  0.000
F        0.000  0.000  1.146  2.520  0.579  0.000  0.000  0.000  0.000  0.000  0.000  0.000  0.000  0.000  0.000  0.429 -0.506 -2.623  0.000  0.000  0.000
G        0.000 -3.736  0.000  0.000  0.000  0.000  0.000  1.617  0.000 -1.379  0.000  0.000  0.000  0.000  0.000  0.000 -0.088  0.000  0.000  0.000  0.000
H        0.000  0.000  0.000  0.000  0.000  0.000  0.000  0.000  0.000  0.000  0.000  0.000  0.000  0.000  0.000  0.000  0.000  0.000  0.000  0.000 -1.790
I        0.000  0.000  0.000  0.000  0.000  0.000  0.000  1.878  3.645  0.000  0.000  0.000  0.000  0.000  0.000  0.000  2.755  2.943  0.000  0.000  2.372
K        0.000  0.000  0.000  1.299  0.000  0.000  0.000  1.031  0.764  2.634  0.000  1.591  0.000 -1.980  1.583 -0.268  0.000 -2.454  0.000  0.000  0.000
L       -3.542  0.000  1.133  0.433  0.000  0.000  0.000  2.639 -2.534  0.383  0.000  0.000  0.000  1.314 -0.050  0.573 -1.389  0.675  0.000  0.000  0.000
M        0.815  0.000  2.348  0.000  0.000  0.450  0.000  0.000  0.000  0.000  0.000  0.000  0.000  0.000  0.000 -2.036  0.000  0.393  0.000  0.000  0.000
N        0.000  0.000  0.834  0.000 -1.192  0.000  0.000 -0.160  0.000  0.779  0.000  0.000  0.000 -2.157  0.000  0.000  0.000  1.902  0.000  0.000  0.000
P       -1.150  0.000 -0.215 -1.423  2.997 -3.395 -0.470 -1.102 -1.047 -0.891 -0.038 -0.209 -1.222 -1.336  0.548 -1.355 -4.273 -0.456 -1.954  0.000 -0.378
Q        2.983  0.000  0.848  0.567 -2.748  0.000  0.000  2.725  0.000 -1.975  0.000  0.000  0.000  0.000  0.000  0.000  0.881  1.064  0.000  0.000  0.000
R       -0.567  0.000  0.000 -0.485  0.000  0.000  0.000 -2.351 -0.327  1.046  0.000  0.000  0.000  0.000  1.245  1.982  0.579  3.131  0.000  0.000  0.000
S       -1.491  0.000  0.667 -1.639  0.000  0.000  0.000 -1.912 -1.105  0.217 -0.564  0.425  0.000  0.000  0.999  0.838  2.019 -1.540  0.000  0.000  0.000
T        1.559  0.000  0.425 -0.102  0.000  0.000  0.000 -0.508  3.723  0.570  1.416 -2.454  0.000  1.873  0.000  0.000 -0.554  2.589  0.000  0.000  0.000
V        0.000  0.000  0.873  0.000  1.219  2.374  0.000  2.491  1.373  0.901  0.000  0.000  0.000  0.000  1.256  0.000  0.000  1.290  0.000  0.000  3.312
W        0.000  0.000  0.000  0.000  0.000  0.000  0.000  0.000  0.000  0.000  0.000  0.000  0.000  0.000  0.000  0.975  0.000  0.000  0.000  0.000  0.000
Y        0.015  0.000  0.000  0.000  2.372  0.000  0.000  0.000  0.000  2.978  0.000  0.000  0.000 -1.298 -1.733  0.000 -2.761  0.000  0.000  0.000  0.000
X        0.000  0.000 -0.778  0.000  0.000 -0.868  0.000  0.000  0.000  0.000  0.000  0.000  0.000  0.000  0.000 -0.715  0.000  0.000  0.000  0.000  0.000
i-2/i     A      C      D      E      F      G      H      I      K      L      M      N      P      Q      R      S      T      V      W      Y      X
A        0.231  0.000  2.722 -1.120  0.000  0.000  0.000  0.000  2.115 -0.685  0.000  0.000  0.000  2.089  0.000  1.328  0.000 -2.520  0.000  0.000  0.000
C        0.000  0.000  0.000  0.000  0.000  0.000  0.000  0.000  0.000  0.000  0.000  0.000  0.000  0.000  0.000  0.000  0.000  0.000  0.000  0.000  0.000
D        2.857  0.000  0.000  2.628  0.000  0.000  0.000  0.500  0.000  0.000  0.000  0.000  0.000  0.000  0.000  0.000  0.000  0.000  0.000  0.000  0.000
E        0.000  0.000  0.000  0.000 -3.103  0.000  0.000  0.000 -1.838  0.317  0.000  1.052  0.000  1.784  0.000 -0.377 -0.680  1.748  0.000  0.000  0.000
F        0.000  0.000  0.000  0.000 -1.147  0.000  0.000  0.000 -3.814  0.000  0.000  0.000  0.000  0.000  1.445  0.279  0.000 -0.879  0.000  0.000  0.000
G        1.989  0.000  0.000 -0.688  0.000  0.000  0.000  1.934  0.000 -2.074  0.000  0.000  0.000  0.000  0.000  0.000  0.000  0.000  0.000  0.000  0.000
H        0.000  0.000  0.000  0.000  0.000  0.000  0.000  0.000  0.000  0.000  0.000  0.000  0.000  0.000  0.000  0.000  0.000  0.000  0.000  0.000  0.000
I        0.000  0.000  0.000  2.076  0.000  2.911  0.000  0.000 -0.109 -0.249  0.000  1.742  0.000  0.000 -0.135  0.000  0.489 -2.227 -0.043  1.813  0.000
K        0.299  0.000  1.188 -0.287  0.000  0.000  5.477  1.354 -0.746  1.982  0.000  0.000  0.000  0.000  2.981  1.110  1.336 -1.573  0.000  0.000  0.000
L       -1.524  0.000 -1.211  0.664  0.000  0.000 -0.639  0.000  3.152 -2.501  0.000 -0.180  0.000 -1.540 -1.631  0.067 -3.894 -0.995  0.000  0.000  0.000
M       -0.399  0.000  0.000 -0.740  0.000  0.000  0.000  0.000  0.000  0.000  0.000  0.000  0.000 -0.057  0.000 -1.033  0.000  0.000  0.000  0.000  0.000
N        0.000  0.000  0.000  0.000  0.000  0.000  0.000  0.000  0.000  0.000  0.000  0.000  0.000  0.000  0.000  0.000  3.099  0.000  0.000  0.000  0.000
P       -0.023  0.000  0.579  0.414  0.000  0.000  0.000 -1.253  1.476 -0.800  0.000  0.751 -0.263 -0.299 -0.472  1.197 -1.234 -1.032  0.000  0.000  0.000
Q        0.010  0.000 -0.412 -0.234  0.000  0.000  0.000  0.000  0.000  0.447  0.340  0.000  0.000  0.000  0.000  0.000  4.126  0.000  0.000  0.000  0.000
R        0.168  0.000  1.124  0.000  0.000  0.000  0.000  1.076  3.338  0.000  0.000  1.000  0.000  0.000  0.000  1.013  0.000 -2.208  0.000  0.000  1.616
S        0.000  0.000  0.000  0.000  0.000  0.000  0.000  0.165  0.000  0.000 -0.168  0.000  0.000  0.000  0.000  2.884  0.000  0.827 -0.667  0.000  0.953
T        2.269  0.000  2.779  0.000  0.000 -0.764  4.811  1.612  0.000 -0.182  0.000  0.000  0.000  0.715  0.782  0.108  0.000  2.842  0.000  0.000  0.000
V        0.861  0.000  0.395 -0.730  0.000  0.000  0.000 -2.921  0.206  2.104  0.000  0.000  0.000  0.000  0.398 -1.103  0.324  0.326  0.000  0.000  0.000
W        0.000  0.000  0.000 -0.374  0.000  0.000  0.000  0.000  0.000  0.000  0.000  0.000  0.000  0.000  0.000  0.000  0.000  0.000  0.000  0.000  0.000
Y        0.000  0.000  0.000 -1.797  0.000  0.000  0.000  0.000  0.000 -0.900 -1.557  0.000  0.000  0.000  0.000  0.000 -2.103  3.092  0.000  0.000  0.000
X        0.000  0.000  2.262  0.000  0.000  0.000  0.000  2.438  1.336  0.000  0.000  0.000  0.000  0.000  0.000  0.000 -1.787  0.000  0.000  0.000  0.000
i+1/i     A      C      D      E      F      G      H      I      K      L      M      N      P      Q      R      S      T      V      W      Y      X
A       -0.182  0.000  0.000 -1.333  0.000  0.000  0.000  1.824  0.000 -3.309 -2.047  0.000  0.000 -1.034 -1.535 -1.072  0.665  0.200  0.000  0.000  0.000
C        0.000  0.000  0.000  0.414  0.000 -1.278  0.000  0.000  0.000  0.000  0.000  0.000  0.000  0.000  0.000  0.000  0.000  0.000  0.000  0.000  0.000
D        0.882  0.000  2.602  0.000 -1.312  0.000  0.000  2.103 -2.324  1.485  0.000  1.064  0.000  0.868  0.000  2.044  2.995 -2.706  0.000  0.000  2.576
E       -3.288  0.000  0.000  3.079  3.094  0.000  0.000 -1.023  0.204  0.601  0.000  0.000  0.000  0.686 -0.556 -0.307 -3.096  0.964  0.000  0.000  0.000
F        0.000  0.000  0.000 -2.901  0.055  0.000  0.000  0.835  0.000  0.000  0.000  1.120  0.000  2.290  0.000  0.000  1.213 -0.627  0.000  0.000  0.000
G        0.000  0.000  0.000  0.000  0.000  0.000  0.000  0.000  0.000 -1.957 -2.202  0.000  0.000  3.192  0.000  0.000  0.000  1.907  0.000  0.000 -2.110
H        0.000  0.000  0.000 -1.585  0.000  0.000  0.000  0.000  0.000  3.028  0.000  0.000  0.000  0.000  0.000  0.000  0.000  0.000  0.000  0.000  0.000
I        0.000  0.000  2.425  1.927  0.000 -1.720  0.000 -2.272 -2.497  0.000  0.000 -0.873  0.000  0.744 -0.069 -0.303 -1.242 -0.029  0.000  0.000  0.000
K       -0.488  0.000 -2.488 -1.158  0.000  0.000  0.000  0.004 -2.753  2.707  0.000  0.000  0.000  0.000  3.105 -2.034  3.992 -0.319  0.000  0.000  0.000
L        0.000  0.000  0.000  0.176  0.000  1.093  0.000 -0.584  0.177  1.013  0.000  0.209  0.000  0.662  2.274  0.298 -2.377 -0.536  0.000  0.000  0.000
M        0.493  0.000  0.000  0.000  0.000  0.000  0.000  0.000  0.000  0.000  0.000  0.000  0.000  2.443  0.000  0.000  1.956  0.000  0.000  0.000  0.000
N        0.000  0.000  0.000 -1.035  0.000  0.000  0.000  0.000  1.176  0.000  0.000  0.000  0.000  0.000  0.000 -0.251 -1.483  0.000  0.000  0.000  0.000
P        0.919  0.000  0.515 -0.522  0.787  0.980  0.000 -0.839  1.084  0.085  1.863 -0.358 -0.812 -2.423 -0.733  1.106  0.600  0.154  0.000  1.533 -1.126
Q        0.000  0.000 -0.828  0.000  0.000  0.000  0.000  0.000  1.953 -0.564  0.000  0.000  0.000  0.000  0.920  0.000  1.290  0.000  0.000  2.385 -0.424
R       -3.274  0.000  0.000  0.000  0.000  0.429  0.000  0.178 -1.140 -0.024  0.000  0.000  0.000  0.000  0.000  0.734  0.000 -0.996  0.000  0.000  0.000
S       -0.348  0.000  1.299  2.719 -1.171  0.000  0.000 -0.598  2.860 -0.123  0.933  0.000  0.000  0.000  0.270  0.176  0.000 -0.880 -0.783  0.000  1.450
T       -0.384  0.000  0.000  1.395 -1.212 -1.554  0.000  0.456  0.000 -1.243  1.748  2.200  0.000 -1.832  1.573  0.155 -0.637  0.000  0.000 -0.204  0.000
V        3.069  0.000  0.856 -2.161 -0.601  0.000  0.000 -0.201 -0.572  0.403 -1.578 -0.292 -2.009  0.796 -0.685 -1.655  2.492 -1.230  0.000  0.000  0.000
W        2.757  0.000  0.000 -2.939  0.000  0.000  0.000  0.000  0.000  0.000  0.000  0.000  0.000  0.000  0.000  0.000  0.000  0.000  0.000  0.000  0.000
Y        0.000  0.000  0.000  0.000  0.000  0.000  0.000  0.000  0.000  0.000  0.000  0.000  0.000  0.000  1.861  0.000  0.000 -1.371  0.000  0.000  0.000
X        0.000  0.000  0.000  0.000  0.000  0.000  0.000 -1.708  0.000  0.000  0.000  0.000  0.000  0.000  0.000  0.000  0.000  1.265  0.000  0.000  0.000
i+2/i     A      C      D      E      F      G      H      I      K      L      M      N      P      Q      R      S      T      V      W      Y      X
A       -1.373  0.000 -0.649  0.000  0.000  2.022  0.000  0.000  0.415 -2.082 -0.938  0.000  0.000 -2.658 -2.927  0.000 -3.913  0.000  0.000  0.000  0.000
C        0.000  0.000  0.000  0.000  0.000  0.000  0.000  0.000  0.000  0.000  0.000  0.000  0.000  0.000  0.000  0.000  0.000 -2.887  0.000  0.000  0.000
D        2.070  0.000  0.000  3.435 -1.867  0.000  0.000  0.000  0.644  0.984  0.000  0.000  0.000 -0.243  0.518  0.000  1.109  2.250  0.000  0.000  1.710
E       -0.970  0.000 -1.183  0.000  0.000  0.904  0.000 -0.755  0.532  0.161  2.062  0.000  0.000  0.571  0.000 -1.901  0.000  1.919 -0.256  0.000  0.000
F        0.000  0.000  0.000 -3.318  0.000  0.000  0.000  0.000 -2.240  0.000  0.000  0.000  0.000  0.000  0.000  0.000  0.000  3.604  0.000  0.000  0.000
G        0.000  0.000  0.000  0.000  0.000  0.000  0.000 -0.234  0.000  0.000  0.000  0.000  0.000  0.000  0.000  0.000 -3.706  0.000  0.000  0.000  0.000
H        0.000  0.000  0.000  3.195  0.000  0.000  0.000  0.000  0.206 -2.037  0.000  0.000  0.000  0.000  0.000  0.000  4.178  0.000  0.000  0.000  0.000
I        0.000  0.000 -2.161  0.000  0.000  0.000  0.000  0.303 -2.222 -2.274  0.000  0.000  0.000  0.000  0.093 -1.364 -0.609  2.869  0.000  0.000  0.000
K       -2.802  0.000  0.000 -2.756 -2.433  0.000  0.000 -2.410  1.090  0.248  0.000  0.000  0.000  0.000 -0.442  0.000  1.084 -2.797  0.000  0.000  2.283
L       -0.784  0.000  0.000 -1.663  0.000 -1.521  0.000 -3.212 -1.675  0.929  0.000  0.000  0.000  0.000 -0.206  0.000  0.694 -2.121  0.000 -1.297  0.000
M        0.000  0.000  0.000  0.000  0.000  0.000  0.000  0.000  0.000  0.000  0.000  0.000  0.000 -0.669  0.000 -1.318  0.000  0.000  0.000  0.953  0.000
N        0.000  0.000  0.000 -1.506  0.000  0.000  0.000  0.867  0.000 -0.037  0.000  0.000  0.000  0.000  2.108  0.000  0.000  0.000  0.000  0.000  0.000
P        0.021  0.000  0.967  1.542  0.065 -2.025  1.007 -0.545 -0.106  0.753  0.000  0.385 -0.514 -0.283 -0.831  0.288  0.085  0.512 -0.870 -3.839  0.000
Q        0.718  0.000  0.000 -1.624  0.000  0.000  0.000  0.000  0.000 -2.510  0.000  0.000  0.000  0.000  0.000  0.000  2.873  0.000  0.000  0.000  0.000
R        2.303  0.000  0.000  0.000 -0.857  0.000  0.000  0.000 -1.276 -2.872  0.000  0.000  0.000  0.000  0.501  0.000 -2.169  0.187  0.000  0.000  0.000
S        0.000  0.000  0.000 -3.076 -0.184  0.000  0.000 -2.662  0.793  0.171 -3.134  0.000  0.000 -1.298  2.439  0.000  3.636  1.072  0.000  0.000  0.000
T        0.000  0.000  0.000 -1.566 -1.631  0.000  0.000 -1.371 -2.069  1.240 -0.567 -2.483  0.000  2.645  0.000  0.000  0.000 -2.003  0.000  3.444  0.000
V        0.511  0.000  0.000 -1.507  0.000  0.000  0.000 -1.024 -2.276  0.795  0.000  0.000  0.000  0.000 -1.101 -0.853  0.985  0.754  0.000  2.480 -1.790
W        0.000  0.000  0.000  0.000  0.000  0.000  0.000 -0.023  0.000  0.000  0.000  0.000  0.000  0.000  0.000  1.291  0.000  0.000  0.000  0.000  0.000
Y        0.000  0.000  0.000  0.000  0.000  0.000  0.000 -1.854  0.000  0.000  0.000  0.000  0.000  0.000  0.000  0.000  0.000  0.000  0.000  0.000  0.000
X        0.000  0.000  0.000  0.000  0.000  0.000  0.000  0.000  0.000  0.000  0.000  0.000  0.000  0.000  2.800  0.127  0.000 -0.755  0.000  0.000  0.000
