A 51.590 19.512 176.749 8.478 4.398 125.161
C 58.573 29.503 175.588 8.346 4.741 122.779
D 53.992 41.542 175.931 8.647 4.660 122.567
E 55.687 30.791 176.103 8.527 4.391 122.405
F 56.609 40.345 174.556 8.676 4.813 122.201
G 44.570 ------ 173.273 8.609 ----- 110.318
H 55.161 30.905 174.654 8.511 4.743 120.234
I 59.880 38.912 175.925 8.405 4.319 123.333
K 55.604 33.440 176.157 8.374 4.396 123.304
L 53.910 42.875 176.176 8.361 4.521 123.499
M 55.059 34.023 175.356 8.471 4.606 121.523
N 52.582 38.600 174.750 8.374 4.696 120.986
P 62.537 31.981 176.320 ----- 4.445 ------- 
Q 54.664 29.995 175.300 8.426 4.479 121.713
R 55.397 31.520 175.616 8.326 4.428 122.548
S 57.919 64.422 174.098 8.488 4.501 117.514
T 61.243 69.922 174.396 8.515 4.481 116.599
V 61.227 33.149 175.338 8.415 4.274 121.745
W 57.446 30.949 176.567 8.713 4.656 123.784
Y 57.133 39.875 175.658 8.477 4.821 119.245
X 54.681 42.394 174.000 8.980 4.722 122.300
