i-1/i     A      C      D      E      F      G      H      I      K      L      M      N      P      Q      R      S      T      V      W      Y      X
A        0.288  0.000  0.000  0.809  0.000  0.000  0.000 -0.310  0.000 -0.395 -0.371  0.000 -0.180 -0.302 -0.214 -0.350  1.203  0.868  0.000 -0.937  0.000
C        0.000  0.000  0.000 -1.182  0.000 -0.276  0.000  0.000  0.000  0.000  0.000  0.000  0.000  0.000  0.000  0.000  0.000  0.000  0.000  0.000  0.000
D       -0.069  0.000  0.740  0.356  0.297  0.000  0.000  0.629  0.000  0.413  0.231  1.067 -0.040  0.000  0.000  0.337 -0.390 -0.248  0.000  0.000 -0.230
E        1.126  0.000  0.000 -0.025 -0.813  0.000  0.000 -0.231 -0.127  0.696  0.000  0.000  0.011  0.073 -0.037  0.015 -1.138  0.258  0.000  0.000  0.000
F        0.000  0.000  0.000  0.328 -0.433  0.000  0.000  1.093  0.000  0.000  0.000  0.000 -0.297  0.154  0.000  0.000  0.726 -1.507  0.000  0.909  0.000
G        0.000  0.000  0.000  0.000  0.000  0.000  0.000  0.000  0.000 -0.365  0.013  0.000  0.028  0.148  0.000  0.000  0.000 -0.819  0.000  0.000 -0.574
H        0.000  0.000  0.000  0.851  0.000  0.000  0.000  0.000  0.000  0.082  0.000  0.000 -0.293  0.000  0.000  0.000  0.000  0.000  0.000  0.000  0.000
I        0.000  0.000 -0.484  0.687  0.000 -0.297  0.000  0.808  0.597  0.349  0.000 -0.428  0.396  0.481  0.541  0.013 -0.329  0.252  0.000  0.000  0.000
K        0.579  0.000  0.158  0.537  0.000  0.000  0.000  0.306 -0.300  0.246  0.000  0.000  0.048  0.000 -0.304  0.029  0.283 -0.242  0.000  0.000  0.000
L        0.000  0.000  0.000 -0.550  0.000  0.530  0.000 -0.006 -0.196  0.329  0.000  0.012  0.172  0.133 -0.498  0.392 -0.086  0.537  0.000 -1.126  0.000
M       -0.695  0.000  0.000  0.000  0.000  0.000  0.000  0.000  0.000  0.000  0.000  0.000 -0.301 -0.486  0.000  0.063  1.000  0.000  0.000  0.000  0.000
N        0.000  0.000  0.000  0.622  0.000  0.000  0.000  0.000  0.646  0.000  0.000  0.000 -0.058  0.000  0.000  0.000 -0.611  0.774  0.000  0.000  0.000
P       -1.421  0.000  0.000  0.000 -1.480 -0.019 -0.118 -1.500 -1.559 -1.126 -0.831  0.000  0.000 -0.767 -1.780 -0.606 -0.923  0.000  0.000 -1.762 -1.351
Q        0.000  0.000  0.274  0.000  0.000  0.000  0.000  0.000 -0.198  0.870  0.000  0.810  0.137  0.000 -1.360  0.000  0.817  0.000  0.000  0.451 -0.722
R        0.627  0.000  0.000  0.000  0.000  0.591  0.000  0.803 -0.375 -0.282  0.000  0.000  0.007  0.000 -1.404  0.089  0.000 -0.111  0.000 -0.882  0.000
S        0.238  0.000  0.352  0.891  1.312  0.000  0.000  0.750  0.406  0.115  0.633  0.000 -0.359  0.000 -0.217 -0.119  0.000  0.384  0.439  0.000  0.000
T       -0.212  0.000  0.000  0.163  0.933 -0.139  0.000  0.960  0.000  0.529  0.221  0.014 -0.612 -0.205  0.513  0.055 -0.345  0.346  0.000 -0.733  0.000
V       -0.040  0.000 -0.418 -0.217  0.157  0.000  0.000  0.847 -0.177  0.078  0.243 -0.475 -0.204  0.000  0.029 -0.346  1.012 -0.424  0.000  0.000  0.000
W        0.237  0.000  0.000  0.106  0.000  0.000  0.000  0.000  0.000  0.000  0.000  0.000  0.393  0.000  0.000  0.000  0.000  0.000  0.000  0.000  0.000
Y        0.000  0.000  0.000 -1.070  0.000  0.000  0.000  0.000  0.000  0.000  0.000  0.000  0.000  0.000 -0.491  0.000  0.000 -1.315  0.000  0.000  0.000
X        0.000  0.000  0.000  0.000  0.000  0.000 -0.910 -0.371  0.000  0.000  0.000  0.000  0.408  0.000  0.000  0.000  0.000  1.033  0.000  0.000  0.000
