i-1/i     A      C      D      E      F      G      H      I      K      L      M      N      P      Q      R      S      T      V      W      Y      X
A       -0.046  0.000  1.338 -0.337  0.000  0.000  0.000  0.000 -0.585  0.000 -0.630  0.000 -0.181  0.000  0.286  0.062  1.268  0.244  0.000  0.000  0.000
C        0.000  0.000  0.000  0.000  0.000  0.000  0.000  0.000  0.000  0.000  0.000  0.000  0.000  0.000  0.000  0.000  0.000  0.000  0.000  0.000  0.000
D        0.000  0.000  0.000  0.000  0.000  0.000  0.000  0.029  0.000  0.000  0.000  0.000  0.893  0.878  0.000  0.657  0.000  0.000  0.000  0.000  0.000
E       -0.128  0.797  0.377  1.376  0.302  0.000  0.496 -0.308 -0.051  0.170  0.000 -0.342 -0.470  0.000  0.000  0.000  0.307  0.455  0.076  0.000  0.000
F        0.000  0.000 -0.237  0.000  0.672  0.000  0.000  0.000  0.000  0.000  0.000  0.000  0.006  0.000  0.000 -0.233  0.000  0.041  0.000  0.000  0.000
G        0.000  0.000  0.000  0.000  0.000  0.000  0.000 -0.136  0.000  0.448  0.000  0.000 -0.317  0.000  0.000  0.000  0.988  0.000  0.000  0.000  0.000
H        0.000  0.000  0.000  0.000  0.000  0.000  0.000  0.000  0.000  0.000  0.000  0.000  0.103  0.000  0.000  0.000  0.000  0.000  0.000  0.000 -0.293
I        0.124  0.000 -0.710  0.651  0.000  0.000  0.000 -0.001  0.721  0.196  0.000  0.000 -0.483  0.000  1.096  0.046 -0.081  0.000  0.000  0.000  0.000
K        0.000  0.000 -1.247  0.689  0.000  0.000  0.000  1.149 -0.030 -0.183  0.000  0.792 -0.148  0.803 -0.306 -0.360  0.000 -0.973  0.000  0.000  0.000
L       -0.096  0.000 -0.572 -0.278  0.000 -0.554  0.429 -0.439 -0.468 -0.075  0.000  0.000 -0.573  0.559 -0.227  0.029 -0.219 -0.982  0.000  0.000  0.000
M        1.298  0.000  0.319  0.000  0.000 -0.007  0.000  0.000  0.000  0.000  0.000  0.000 -0.080  0.000  0.000 -0.229  1.513  1.282  0.000  0.000  0.000
N        0.000  0.000  0.308  0.000  0.000  0.000  0.000 -0.752  0.000  0.000  0.000  0.000  0.000  1.179  0.000  0.000  0.000  1.243  0.000  0.000  0.000
P       -0.539  0.000  0.436  0.981  0.000 -0.611 -0.166  0.436  0.517  0.114  0.587  0.212 -0.012  0.748  0.000 -0.080 -0.147  0.875  0.000  0.000 -0.510
Q       -0.644  0.000  0.854  0.282 -0.991  0.029  0.000  0.184  0.000  0.469 -0.391  0.000  0.061  0.000  0.000  0.000 -0.160  0.706  0.000  0.000  0.000
R       -0.010  0.000  0.000  0.759  0.000  0.000  0.000  0.709 -0.256  0.435  0.000  0.000  0.261  0.589  0.409  0.312  0.492  1.442  0.000 -1.804  0.000
S        0.000  0.000  0.767  1.426  0.000  0.000  0.000 -0.368  0.919 -0.954  0.348  0.743  0.220  0.000  0.000 -0.190  1.188  0.000  0.000  0.000  0.000
T        1.453  0.000  0.000  0.000 -1.148  0.000  0.000  1.438  0.164  0.735  0.534  0.000  0.166 -0.086  0.000  0.000  0.410  0.788  0.000  0.000  0.000
V       -0.155  0.000 -0.420 -0.178 -0.425  0.000  0.000  0.444  0.427  0.085  0.000  0.494  0.074  0.000  1.233 -0.422  0.604  0.709  0.000  1.104  0.543
W        0.000  0.000  0.000  0.000  0.000  0.000  0.000  0.000  0.000  0.000  0.000  0.000  0.000  0.000  0.000 -0.399  0.000  0.000  0.000  0.000  0.000
Y       -0.832  0.000  0.000  0.000 -0.777  0.000  0.000  0.000  0.000 -0.402  0.000  0.000  0.000 -0.204 -1.378  0.000 -0.075  0.000  0.000  0.000  0.000
X        0.000  0.000  0.149  0.000  0.000 -0.258  0.000  0.000  0.000  0.000  0.000  0.000  0.472  0.000  0.000  0.000  0.000  0.000  0.000  0.000  0.000
