i-1/i     A      C      D      E      F      G      H      I      K      L      M      N      P      Q      R      S      T      V      W      Y      X
A        1.517  0.000 -0.484  0.000  0.000  0.000  0.000  0.000 -0.515 -0.204  0.000  0.000 -0.164 -0.305 -0.067  0.000 -0.425 -0.481  0.000  0.000  0.000
C        0.000  0.000  0.000  0.000  0.000  0.000  0.000  0.000  0.000  0.000  0.000  0.000  0.000  0.000  0.000  0.000  0.000 -1.391  0.000  0.000  0.000
D       -0.326  0.000  0.000  0.096  0.236  0.000  0.000  0.000 -0.009 -0.493  0.000  0.000  0.434  0.468 -0.081  0.000  0.000  0.557  0.000  0.000  0.000
E        0.692  0.000  1.503  0.000  0.000  1.353  0.000  1.231 -0.603  0.816 -0.029  0.000  0.390  0.000  0.000  0.000  0.000 -0.624 -0.002  0.000  0.000
F        0.000  0.000  0.000 -0.188 -1.257  0.000  0.000  0.000  0.133  0.000  0.000  0.000  0.000  0.000  0.000  0.000  0.000  0.000  0.000  0.000  0.000
G        0.000  0.000  0.000  0.000  0.000  0.000  0.000  0.266  0.000  0.000  0.000  0.000  0.000  0.000  0.000  0.000 -0.201  0.000  0.000  0.000  0.000
H        0.000  0.000  0.000 -0.763  0.000  0.000  0.000  0.000 -1.014 -0.023  0.000  0.000  0.000  0.000  0.000  0.000  0.000  0.000  0.000  0.000  0.000
I        0.000  0.000 -0.191  0.000  0.000 -0.013  0.000  0.000  0.317 -0.385  0.000  0.000  0.000  0.000  0.000  0.000 -1.698  0.000  0.000  0.000  0.000
K        0.000  0.000  0.000  0.092  0.895  0.000  0.000 -0.809  0.000  0.665  0.000  0.000  0.000  0.000 -0.361  0.000  0.000  0.000  0.000  0.000  1.293
L        0.000  0.000  0.000  0.000  0.000  0.000  0.000 -0.479 -1.171  0.000  0.000  0.000  1.115  0.000 -0.887  0.000  1.026  0.099  0.000  0.648  0.000
M        0.000  0.000  0.000  0.000  0.000  0.000  0.000  0.000  0.000  0.000  0.000  0.000  0.000  1.402  0.000  0.000  0.000  0.000  0.000 -0.271  0.000
N        0.000  0.000  0.000  0.000  0.000  0.000  0.000  1.030  0.000  0.000  0.000  0.000  0.579  0.000  0.875  0.000  0.000  0.000  0.000  0.000  0.000
P        0.311  0.000 -1.639 -0.085  0.826 -1.079 -1.223 -0.664 -0.238 -0.178  0.000 -0.558 -0.339  0.156  0.860 -0.087 -0.444 -0.462 -1.349  0.254  0.000
Q        1.257  0.000  0.000  0.000  0.000  0.000  0.000  0.000  0.000 -0.286 -0.239  0.000  0.000  0.000  0.000  0.000 -0.680  0.000  0.000  0.000  0.000
R        0.000  0.000  0.000  0.000  0.277  0.000  0.000  0.000  0.651 -0.260  0.000  0.000  0.000  0.000 -0.132  0.000  0.775  0.000  0.000  0.000  0.000
S        1.324  0.000  0.000  0.562  0.000  0.000  0.000  0.000 -0.004 -1.279  1.102  0.000  0.974  0.000  0.000 -1.385 -0.795 -0.214  0.000  0.000  0.000
T        0.000  0.000  0.000 -0.106  0.000  0.000  0.000  1.170  0.000  0.261 -1.296  0.000 -0.597 -0.222  0.000  0.000  0.000 -1.259  0.000 -0.544  0.000
V        0.000  0.000  0.000 -0.337  0.000  0.000  0.000 -0.259 -0.658 -1.062  0.000  0.000  0.000  0.000  0.000  1.288 -0.078 -1.236  0.000  0.000  0.000
W        0.000  0.000  0.000  0.000  0.000  0.000  0.000 -0.844  0.000  0.000  0.000  0.000  0.000  0.000  0.000 -1.233  0.000  0.000  0.000  0.000  0.000
Y        0.000  0.000  0.000  0.000  0.000  0.000  0.000 -0.040  0.000  0.000  0.000  0.000  0.000  0.000  0.000  0.000  0.000  0.000  0.000  0.000  0.000
X        0.000  0.000  0.000  0.000  0.000  0.000  0.000  0.000  0.000  0.000  0.000  0.000  0.000  0.000  0.000  0.000  0.000 -0.767  0.000  0.000  0.000
