i-1/i     A      C      D      E      F      G      H      I      K      L      M      N      P      Q      R      S      T      V      W      Y      X
A       -0.079  0.000 -0.131  0.000  0.000  0.000  0.000  0.000  0.140  0.000 -0.281  0.000  0.000  0.000  0.000  0.003  0.366 -0.112 -0.306  0.000  0.000
C        0.000  0.000  0.000  0.000  0.000  0.000  0.000  0.000  0.000  0.000  0.000  0.000  0.000  0.000  0.000  0.000  0.000  0.000  0.000  0.000  0.000
D        0.000  0.000  0.271  0.000  0.000  0.000  0.000  0.385 -0.022  0.000  0.000  0.000  0.000  0.103  0.000 -0.090  0.000  0.000  0.000  0.000  0.000
E       -0.532  0.195 -0.096  0.108 -0.309  0.000 -0.130  0.035  0.040  0.108  0.000 -0.260  0.000  0.000  0.000  0.058  0.000  0.035  0.298 -0.534  0.000
F        0.000  0.000  0.379  0.234  0.018  0.000  0.000  0.000  0.000  0.000  0.000  0.000  0.000  0.000  0.000  0.367  0.009 -0.001  0.000  0.000  0.000
G        0.000 -0.361  0.000  0.000  0.000  0.000  0.000 -0.262  0.000 -0.499  0.000  0.000  0.000  0.000 -0.001  0.000 -0.251  0.000  0.000  0.000  0.000
H        0.000  0.000  0.000  0.000  0.000  0.000  0.000  0.000  0.000  0.000  0.000  0.000  0.000  0.000  0.000  0.000  0.000  0.000  0.000  0.000  0.360
I       -0.081  0.000 -0.023  0.364 -0.013  0.000  0.000  0.200  0.508  0.523  0.000  0.000  0.000  0.000  0.165 -0.064 -0.124  0.197  0.000  0.000  0.000
K        0.000  0.000 -0.144 -0.022  0.000  0.000  0.000  0.034  0.020  0.207  0.000  0.204  0.000 -0.414  0.000  0.035  0.000 -0.249  0.000  0.000  0.000
L        0.483  0.000  0.006 -0.002  0.000  0.498  0.000  0.030  0.119  0.190  0.000  0.000  0.000  0.467  0.252  0.141  0.433  0.197  0.000  0.000  0.000
M        0.079  0.000  0.021  0.000  0.000  0.144  0.000  0.000  0.000  0.000  0.000  0.000  0.000  0.000  0.000  0.505  0.223  0.037  0.000  0.000  0.000
N        0.000  0.000  0.333  0.000  0.000  0.000  0.000  0.384  0.000 -0.010  0.000  0.000  0.000 -0.244  0.000  0.000  0.000 -0.054  0.000  0.000  0.000
P        0.086  0.000 -0.100  0.058  0.000 -0.364  0.009 -0.026 -0.106  0.183 -0.097  0.113  0.000 -0.036  0.376 -0.007 -0.198  0.103 -0.222  0.000 -0.093
Q        0.250  0.000  0.000  0.247 -0.393  0.598  0.000 -0.040  0.000 -0.201  0.477  0.000  0.000  0.000  0.000  0.000 -0.273  0.515  0.000  0.000  0.000
R       -0.021  0.000  0.000  0.031  0.000  0.000  0.000 -0.439  0.179  0.072  0.000  0.000  0.000 -0.075 -0.042 -0.200 -0.126  0.072  0.000  0.164  0.000
S        0.183  0.000  0.094  0.094  0.000  0.000  0.000  0.376  0.195  0.061 -0.125  0.136  0.000  0.000  0.326  0.112  0.281  0.150  0.000  0.000  0.000
T       -0.097  0.000 -0.085  0.000  0.387  0.000  0.000  0.007  0.218 -0.086  0.000  0.000  0.000  0.438  0.000  0.000  0.078  0.020  0.000  0.000  0.000
V        0.375  0.000 -0.114 -0.097  0.200  0.166  0.000  0.193 -0.081  0.115  0.000  0.184  0.000  0.000  0.045 -0.027  0.166 -0.224  0.000  0.474  0.102
W        0.000  0.000  0.000  0.000  0.000  0.000  0.000  0.000  0.000  0.000  0.000  0.000  0.000  0.000  0.000  0.000  0.000  0.000  0.000  0.000  0.000
Y        0.466  0.000  0.000  0.000  0.635  0.000  0.000  0.000  0.000  0.407  0.000  0.000  0.000  0.000 -0.115  0.000 -0.019  0.000  0.000  0.000  0.000
X        0.000  0.000 -0.121  0.000  0.000  0.000  0.000  0.000  0.000  0.000  0.000  0.000  0.000  0.000  0.000  0.054  0.000  0.000  0.000  0.000  0.000
