i-1/i     A      C      D      E      F      G      H      I      K      L      M      N      P      Q      R      S      T      V      W      Y      X
A       -0.182  0.000  0.000 -1.333  0.000  0.000  0.000  1.824  0.000 -3.309 -2.047  0.000  0.000 -1.034 -1.535 -1.072  0.665  0.200  0.000  0.000  0.000
C        0.000  0.000  0.000  0.414  0.000 -1.278  0.000  0.000  0.000  0.000  0.000  0.000  0.000  0.000  0.000  0.000  0.000  0.000  0.000  0.000  0.000
D        0.882  0.000  2.602  0.000 -1.312  0.000  0.000  2.103 -2.324  1.485  0.000  1.064  0.000  0.868  0.000  2.044  2.995 -2.706  0.000  0.000  2.576
E       -3.288  0.000  0.000  3.079  3.094  0.000  0.000 -1.023  0.204  0.601  0.000  0.000  0.000  0.686 -0.556 -0.307 -3.096  0.964  0.000  0.000  0.000
F        0.000  0.000  0.000 -2.901  0.055  0.000  0.000  0.835  0.000  0.000  0.000  1.120  0.000  2.290  0.000  0.000  1.213 -0.627  0.000  0.000  0.000
G        0.000  0.000  0.000  0.000  0.000  0.000  0.000  0.000  0.000 -1.957 -2.202  0.000  0.000  3.192  0.000  0.000  0.000  1.907  0.000  0.000 -2.110
H        0.000  0.000  0.000 -1.585  0.000  0.000  0.000  0.000  0.000  3.028  0.000  0.000  0.000  0.000  0.000  0.000  0.000  0.000  0.000  0.000  0.000
I        0.000  0.000  2.425  1.927  0.000 -1.720  0.000 -2.272 -2.497  0.000  0.000 -0.873  0.000  0.744 -0.069 -0.303 -1.242 -0.029  0.000  0.000  0.000
K       -0.488  0.000 -2.488 -1.158  0.000  0.000  0.000  0.004 -2.753  2.707  0.000  0.000  0.000  0.000  3.105 -2.034  3.992 -0.319  0.000  0.000  0.000
L        0.000  0.000  0.000  0.176  0.000  1.093  0.000 -0.584  0.177  1.013  0.000  0.209  0.000  0.662  2.274  0.298 -2.377 -0.536  0.000  0.000  0.000
M        0.493  0.000  0.000  0.000  0.000  0.000  0.000  0.000  0.000  0.000  0.000  0.000  0.000  2.443  0.000  0.000  1.956  0.000  0.000  0.000  0.000
N        0.000  0.000  0.000 -1.035  0.000  0.000  0.000  0.000  1.176  0.000  0.000  0.000  0.000  0.000  0.000 -0.251 -1.483  0.000  0.000  0.000  0.000
P        0.919  0.000  0.515 -0.522  0.787  0.980  0.000 -0.839  1.084  0.085  1.863 -0.358 -0.812 -2.423 -0.733  1.106  0.600  0.154  0.000  1.533 -1.126
Q        0.000  0.000 -0.828  0.000  0.000  0.000  0.000  0.000  1.953 -0.564  0.000  0.000  0.000  0.000  0.920  0.000  1.290  0.000  0.000  2.385 -0.424
R       -3.274  0.000  0.000  0.000  0.000  0.429  0.000  0.178 -1.140 -0.024  0.000  0.000  0.000  0.000  0.000  0.734  0.000 -0.996  0.000  0.000  0.000
S       -0.348  0.000  1.299  2.719 -1.171  0.000  0.000 -0.598  2.860 -0.123  0.933  0.000  0.000  0.000  0.270  0.176  0.000 -0.880 -0.783  0.000  1.450
T       -0.384  0.000  0.000  1.395 -1.212 -1.554  0.000  0.456  0.000 -1.243  1.748  2.200  0.000 -1.832  1.573  0.155 -0.637  0.000  0.000 -0.204  0.000
V        3.069  0.000  0.856 -2.161 -0.601  0.000  0.000 -0.201 -0.572  0.403 -1.578 -0.292 -2.009  0.796 -0.685 -1.655  2.492 -1.230  0.000  0.000  0.000
W        2.757  0.000  0.000 -2.939  0.000  0.000  0.000  0.000  0.000  0.000  0.000  0.000  0.000  0.000  0.000  0.000  0.000  0.000  0.000  0.000  0.000
Y        0.000  0.000  0.000  0.000  0.000  0.000  0.000  0.000  0.000  0.000  0.000  0.000  0.000  0.000  1.861  0.000  0.000 -1.371  0.000  0.000  0.000
X        0.000  0.000  0.000  0.000  0.000  0.000  0.000 -1.708  0.000  0.000  0.000  0.000  0.000  0.000  0.000  0.000  0.000  1.265  0.000  0.000  0.000
