i-1/i     A      C      D      E      F      G      H      I      K      L      M      N      P      Q      R      S      T      V      W      Y      X
A       -1.301  0.000  0.464  0.000  0.000  0.000  0.000  0.000  0.547  0.000 -3.023  0.000  0.000  0.000 -2.581 -1.279  1.650  0.576 -0.842  0.000  0.000
C        0.000  0.000  0.000  0.000  0.000  0.000  0.000  0.000  0.000  0.000  0.000  0.000  0.000  0.000  0.000  0.000  0.000  0.000  0.000  0.000  0.000
D        0.000  0.000  0.000  0.000  0.000  0.000  0.000  1.208 -1.494  0.000  0.000  0.000  0.000 -1.592  0.000  0.000  0.000  1.270  0.000  0.000  0.000
E       -0.316  2.099  1.798  2.694 -1.061  0.000  0.013  2.762  0.694 -0.174  0.000 -1.365  0.000  0.000  0.000 -0.934  0.951 -0.880  0.000  0.466  0.000
F        0.000  0.000  1.146  2.520  0.579  0.000  0.000  0.000  0.000  0.000  0.000  0.000  0.000  0.000  0.000  0.429 -0.506 -2.623  0.000  0.000  0.000
G        0.000 -3.736  0.000  0.000  0.000  0.000  0.000  1.617  0.000 -1.379  0.000  0.000  0.000  0.000  0.000  0.000 -0.088  0.000  0.000  0.000  0.000
H        0.000  0.000  0.000  0.000  0.000  0.000  0.000  0.000  0.000  0.000  0.000  0.000  0.000  0.000  0.000  0.000  0.000  0.000  0.000  0.000 -1.790
I        0.000  0.000  0.000  0.000  0.000  0.000  0.000  1.878  3.645  0.000  0.000  0.000  0.000  0.000  0.000  0.000  2.755  2.943  0.000  0.000  2.372
K        0.000  0.000  0.000  1.299  0.000  0.000  0.000  1.031  0.764  2.634  0.000  1.591  0.000 -1.980  1.583 -0.268  0.000 -2.454  0.000  0.000  0.000
L       -3.542  0.000  1.133  0.433  0.000  0.000  0.000  2.639 -2.534  0.383  0.000  0.000  0.000  1.314 -0.050  0.573 -1.389  0.675  0.000  0.000  0.000
M        0.815  0.000  2.348  0.000  0.000  0.450  0.000  0.000  0.000  0.000  0.000  0.000  0.000  0.000  0.000 -2.036  0.000  0.393  0.000  0.000  0.000
N        0.000  0.000  0.834  0.000 -1.192  0.000  0.000 -0.160  0.000  0.779  0.000  0.000  0.000 -2.157  0.000  0.000  0.000  1.902  0.000  0.000  0.000
P       -1.150  0.000 -0.215 -1.423  2.997 -3.395 -0.470 -1.102 -1.047 -0.891 -0.038 -0.209 -1.222 -1.336  0.548 -1.355 -4.273 -0.456 -1.954  0.000 -0.378
Q        2.983  0.000  0.848  0.567 -2.748  0.000  0.000  2.725  0.000 -1.975  0.000  0.000  0.000  0.000  0.000  0.000  0.881  1.064  0.000  0.000  0.000
R       -0.567  0.000  0.000 -0.485  0.000  0.000  0.000 -2.351 -0.327  1.046  0.000  0.000  0.000  0.000  1.245  1.982  0.579  3.131  0.000  0.000  0.000
S       -1.491  0.000  0.667 -1.639  0.000  0.000  0.000 -1.912 -1.105  0.217 -0.564  0.425  0.000  0.000  0.999  0.838  2.019 -1.540  0.000  0.000  0.000
T        1.559  0.000  0.425 -0.102  0.000  0.000  0.000 -0.508  3.723  0.570  1.416 -2.454  0.000  1.873  0.000  0.000 -0.554  2.589  0.000  0.000  0.000
V        0.000  0.000  0.873  0.000  1.219  2.374  0.000  2.491  1.373  0.901  0.000  0.000  0.000  0.000  1.256  0.000  0.000  1.290  0.000  0.000  3.312
W        0.000  0.000  0.000  0.000  0.000  0.000  0.000  0.000  0.000  0.000  0.000  0.000  0.000  0.000  0.000  0.975  0.000  0.000  0.000  0.000  0.000
Y        0.015  0.000  0.000  0.000  2.372  0.000  0.000  0.000  0.000  2.978  0.000  0.000  0.000 -1.298 -1.733  0.000 -2.761  0.000  0.000  0.000  0.000
X        0.000  0.000 -0.778  0.000  0.000 -0.868  0.000  0.000  0.000  0.000  0.000  0.000  0.000  0.000  0.000 -0.715  0.000  0.000  0.000  0.000  0.000
