i-1/i     A      C      D      E      F      G      H      I      K      L      M      N      P      Q      R      S      T      V      W      Y      X
A        0.000  0.000 -0.026  0.000  0.000  0.000  0.000  0.000  0.000  0.000  0.000  0.000 -0.269  0.000  0.000 -0.484  0.000  0.930  0.000  0.000  0.000
C        0.000  0.000  0.000  0.000  0.000  0.000  0.000  0.000  0.000  0.000  0.000  0.000  0.000  0.000  0.000  0.000  0.000  0.000  0.000  0.000  0.000
D        0.000  0.000  0.000  0.000  0.000  0.000  0.000  0.000  1.095  0.000  0.000  0.000 -0.058  0.000  0.000  0.060  0.000  0.000  0.000  0.000  0.000
E        0.213  0.000  0.092  0.464  0.000  0.000  0.000  0.000 -0.869  0.601  0.000  0.000  0.093  0.408  0.238  0.024 -0.443 -0.437  0.000  0.000  0.000
F        0.000  0.000  0.000  0.000  0.000  0.000  0.000  0.000  0.000  0.000  0.000  0.000  0.587  0.000  0.000  0.000  0.000  0.000  0.000  0.000  0.000
G        0.000  0.000  0.000  0.000  0.000  0.000  0.000  0.000  0.000  0.000  0.000  0.000  0.045  0.000  0.000  0.297  0.000  0.000  0.000  0.000  0.000
H        0.000  0.000  0.000  0.000  0.000  0.000  0.000  0.000  0.000  0.000  0.000  0.000  0.471  0.000  0.000  0.000  0.000  0.000  0.000  0.000  0.000
I        0.000  0.000  0.000  1.138  0.000  0.000  0.000  0.000  1.308  0.000  0.000  0.000  0.480  0.000  0.274  0.000  0.000 -0.172  0.000  0.000  0.000
K       -0.221  0.000  0.000  0.012 -1.455 -0.096  0.000  0.371 -0.181  0.248  0.000  0.000 -0.595  0.000  1.269 -0.487  0.000  0.000  0.000  0.000  0.000
L        0.172  0.000  0.859  0.404  0.000  0.062  0.249  0.000 -0.328  1.268  0.000  0.000  0.166  0.000  0.000  0.546  0.791  0.524  0.000  0.000  0.000
M        0.000  0.000  0.000  0.000  0.000  0.000  0.000  0.000  0.000  0.000  0.000  0.000 -0.114  0.000 -0.216  0.154  0.000  0.000  0.000  0.000  0.000
N        0.000  0.000  0.000  0.000  0.000  0.000  0.000  0.000  0.000  0.000  0.000  0.000  0.221  0.000  0.000  0.000  0.000  0.000  0.000  0.000  0.000
P       -0.457  0.000  0.009  0.078 -0.341  0.042  0.000  0.082 -0.680  0.326  0.000 -0.146 -0.113  0.442  0.064  0.203  0.015 -0.055  0.000 -0.005  0.000
Q       -0.119  0.000  0.000 -0.454  0.000  0.000  0.000  0.000  0.000 -0.140  0.000  0.000  0.090 -0.135  0.000  0.000  0.000  0.000  0.000  0.000  0.000
R        0.026  0.000  0.638  0.000  0.000  0.111  0.000  0.240  0.000  0.522  0.000  0.000 -0.267  0.000  0.000  0.000  0.000  0.000  0.000  0.000  0.000
S        0.808  0.000  0.000  0.000  0.000  0.162  0.000  0.000  0.993  0.000  0.436  0.000  0.015  0.000  0.000  0.805 -0.319  0.000  0.172  0.000  0.000
T        0.093  0.000  0.000  0.656  0.000  0.000  0.000  0.162  0.369 -0.043  0.000  0.000  0.092  0.204  0.000  0.003  0.000  0.215  0.000  0.000  0.000
V        0.708  0.000 -0.114  0.000  0.000  0.011  0.000  0.000  0.588  0.000  0.000 -0.068  0.370  0.000  0.000 -0.103 -0.001 -0.812  0.000  0.000  0.000
W        0.000  0.000  0.000  0.000  0.000  0.000  0.000  0.000  0.000  0.000  0.000  0.000  0.000  0.000  0.000  0.000  0.000  0.000  0.000  0.000  0.000
Y        0.000  0.000  0.000  0.000  0.000  0.000  0.000  0.000  0.000  0.000 -0.104  0.000  0.000  0.000  0.000  0.000  0.000  0.000  0.000  0.000  0.000
X        0.000  0.000  0.000  0.000  0.000  0.000  0.000  0.000  0.000  0.000  0.000  0.000  0.000  0.000  0.000  0.000  0.000  0.000  0.000  0.000  0.000
