i-1/i     A      C      D      E      F      G      H      I      K      L      M      N      P      Q      R      S      T      V      W      Y      X
A        0.228  0.000  0.000 -1.180  0.000  0.000  0.000 -1.357 -0.641  0.000  0.000  0.000 -0.426 -0.802  0.212 -0.785  0.553 -0.611  0.000  0.000  0.000
C        0.000  0.000  0.000  0.000  0.000  0.000  0.000  0.000  0.000  0.000  0.000  0.000  0.000  0.000  0.000  0.000  0.000  0.000  0.000  0.000  0.000
D       -0.387  0.000  0.000  0.046  0.000  0.000  0.000  0.000  0.000  1.153 -0.279  0.000  0.091  0.000  1.095  0.000  0.000 -0.366  0.000  0.000  0.000
E        0.000  0.000  0.712  0.249  0.000  0.000  0.000  0.102  0.665 -0.033  0.000  0.000 -0.369  0.043  0.000  0.000 -0.809  0.000  0.000 -0.689  0.000
F        0.000  0.000  0.000  0.000  0.000  0.000  0.000  0.000  0.000  0.000  0.000  0.000  0.124  0.000  0.000  0.000  0.000  1.016  0.000  0.000  0.000
G        0.000  0.000  0.000  0.000  0.000  0.000  0.000  0.281 -1.083 -0.431  0.000  0.000 -0.285  0.000 -0.421 -0.020  0.000  0.991  0.000  0.000  0.000
H        0.000  0.000  0.000  0.000  0.000  0.000  0.000  0.000  0.000 -0.112  0.000  0.000  0.000  0.000  0.000  0.000  0.000  0.000  0.000  0.000  0.000
I        0.000  0.000  0.000  0.000  0.000  0.000  0.000  0.000  0.043  0.000  0.000  0.000 -0.029  0.000 -0.396  0.000  0.383  0.000  0.000  0.000  0.000
K        0.000  0.000  0.219 -0.487  0.000  0.000  0.000 -0.543 -0.298  0.000  0.000  0.000  0.138  0.000  0.000  0.513 -1.155 -0.329  0.000  0.000  0.000
L        0.000  0.000  0.000 -0.744  0.000  0.000  0.000  0.000 -0.773  0.003  0.000  0.000 -0.381 -1.020 -0.963  0.000  0.510  0.000  0.000  0.000  0.000
M        0.000  0.000  0.000  0.000  0.000  0.000  0.000  0.000  0.000  0.000  0.000  0.000  0.000  0.000  0.000 -0.483  0.000  0.000  0.000 -1.231  0.000
N        0.000  0.000  0.000  0.000  0.000  0.000  0.000  0.000  0.000  0.000  0.000  0.000 -0.690  0.000  0.000  0.000  0.000 -0.596  0.000  0.000  0.000
P       -0.203  1.195  0.428 -0.214  0.278  0.000 -0.295 -0.153 -0.788 -0.364  0.642 -0.220 -0.112 -0.037 -0.361  0.008 -0.078 -0.299  0.000  0.971  0.000
Q        0.000  0.000  0.000  0.232  0.000  0.000  0.000  0.000  0.000  1.268  0.000  0.000  0.136  0.174  0.000  0.000  0.601  0.000  0.000  0.000  0.000
R        0.000  0.000  0.000 -0.285  0.000  0.000  0.000  0.273 -0.374  0.000 -0.271  0.000  0.261  0.000  0.000  0.000  0.000  0.000  0.000  0.000  0.000
S       -0.209  0.000 -0.224  0.271  0.000 -0.235  0.000  0.000 -0.389 -0.722 -0.240  0.000 -0.182 -0.105  0.000  0.240  0.810 -0.917  0.000  0.000  0.000
T        0.000  0.000  0.000  0.285  0.000  0.000  0.000  0.000  0.000 -0.328  0.000  0.000  0.262  0.000  0.000  0.235  0.000  0.429  0.000  0.000  0.000
V       -0.660  0.000  0.000 -0.008  0.000  0.000  0.000  0.018 -0.823  0.237 -0.008  0.000 -0.273  0.000  0.000  0.000  0.292  1.392  0.000  0.000  0.000
W        0.000  0.000  0.000  0.000  0.000  0.000  0.000  0.000  0.000  0.000  0.000  0.000  0.000  0.000  0.000 -0.223  0.000  0.000  0.000  0.000  0.000
Y        0.000  0.000  0.000  0.000  0.000  0.000  0.000  0.000  0.000  0.000  0.000  0.000 -0.098  0.000  0.000  0.000  0.000  0.000  0.000  0.000  0.000
X        0.000  0.000  0.000  0.000  0.000  0.000  0.000  0.000  0.000  0.000  0.000  0.000  0.000  0.000  0.000  0.000  0.000  0.000  0.000  0.000  0.000
