i-1/i     A      C      D      E      F      G      H      I      K      L      M      N      P      Q      R      S      T      V      W      Y      X
A        0.107  0.000  0.000  0.252  0.000  0.000  0.000 -0.563  1.274 -0.230  0.000  0.000 -0.143  0.351  0.000  0.234  0.765  0.231  0.000  0.000  0.000
C        0.000  0.000  0.000  0.000  0.000  0.000  0.000  0.000  0.000  0.000  0.000  0.000  0.000  0.000  0.000  0.000  0.000  0.000  0.000  0.000  0.000
D        0.533  0.000  0.000 -0.441  0.000  0.000  0.000 -0.190  1.014  0.001  0.000  0.000 -0.219  0.318 -0.260  0.249  0.710  0.036  0.000  0.000  0.000
E        0.000  0.000 -0.317  0.936  0.000  0.000  0.000  0.158  0.424  0.412  0.000  0.000  0.051  0.547  0.598  0.248  0.413  0.369  0.000  0.000  0.000
F        0.000  0.000  0.000  0.000  0.000  0.000  0.000  0.000  0.000  0.000  0.000  0.000 -0.285  0.000  0.433  0.000  0.000  0.000  0.000  0.000  0.000
G        0.000  0.000  0.000  0.000  0.000  0.000  0.000  0.000  0.000  0.891  0.000  0.000  0.000  0.000  0.000  0.412  0.431  0.000  0.000  0.000  0.000
H        0.000  0.000  0.000  0.370  0.000  0.000  0.925  0.000  0.000  0.000  0.000  0.000 -0.107  0.000  0.000  0.000  0.000  0.000  0.000  0.000  0.000
I        0.000  0.000  0.686  0.602  0.000  0.000  0.000  0.780  0.525  0.000  0.000  0.000  0.104  0.000  0.266  0.000  0.973  0.276  0.000  0.000  0.000
K       -0.153  0.000  0.000  0.674  0.000  0.000  0.000  0.000  0.586  0.790  0.000  0.000  0.257 -0.775  0.286 -0.275  0.668  0.533  0.000 -0.501  0.000
L       -0.191  0.000  0.077 -0.122  0.000  0.000  0.000  0.000  0.617  1.350  0.000 -0.140  0.178  0.119  0.000  0.490  0.476  1.000  0.000  0.000  0.000
M        0.506  0.000  0.000  0.000  0.000  0.000  0.000  0.000  0.000  1.171  0.000  0.000 -0.248  0.000  0.000  0.000 -0.703  0.000  0.000  0.000  0.000
N        0.000  0.000 -0.056  0.000  0.000  0.000  0.000  0.000  0.000  0.000  0.000  0.000  0.346  0.000  0.000 -0.488  0.000  0.000  0.000  0.000  0.000
P        0.000 -0.802  0.000  0.000  0.000 -0.336 -1.232 -1.237  0.000 -1.125 -1.120  0.000  0.000  0.000 -0.690  0.000 -1.266  0.000  0.000  0.000  0.000
Q        0.387  0.000  0.000  0.000  0.000  0.000  0.000  0.245  0.982  0.158  0.000  0.000 -0.063  0.000  0.000  0.502  0.000  0.000  0.000  0.000  0.000
R        0.545  0.000  0.000  0.000 -0.604  0.000  0.000  0.000  0.000  0.290  0.000  0.000  0.634  0.000  0.000  0.659  0.000  1.159  0.000  0.000  0.000
S        0.546  0.000  0.780  0.296  0.000 -0.199  0.000  0.000  0.225  0.722  0.471  0.000  0.402  0.000  0.309 -0.062 -0.090  1.185  0.483 -1.095  0.000
T       -0.028  0.000  0.099  0.039  0.000  0.000  0.000 -0.090  0.079  0.131  0.000  0.015  0.017 -0.170  0.000  0.282 -0.196  0.583  0.000  0.000  0.000
V        0.270  0.000  0.274  0.296  0.000  0.000  0.000  0.725  0.037  0.000  0.765  0.000  0.216  0.188  0.000  0.394  1.104  0.736  0.000  0.753  0.000
W        0.000  0.000  0.000  0.948  0.000  0.000  0.000  0.000  0.000  0.000  0.000  0.000 -0.201  0.000  0.000  0.000  0.000  0.000  0.000  0.000  0.000
Y        0.612  0.000  0.000  0.000  0.000  0.000  0.000  0.000  0.000  0.000  0.000  0.000  0.041  0.000  0.000  0.000  0.000  0.000  0.000  0.000  0.000
X        0.000  0.000  0.000  0.000  0.000  0.000  0.000  0.000  0.000  0.000  0.000  0.000  0.000  0.000  0.000  0.000  0.000  0.000  0.000  0.000  0.000
