i-1/i     A      C      D      E      F      G      H      I      K      L      M      N      P      Q      R      S      T      V      W      Y      X
A       -0.392  0.000  0.401  0.000  0.000 -0.083  0.000 -0.972  0.494 -0.608  0.000  0.000  0.105 -0.206 -0.228 -0.305  1.295 -0.878  0.000 -0.545  0.000
C        0.000  0.000  0.000  0.000  0.000  0.000  0.000  0.000  0.000  0.000  0.000  0.000  0.719  0.000  0.000  0.000  0.000  0.000  0.000  0.000  0.000
D        0.000  0.000  0.000  0.617  0.000  0.000  0.000 -0.077  0.000  0.955  0.000  0.808  0.574  0.000  0.000  0.433  0.050 -0.448  0.000  0.000  0.000
E        0.024  0.000  0.382  0.266  0.000  0.262  0.329  0.949 -0.778  0.107  0.000  0.000  0.118  0.000  0.000 -0.234  0.281 -0.014  0.139  0.000  0.000
F        0.000  0.000  0.000  0.000  0.000  0.000  0.000  0.000  0.000  0.000  0.000  0.000  0.069  0.000  1.094 -0.459  0.000  0.000  0.000  0.000  0.000
G        0.000  0.000  0.000  0.000  0.000  0.000  0.000  0.000  0.000  0.000  0.000  0.000 -0.003  0.000  0.000  0.253  0.000  0.000  0.000  0.000  0.000
H        0.000  0.000  0.000  0.000  0.000  0.000  0.000  0.985  0.000  0.000  0.000  0.000 -0.401  0.000  0.000  0.000  0.000  0.000  0.000  0.000  0.000
I       -0.434  0.000 -0.272 -0.140  0.000  0.000  0.000  0.651  0.000  0.000  0.000  0.000 -0.008  0.081  0.600 -0.283 -0.419 -0.857  0.000  0.000  0.000
K       -0.015  0.000  0.151  1.031  0.000  0.000  0.000  0.940 -0.562  0.062  0.000  0.000  0.134  0.000  0.000 -0.624  0.113  0.175  0.000  0.000  0.000
L       -0.738  0.000  0.066  0.216  0.000 -0.324  0.000  0.000 -0.162  0.432 -0.018  0.000 -0.432 -1.119  0.252 -0.302  0.089  0.000  0.000  0.000  0.000
M        0.000  0.000  0.000  0.000  0.000  0.000  0.000  0.000  0.000  0.000  0.000  0.000  0.367  0.000  0.000  0.372  0.000  0.000  0.000  0.000  0.000
N        0.000  0.000  0.000  0.000  0.000  0.000  0.000  0.000  0.000  1.014  0.000  0.000  0.076  0.000  0.000  0.000 -0.395  0.000  0.000  0.000  0.000
P        0.085  0.000 -0.104  0.166  0.312 -0.185 -0.870 -0.488  0.363 -0.005  0.523 -0.359 -0.152  0.250  0.864  0.057  0.141  0.312  0.160  0.544  0.000
Q        0.582  0.000 -0.328  0.000  0.000  0.000  0.000  0.000  1.419  0.042  0.000  0.000 -0.086  0.000  0.000  0.000 -0.708 -0.540  0.000  0.000  0.000
R       -0.075  0.000  0.699 -0.680  1.168  0.000  0.000 -0.942  1.269  0.000  0.000  0.000 -0.117  0.000  1.232  0.701  0.000  0.000  0.000  0.000  0.000
S        0.596  0.000  0.653  0.965  0.000 -0.054  0.000  0.000  0.361 -0.199  0.000  0.824 -0.221  0.408  0.289  0.202  1.042  0.338  0.000  0.000  0.000
T        0.760  0.000  0.713  0.708  0.000  0.362  0.000  0.608 -0.078  0.496 -0.451  0.000  0.102  0.000  0.000  0.245  0.883  0.068  0.000  0.000  0.000
V       -0.045  0.000 -1.002 -0.932  0.000 -0.065  0.000  0.000 -0.463  0.251  0.000  0.000  0.210  0.000 -0.563  0.392  0.199 -0.612  0.000  0.000  0.000
W        0.000  0.000  0.000  0.000  0.000  0.000  0.000  0.000  0.000  0.000  0.000  0.000  0.000  0.000  0.000 -0.057  0.000  0.000  0.000  0.000  0.000
Y        0.000  0.000  0.000 -0.822  0.000  0.000  0.000  0.000  0.880  0.000  0.000  0.000  0.000  0.000  0.000  0.376  0.000  0.260  0.000  0.000  0.000
X        0.000  0.000  0.000  0.000  0.000  0.000  0.000  0.000  0.000  0.000  0.000  0.000  0.000  0.000  0.000  0.000  0.000  0.000  0.000  0.000  0.000
