i-1/i     A      C      D      E      F      G      H      I      K      L      M      N      P      Q      R      S      T      V      W      Y      X
A       -0.514  0.000  0.206  0.000  0.000  0.000  0.000  0.000  0.000  0.000  0.000  0.000 -0.097  0.000  0.000 -0.284  0.000  0.050  0.000  0.000  0.000
C        0.000  0.000  0.000  0.000  0.000  0.000  0.000  0.000  0.000  0.000  0.000  0.000  0.000  0.000  0.000  0.000  0.000  0.000  0.000  0.000  0.000
D        0.000  0.000  0.000 -0.140  0.000  0.000  0.000  0.000  0.000  0.000  0.000  0.000  0.183  0.000  0.000 -0.302  0.000  0.000  0.000  0.000  0.000
E        0.998  0.000 -0.118  0.027  0.000  0.000  0.000  0.000  0.064 -0.439  0.000  0.000  0.107 -0.363  0.760  0.019 -0.555  0.883  0.000  0.000  0.000
F        0.000  0.000  0.000  0.000  0.000  0.000  0.000  0.000  0.000  0.000  0.000  0.000  0.209  0.000  0.000  0.000  0.000  0.000  0.000  0.000  0.000
G        0.000  0.000  0.000  0.000  0.000  0.000  0.000  0.000  0.000  0.000  0.000  0.000  0.201  0.000  0.000 -0.172  0.000  0.000  0.000  0.000  0.000
H        0.000  0.000  0.000  0.000  0.000  0.000  0.000  0.000  0.000  0.000  0.000  0.000 -0.194  0.000  0.000  0.000  0.000  0.000  0.000  0.000  0.000
I        0.000  0.000  0.000 -0.273  0.000  0.000  0.000  0.000 -0.404  0.000  0.000  0.000  0.268  0.000 -0.494  0.000  0.000 -0.534  0.000  0.000  0.000
K        0.000  0.000  0.000  0.240 -0.491  0.000  0.000 -0.229 -0.350  0.706  0.000  0.000 -0.452  0.000  0.000  0.088  0.000  0.000  0.000  0.000  0.000
L       -0.028  0.000 -0.202  0.025  0.000  0.000  0.193  0.000 -0.383  0.517  0.000  0.000 -0.348  0.000  0.000  0.301 -0.552  0.356  0.000  0.000  0.000
M        0.000  0.000  0.000  0.000  0.000  0.000  0.000  0.000  0.000  0.000  0.000  0.000 -0.464  0.000 -0.574  0.350  0.000  0.000  0.000  0.000  0.000
N        0.000  0.000  0.000  0.000  0.000  0.000  0.000  0.000  0.000  0.000  0.000  0.000 -0.022  0.000  0.000  0.000  0.000  0.000  0.000  0.000  0.000
P       -0.541  0.000 -0.876 -0.646 -0.500  0.000  0.000  0.507 -0.420  0.002  0.000  0.000 -0.235 -0.208 -0.088  0.073 -0.124 -0.136  0.000 -0.335  0.000
Q        0.002  0.000  0.000  0.909  0.000  0.000  0.000  0.000  0.000 -0.849  0.000  0.000  0.089  0.919  0.000  0.000  0.000  0.000  0.000  0.000  0.000
R        0.048  0.000  0.560  0.000  0.000  0.000  0.000 -0.509  0.000  0.468  0.000  0.000  0.549  0.000  0.000  0.000  0.000  0.000  0.000  0.000  0.000
S        0.233  0.000  0.000  0.000  0.000  0.000  0.000  0.000  0.837  0.000  0.000  0.000  0.033  0.000  0.000 -0.368 -0.340  0.000  0.675  0.000  0.000
T       -1.214  0.000  0.000  0.363  0.000  0.000  0.000  0.542  0.453 -0.438  0.000  0.000  0.100 -1.163  0.000  0.306  0.000 -0.326  0.000  0.000  0.000
V        0.959  0.000  0.197  0.000  0.000  0.000  0.000  0.000 -0.496  0.000  0.000 -0.041  0.023  0.000  0.000 -0.022 -0.285  0.806  0.000  0.000  0.000
W        0.000  0.000  0.000  0.000  0.000  0.000  0.000  0.000  0.000  0.000  0.000  0.000  0.000  0.000  0.000  0.000  0.000  0.000  0.000  0.000  0.000
Y        0.000  0.000  0.000  0.000  0.000  0.000  0.000  0.000  0.000  0.000  0.736  0.000  0.000  0.000  0.000  0.000  0.000  0.000  0.000  0.000  0.000
X        0.000  0.000  0.000  0.000  0.000  0.000  0.000  0.000  0.000  0.000  0.000  0.000  0.000  0.000  0.000  0.000  0.000  0.000  0.000  0.000  0.000
