i-1/i     A      C      D      E      F      G      H      I      K      L      M      N      P      Q      R      S      T      V      W      Y      X
A        0.207  0.000  0.000 -0.516  0.000  0.000  0.000 -0.487 -0.039 -0.118  0.000  0.000  0.186  0.000  0.411  0.455  0.302 -0.523  0.000  0.000  0.000
C        0.000  0.000  0.000  0.000  0.000  0.000  0.000  0.000  0.000  0.000  0.000  0.000  0.000  0.000  0.000  0.000  0.000  0.000  0.000  0.000  0.000
D       -0.668  0.000  0.000  0.437  0.000  0.000  0.000  0.000  0.000 -0.652 -0.870  0.000  0.081  0.000  0.204  0.000  0.000 -0.650  0.000  0.000  0.000
E        0.000  0.000  0.225  0.511  0.000  0.000  0.000  0.530  0.667 -0.389  0.000  0.000 -0.667 -0.741  0.000  0.000 -0.735  0.000  0.000 -0.521  0.000
F        0.000  0.000  0.000  0.000  0.000  0.000  0.000  0.000  0.000  0.000  0.000  0.000  0.248  0.000  0.000  0.000  0.000 -0.533  0.000  0.000  0.000
G        0.000  0.000  0.000  0.000  0.000  0.000  0.000 -0.170 -0.172 -0.452  0.000  0.000  0.216  0.000  0.539  0.068  0.000 -0.688  0.000  0.000  0.000
H        0.000  0.000  0.000  0.000  0.000  0.000  0.000  0.000  0.000 -0.358  0.000  0.000  0.000  0.000  0.000  0.000  0.000  0.000  0.000  0.000  0.000
I        0.000  0.000  0.000  0.000  0.000  0.000  0.000  0.000 -0.180  0.000  0.000  0.000  0.242  0.000 -0.228  0.000  0.003  0.000  0.000  0.000  0.000
K        0.000  0.000  0.102 -0.168  0.000  0.000  0.000 -0.266 -0.449  0.080  0.000  0.000 -0.200  0.000  0.000 -0.469  0.514  0.411  0.000  0.000  0.000
L        0.000  0.000  0.000 -0.349  0.000  0.000  0.000  0.000 -0.214  0.593  0.000  0.000  0.090  0.072  0.193  0.000 -0.168  0.000  0.000  0.000  0.000
M        0.000  0.000  0.000  0.000  0.000  0.000  0.000  0.000  0.000  0.000  0.000  0.000  0.000  0.000  0.000  0.140  0.000  0.000  0.000  0.152  0.000
N        0.000  0.000  0.000  0.000  0.000  0.000  0.000  0.000  0.000  0.000  0.000  0.000 -0.598  0.000  0.000  0.000  0.000  0.445  0.000  0.000  0.000
P       -0.271  0.027 -0.262  0.233  0.290  0.000 -0.296  0.173 -0.068 -0.230 -0.279  0.376 -0.045  0.573 -0.305 -0.681 -0.117  0.789  0.000  0.455  0.000
Q        0.000  0.000  0.000 -0.305  0.000  0.000  0.000  0.000  0.000  0.000  0.000  0.000  0.240 -1.005  0.000  0.000 -0.474  0.000  0.000  0.000  0.000
R        0.000  0.000  0.000  0.718  0.000  0.000  0.000 -0.020  0.731  0.000  0.000  0.000 -0.020  0.000  0.000  0.000  0.000  0.000  0.000  0.000  0.000
S       -0.258  0.000 -0.105 -0.320  0.000  0.000  0.000  0.000  0.466 -0.252 -0.609  0.000  0.016 -0.082  0.000 -0.249 -0.207 -0.506  0.000  0.000  0.000
T        0.000  0.000  0.000 -0.248  0.000  0.000  0.000  0.000  0.000 -0.351  0.000  0.000  0.197  0.000  0.000 -0.473  0.000 -0.517  0.000  0.000  0.000
V        0.180  0.000  0.000 -0.679  0.000  0.000  0.000  0.021  0.000  0.085 -1.352  0.000 -0.298  0.000  0.000  0.000  0.194 -0.319  0.000  0.000  0.000
W        0.000  0.000  0.000  0.000  0.000  0.000  0.000  0.000  0.000  0.000  0.000  0.000  0.000  0.000  0.000  0.075  0.000  0.000  0.000  0.000  0.000
Y        0.000  0.000  0.000  0.000  0.000  0.000  0.000  0.000  0.000  0.000  0.000  0.000 -0.117  0.000  0.000  0.000  0.000  0.000  0.000  0.000  0.000
X        0.000  0.000  0.000  0.000  0.000  0.000  0.000  0.000  0.000  0.000  0.000  0.000  0.000  0.000  0.000  0.000  0.000  0.000  0.000  0.000  0.000
