i-1/i     A      C      D      E      F      G      H      I      K      L      M      N      P      Q      R      S      T      V      W      Y      X
A        0.480  0.000  0.000  0.301  0.000  0.000  0.000 -0.288  0.583  0.000  0.000  0.000  0.233  0.177  0.943 -0.139  0.328  0.268  0.000  0.000  0.000
C        0.000  0.000  0.000  0.000  0.000  0.000  0.000  0.000  0.000  0.000  0.000  0.000  0.000  0.000  0.000  0.000  0.000  0.000  0.000  0.000  0.000
D        0.000  0.000  0.000  0.000  0.000  0.000  0.000  0.366 -0.785  0.869  0.000  0.000  0.172  0.428  0.749  0.261  0.000  1.003  0.000  0.000  0.000
E        0.000  0.000  0.340 -0.108  0.000  0.000  0.000  0.650  0.649  0.013  0.000  0.000 -0.189  0.093 -0.422  0.000  0.020  0.078  0.000  0.000  0.000
F        0.000  0.000  0.000  0.000  0.000  0.000  0.000  0.000  0.000  0.000  0.000  0.000  0.170  0.000 -0.083  0.000  0.000  0.000  0.000  0.000  0.000
G       -0.610  0.000  0.000 -0.228  0.000  0.000  0.000  0.000  0.091 -0.061  0.000  0.000 -0.340  0.000  0.000 -0.001 -0.081 -0.805  0.000  0.000  0.000
H        0.000  0.000  0.000  0.081  0.000  0.000 -0.169  0.000  0.000  0.000  0.000  0.000  0.149  0.000  0.000  0.000  0.000  0.000  0.000  0.000  0.000
I        0.000  0.000 -0.088  0.117  0.000  0.000  0.000  0.000  0.107  0.000  0.000  0.000  0.197  0.000  0.056  0.000 -0.086  0.614  0.000  0.000  0.000
K        0.494  0.000  0.000  0.310  0.000  0.000  0.000  0.000 -0.240  0.822  0.000  0.000  0.123 -0.031  0.253  0.637 -0.308 -0.030  0.000  0.691  0.000
L       -0.231  0.000 -0.107  0.849  0.000  0.000  0.000  0.000  0.157  0.357  0.000  0.859  0.075  0.072  0.000 -0.597 -0.292 -0.675  0.000  0.000  0.000
M        0.777  0.000  0.000  0.000  0.000  0.000  0.000  0.000  0.000 -0.046  0.000  0.000  0.577  0.000  0.000  0.000  0.418  0.000  0.000  0.000  0.000
N        0.000  0.000  0.453  0.000  0.000  0.000  0.000  0.000  0.000  0.000  0.000  0.000  0.361  0.000  0.000  0.699  0.000  0.000  0.000  0.000  0.000
P        0.000 -0.136  0.248 -0.722 -0.311  0.000  0.000  0.176 -0.631 -0.929 -1.101 -0.400  0.000 -0.637 -1.451  0.000 -0.415 -0.254  0.000  0.000  0.000
Q        0.522  0.000  0.000  0.000  0.000  0.000  0.000 -1.057  0.000  0.594  0.000  0.000 -0.002  0.000  0.000  0.094  0.000  0.000  0.000  0.000  0.000
R        0.589  0.000  0.000  0.000  0.022  0.000  0.000 -0.319  0.000  0.340  0.000  0.000 -0.111  0.000  0.000 -0.701  0.000 -0.507  0.000  0.000  0.000
S        0.453  0.000  0.551 -0.339  0.315  0.000  0.000  0.062  0.755  0.671  1.370  0.000  0.223  0.000 -0.064 -0.037  0.261 -0.446  0.288  0.000  0.000
T        0.438  0.000  0.000  0.471  0.000  0.000  0.000 -0.726  0.471  0.262  0.000 -0.619  0.489  1.115  0.000 -0.079  0.349 -0.288  0.000  0.000  0.000
V        0.030  0.000 -0.546  0.019  0.000  0.000  0.000 -0.055  0.520  0.000 -0.335  0.000  0.107  0.441  0.000 -0.561 -0.420 -0.014  0.000 -0.755  0.000
W        0.000  0.000  0.000 -0.332  0.000  0.000  0.000  0.000  0.000  0.000  0.000  0.000  0.025  0.000  0.000  0.000  0.000  0.000  0.000  0.000  0.000
Y        0.000  0.000  0.000  0.000  0.000  0.000  0.000  0.000  0.000  0.000  0.000  0.000 -0.550  0.000  0.000  0.000  0.000  0.000  0.000  0.000  0.000
X        0.000  0.000  0.000  0.000  0.000  0.000  0.000  0.000  0.000  0.000  0.000  0.000  0.000  0.000  0.000  0.000  0.000  0.000  0.000  0.000  0.000
