i-1/i     A      C      D      E      F      G      H      I      K      L      M      N      P      Q      R      S      T      V      W      Y      X
A       -1.034  0.000  0.565  0.000  0.000  0.000  0.000  0.000 -0.719  0.384  0.000  0.000  0.008 -0.041  0.264  0.468 -0.202  0.052  0.000  0.605  0.000
C        0.000  0.000  0.000  0.000  0.000  0.000  0.000  0.000  0.000  0.000  0.000  0.000  0.235  0.000  0.000  0.000  0.000  0.000  0.000  0.000  0.000
D        0.000  0.000  0.000 -0.542  0.000  0.000  0.000 -0.087  0.000  0.761  0.000 -0.583  0.576  0.000  0.000  0.289 -0.422 -1.167  0.000  0.000  0.000
E       -0.371  0.000 -0.016  0.191  0.000  0.000 -0.338  0.335  0.651  0.000  0.000  0.000  0.340  0.000  0.000  0.000 -0.282  0.858  0.697  0.000  0.000
F        0.000  0.000  0.000  0.000  0.000  0.000  0.000  0.000  0.000  0.000  0.000  0.000 -0.250  0.000 -1.209  0.152  0.000  0.000  0.000  0.000  0.000
G        0.000  0.000  0.000  0.000  0.000  0.000  0.000  0.000  0.000  0.000  0.000  0.000 -0.081  0.000  0.000 -0.195  0.000  0.000  0.000  0.000  0.000
H        0.000  0.000  0.000  0.000  0.000  0.000  0.000 -0.774  0.000  0.000  0.000  0.000  0.000  0.000  0.000  0.000  0.000  0.000  0.000  0.000  0.000
I       -0.403  0.000 -0.092  0.158  0.000  0.000  0.000  0.193  0.000  0.000  0.000  0.000  0.202  0.458  0.034  0.240  0.000  0.271  0.000  0.000  0.000
K        0.264  0.000 -0.331  0.096  0.000  0.000  0.000  0.020 -0.219  0.316  0.000  0.000 -0.052  0.000  0.000 -0.168 -0.452  0.490  0.000  0.000  0.000
L        0.363  0.000  0.072 -0.028  0.000  0.000  0.000  0.000 -0.067  0.840 -0.291  0.000 -0.164 -0.090  0.341  0.122 -0.164  0.000  0.000  0.000  0.000
M        0.000  0.000  0.000  0.000  0.000  0.000  0.000  0.000  0.000  0.000  0.000  0.000 -0.005  0.000  0.000 -0.028  0.000 -0.800  0.000  0.000  0.000
N        0.000  0.000  0.000  0.000  0.000  0.000  0.000  0.000  0.000 -0.700  0.000  0.000 -0.661  0.000  0.000  0.000  0.402  0.000  0.000  0.000  0.000
P       -0.205  0.000 -0.336 -0.105 -0.200  0.000 -0.256 -0.375 -0.040 -0.201  0.185 -0.697 -0.150 -0.346  0.148  0.115  0.104 -0.155  0.158 -0.444  0.000
Q        0.023  0.000 -0.018 -0.973  0.000  0.000  0.000  0.000  0.028  0.000  0.000  0.000 -0.138  0.000  0.000  0.000  0.275 -0.458  0.000  0.000  0.000
R       -0.091  0.000  0.000  0.714 -0.266  0.000  0.000 -0.843  0.056  0.000  0.000  0.000 -0.054  0.000 -0.016 -0.451  0.000  0.000  0.000  0.000  0.000
S       -0.228  0.000 -0.728 -0.259  0.000  0.000  0.000  0.000 -0.464 -0.147  0.000 -0.852 -0.385 -0.563 -1.235  0.122  0.460  0.548  0.000  0.000  0.000
T       -0.207  0.000  0.251 -0.136  0.000  0.000  0.000 -0.653 -0.138 -0.364 -1.488  0.000  0.093  0.000  0.000 -0.611 -0.008 -0.278  0.000  0.000  0.000
V        0.508  0.000 -0.013 -0.685  0.000  0.000  0.000 -0.435  0.226 -0.042  0.000  0.000  0.215  0.000  0.678 -0.087 -0.539  0.495  0.000  0.000  0.000
W        0.000  0.000  0.000  0.000  0.000  0.000  0.000  0.000  0.000  0.000  0.000  0.000  0.000  0.000  0.000  0.909  0.000  0.000  0.000  0.000  0.000
Y        0.000  0.000  0.000  0.428  0.000  0.000  0.000  0.000  0.000  0.000  0.000  0.000  0.000  0.000  0.000  0.113  0.000  0.506  0.000  0.000  0.000
X        0.000  0.000  0.000  0.000  0.000  0.000  0.000  0.000  0.000  0.000  0.000  0.000  0.000  0.000  0.000  0.000  0.000  0.000  0.000  0.000  0.000
