i-1/i     A      C      D      E      F      G      H      I      K      L      M      N      P      Q      R      S      T      V      W      Y      X
A        0.000  0.000 -0.083  0.000  0.000  0.000  0.000  0.000  0.000  0.000  0.000  0.000 -0.201  0.000  0.000 -0.303  0.000  0.898  0.000  0.000  0.000
C        0.000  0.000  0.000  0.000  0.000  0.000  0.000  0.000  0.000  0.000  0.000  0.000  0.000  0.000  0.000  0.000  0.000  0.000  0.000  0.000  0.000
D        0.000  0.000  0.000  1.089  0.000  0.000  0.000  0.000  0.261  0.000  0.000  0.000 -0.177  0.000  0.000  0.032  0.000  0.000  0.000  0.000  0.000
E        0.315  0.000 -0.455 -0.362  0.000  0.000  0.000  0.000 -0.863  0.096  0.000  0.000  0.044  0.273 -0.161 -0.617  0.311  0.000  0.000  0.000  0.000
F        0.000  0.000  0.000  0.000  0.000  0.000  0.000  0.000  0.000  0.000  0.000  0.000  0.542  0.000  0.000  0.000  0.000  0.000  0.000  0.000  0.000
G        0.000  0.000  0.000  0.000  0.000  0.000  0.000  0.000  0.000  0.000  0.000  0.000  0.014  0.000  0.000  0.548  0.000  0.000  0.000  0.000  0.000
H        0.000  0.000  0.000  0.000  0.000  0.000  0.000  0.000  0.000  0.000  0.000  0.000  0.000  0.000  0.000  0.000  0.000  0.000  0.000  0.000  0.000
I        0.000  0.000  0.000 -0.097  0.000  0.000  0.000  0.000  0.444  0.000  0.000  0.000  0.540  0.000  0.000  0.000  0.000 -0.334  0.000  0.000  0.000
K       -0.450  0.000  0.000 -0.051  0.000  0.421  0.000  0.468  0.000  1.202  0.000  0.000 -0.173  0.000 -0.483  0.486  0.000  0.000  0.000  0.000  0.000
L        0.919  0.000  0.919  0.880  0.000  0.493  0.774  0.000  0.141  0.417  0.000  0.000  0.634  0.000  0.000 -0.857  0.000  0.304  0.000  0.000  0.000
M        0.000  0.000  0.000  0.000  0.000  0.000  0.000  0.000  0.000  0.000  0.000  0.000  0.000  0.000  0.000  0.118  0.000  0.000  0.000  0.000  0.000
N        0.000  0.000  0.000  0.000  0.000  0.000  0.000  0.000  0.000  0.000  0.000  0.000 -0.151  0.000  0.000  0.000  0.000  0.000  0.000  0.000  0.000
P       -0.329  0.000 -0.349  0.912  0.000  0.035  0.000 -0.769  0.000 -0.007  0.000  0.000 -0.091  0.297  0.369 -0.402 -0.335 -0.278  0.000 -0.053  0.000
Q       -0.291  0.000  0.000  0.524  0.000  0.000  0.000  0.000  0.000  1.055  0.000  0.000  0.007  0.000  0.000  0.000  0.000  0.000  0.000  0.000  0.000
R        0.000  0.000  0.187  0.000  0.000  0.571  0.000  0.099  0.000  0.558  0.000  0.000 -0.179  0.000  0.000  0.000  0.000  0.000  0.000  0.000  0.000
S        0.472  0.000  0.000  0.000  0.000  0.280  0.000  0.000  0.168  0.000  0.000  0.000 -0.249  0.000  0.000  0.694 -0.026  0.000  0.000  0.000  0.000
T        0.000  0.000  0.000  0.017  0.000  0.000  0.000  0.000  0.173  0.000  0.000  0.000 -0.100 -0.137  0.000  0.077  0.000 -0.292  0.000  0.000  0.000
V        0.399  0.000 -0.299  0.000  0.000  0.000  0.000  0.000 -0.024  0.000  0.000  0.000  0.361  0.000  0.000 -0.370  0.178  0.199  0.000  0.000  0.000
W        0.000  0.000  0.000  0.000  0.000  0.000  0.000  0.000  0.000  0.000  0.000  0.000  0.000  0.000  0.000  0.000  0.000  0.000  0.000  0.000  0.000
Y        0.000  0.000  0.000  0.000  0.000  0.000  0.000  0.000  0.000  0.000  0.140  0.000  0.000  0.000  0.000  0.000  0.000  0.000  0.000  0.000  0.000
X        0.000  0.000  0.000  0.000  0.000  0.000  0.000  0.000  0.000  0.000  0.000  0.000  0.000  0.000  0.000  0.000  0.000  0.000  0.000  0.000  0.000
