i-1/i     A      C      D      E      F      G      H      I      K      L      M      N      P      Q      R      S      T      V      W      Y      X
A        0.000  0.000  0.000 -0.121  0.000  0.000  0.000  0.000 -0.581  0.000  0.000  0.000 -0.149  0.459  0.000  1.152  0.000  0.000  0.000  0.000  0.000
C        0.000  0.000  0.000  0.000  0.000  0.000  0.000  0.000  0.000  0.000  0.000  0.000  0.000  0.000  0.000  0.000  0.000  0.000  0.000  0.000  0.000
D       -0.083  0.000  0.000 -0.967  0.000  0.000  0.000  0.000  0.000  1.158  0.000  0.000  0.046  0.000  0.715  0.000  0.000 -0.554  0.000  0.000  0.000
E        0.000  0.000  1.016 -0.120  0.000  0.000  0.000 -0.065  0.138 -0.372  0.000  0.000  0.347 -0.233  0.000  0.000 -0.439  0.000  0.000  0.000  0.000
F        0.000  0.000  0.000  0.000  0.000  0.000  0.000  0.000  0.000  0.000  0.000  0.000  0.000  0.000  0.000  0.000  0.000  0.000  0.000  0.000  0.000
G        0.000  0.000  0.000  0.000  0.000  0.000  0.000  0.000 -0.568  0.946  0.000  0.000  0.255  0.000  0.470  0.375  0.000  0.000  0.000  0.000  0.000
H        0.000  0.000  0.000  0.000  0.000  0.000  0.000  0.000  0.000 -0.034  0.000  0.000  0.000  0.000  0.000  0.000  0.000  0.000  0.000  0.000  0.000
I        0.000  0.000  0.000  0.000  0.000  0.000  0.000  0.000  0.117  0.000  0.000  0.000 -0.105  0.000  0.000  0.000  0.000  0.000  0.000  0.000  0.000
K        0.000  0.000  0.151 -0.351  0.000  0.000  0.000  0.871  0.477  0.484  0.000  0.000 -0.715  0.000  0.000  0.000 -0.729 -0.083  0.000  0.000  0.000
L        0.000  0.000  0.000 -0.393  0.000  0.000  0.000  0.000  0.000 -0.384  0.000  0.000  0.198  0.446  0.110  0.000 -0.830  0.000  0.000  0.000  0.000
M        0.000  0.000  0.000  0.000  0.000  0.000  0.000  0.000  0.000  0.000  0.000  0.000  0.000  0.000  0.000  0.000  0.000  0.000  0.000  0.000  0.000
N        0.000  0.000  0.000  0.000  0.000  0.000  0.000  0.000  0.000  0.000  0.000  0.000  0.000  0.000  0.000  0.000  0.000  0.000  0.000  0.000  0.000
P       -0.569  0.000 -0.618  0.461 -0.100  0.000 -1.704  0.106 -0.279 -0.050  0.215  0.069 -0.161 -0.201 -0.671 -0.818  0.302 -0.086  0.000  0.617  0.000
Q        0.000  0.000  0.000 -0.534  0.000  0.000  0.000  0.000  0.000  0.000  0.000  0.000 -0.571  0.000  0.000  0.000  0.630  0.000  0.000  0.000  0.000
R        0.000  0.000  0.000  0.252  0.000  0.000  0.000  0.000  0.006  0.000  0.000  0.000  0.100  0.000  0.000  0.000  0.000  0.000  0.000  0.000  0.000
S        0.195  0.000 -0.003  0.365  0.000  0.000  0.000  0.000  0.629 -0.154  0.000  0.000  0.776  0.439  0.000  0.369  0.625 -0.481  0.000  0.000  0.000
T        0.000  0.000  0.000 -0.334  0.000  0.000  0.000  0.000  0.000  0.000  0.000  0.000 -0.032  0.000  0.000  0.298  0.000  1.136  0.000  0.000  0.000
V       -1.070  0.000  0.000  0.000  0.000  0.000  0.000  0.000  0.000 -0.335  0.000  0.000 -0.709  0.000  0.000  0.000  0.000 -0.033  0.000  0.000  0.000
W        0.000  0.000  0.000  0.000  0.000  0.000  0.000  0.000  0.000  0.000  0.000  0.000  0.000  0.000  0.000  0.000  0.000  0.000  0.000  0.000  0.000
Y        0.000  0.000  0.000  0.000  0.000  0.000  0.000  0.000  0.000  0.000  0.000  0.000 -0.566  0.000  0.000  0.000  0.000  0.000  0.000  0.000  0.000
X        0.000  0.000  0.000  0.000  0.000  0.000  0.000  0.000  0.000  0.000  0.000  0.000  0.000  0.000  0.000  0.000  0.000  0.000  0.000  0.000  0.000
