i-1/i     A      C      D      E      F      G      H      I      K      L      M      N      P      Q      R      S      T      V      W      Y      X
A       -0.264  0.000  0.000  0.555  0.000  0.000  0.000  0.026  0.000 -0.046  0.000  0.000 -0.397 -0.152  0.000 -0.337  0.276  0.156  0.000  0.000  0.000
C        0.000  0.000  0.000  0.000  0.000  0.000  0.000  0.000  0.000  0.000  0.000  0.000  0.000  0.000  0.000  0.000  0.000  0.000  0.000  0.000  0.000
D       -0.228  0.000  0.000  0.000  0.000  0.000  0.000  0.623 -0.084 -0.224  0.000  0.000 -0.627 -0.080 -0.812 -0.099  0.000  0.463  0.000  0.000  0.000
E        0.000  0.000  0.333 -0.220  0.000  0.000  0.000  0.451  0.688  0.626  0.000  0.000 -0.094  0.000  0.010 -0.113 -0.131  0.257  0.000  0.115  0.000
F        0.000  0.000  0.000  0.000  0.000  0.000  0.000  0.000  0.000  0.000  0.000  0.000  0.000  0.000  0.174  0.000  0.000  0.000  0.000  0.000  0.000
G        0.000  0.000  0.000  1.076  0.000  0.000  0.000  0.000  0.000  0.000  0.000  0.000  0.727  0.000  0.000  0.298  0.000  0.000  0.000  0.000  0.000
H        0.000  0.000  0.000  0.000  0.000  0.000  0.000  0.000  0.000  0.000  0.000  0.000 -0.078  0.000  0.000  0.000  0.000  0.000  0.000  0.000  0.000
I        0.468  0.000 -0.365  0.344  0.000  0.000  0.000  0.000  0.343  0.000  0.000  0.000  0.103  0.000 -0.371  0.000 -0.080 -0.063  0.000  0.000  0.000
K        1.095  0.000  0.000 -0.619  0.000  0.000  0.000  0.000  0.000  0.621  0.000  0.000  0.012 -0.490  0.000 -0.133  0.462 -0.604  0.000 -0.129  0.000
L        1.073  0.000  0.323  0.825  0.000  0.000  0.000  0.000 -0.218 -0.083  0.000  0.103  0.134 -0.188  0.000  0.158  0.700  0.748  0.000  0.000  0.000
M        0.000  0.000  0.000  0.000  0.000  0.000  0.000  0.000  0.000  0.546  0.000  0.000  0.487  0.000  0.000  0.000  0.482  0.000  0.000  0.000  0.000
N        0.000  0.000 -0.072  0.000  0.000  0.000  0.000  0.000  0.000  0.000  0.000  0.000 -0.160  0.000  0.000  0.777  0.000  0.000  0.000  0.000  0.000
P        0.000  0.000 -1.097 -1.264  0.000  0.000  0.000 -0.468  0.000 -1.306  0.000  0.000 -0.788 -1.065  0.000  0.000  0.000  0.000  0.000  0.000  0.000
Q        0.146  0.000  0.000  0.000  0.000  0.000  0.000  0.000  0.645  0.373  0.000  0.000 -0.411  0.000  0.000 -0.339  0.000  0.000  0.000  0.000  0.000
R        0.422  0.000  0.000  0.000 -0.468  0.000  0.000  0.132  0.000  0.522  0.000  0.000 -0.751  0.000  0.000 -0.708  0.000 -0.454  0.000  0.000  0.000
S        0.753  0.000  0.814  0.769  0.975  0.000  0.000  0.255 -0.115  1.209  0.594  0.000  0.282  0.000  0.509  0.999  0.000  0.904  0.892  0.884  0.000
T        0.072  0.000 -0.058  0.063  0.000  0.000  0.000  0.167  0.727  0.102  0.000  0.000  0.146  0.904  0.000  0.000  0.000  0.000  0.000  0.000  0.000
V        0.172  0.000  0.719  1.137  0.000  0.000  0.000  0.287 -0.103  0.000  0.553  0.000  0.356  0.269  0.000  0.120 -0.591 -0.223  0.000 -0.149  0.000
W        0.000  0.000  0.000  0.000  0.000  0.000  0.000  0.000  0.000  0.000  0.000  0.000  0.894  0.000  0.000  0.000  0.000  0.000  0.000  0.000  0.000
Y        0.004  0.000  0.000  0.000  0.000  0.000  0.000  0.000  0.000  0.000  0.000  0.000  0.000  0.000  0.000  0.000  0.000  0.000  0.000  0.000  0.000
X        0.000  0.000  0.000  0.000  0.000  0.000  0.000  0.000  0.000  0.000  0.000  0.000  0.000  0.000  0.000  0.000  0.000  0.000  0.000  0.000  0.000
