i-1/i     A      C      D      E      F      G      H      I      K      L      M      N      P      Q      R      S      T      V      W      Y      X
A        0.326  0.000  0.124  0.000  0.000  0.010  0.000  0.000 -0.313  0.000  0.000  0.000 -0.501  0.071  0.205  0.651 -0.789  0.000  0.000 -0.944  0.000
C        0.000  0.000  0.000  0.000  0.000  0.000  0.000  0.000  0.000  0.000  0.000  0.000  0.000  0.000  0.000  0.000  0.000  0.000  0.000  0.000  0.000
D        0.000  0.000  0.000  0.000  0.000  0.000  0.000  0.442  0.000  0.822  0.000  0.563 -0.141  0.000  0.000  0.093  0.212 -0.819  0.000  0.000  0.000
E        0.112  0.000  0.000  0.118  0.000  0.391  0.000 -0.013  0.398 -0.015  0.000  0.000 -0.143  0.000  0.000 -0.326 -0.407 -0.281  0.000  0.000  0.000
F        0.000  0.000  0.000  0.000  0.000  0.000  0.000  0.000  0.000  0.000  0.000  0.000 -0.078  0.000 -0.502 -0.590  0.000  0.000  0.000  0.000  0.000
G        0.000  0.000  0.000  0.000  0.000  0.000  0.000  0.000  0.000  0.000  0.000  0.000  1.000  0.000  0.000  0.000  0.000  0.000  0.000  0.000  0.000
H        0.000  0.000  0.000  0.000  0.000  0.000  0.000  0.000  0.000  0.000  0.000  0.000  0.002  0.000  0.000  0.000  0.000  0.000  0.000  0.000  0.000
I        0.716  0.000  0.888  0.478  0.000  0.000  0.000 -0.155  0.000  0.000  0.000  0.000 -0.181  0.000  0.225  1.110 -0.112 -0.136  0.000  0.000  0.000
K        0.000  0.000  0.333 -0.099  0.000  0.000  0.000  0.124  0.000  0.029  0.000  0.000  0.336  0.530  0.000  0.328  0.320  0.479  0.000  0.000  0.000
L       -0.903  0.000  0.412  0.259  0.000  0.000  0.000  0.000  0.771 -0.970  0.000  0.000  0.054 -0.563  1.205 -0.083 -0.111  0.000  0.000  0.000  0.000
M        0.000  0.000  0.000  0.000  0.000  0.000  0.000  0.000  0.000  0.000  0.000  0.000 -0.076  0.000  0.000 -0.071  0.000  0.330  0.000  0.000  0.000
N        0.000  0.000  0.000  0.000  0.000  0.000  0.000  0.000  0.000  0.497  0.000  0.000 -0.265  0.000  0.000  0.000  0.000  0.000  0.000  0.000  0.000
P        0.384  0.000 -0.170  0.339  0.000  0.047 -0.616 -0.653  0.336  0.299 -0.329 -0.191  0.029 -0.238 -0.762 -0.295  0.013  0.026  0.443  0.000  0.000
Q        0.141  0.000  0.000  0.000  0.000  0.000  0.000  0.000  0.000 -1.293  0.000  0.000  0.211  0.000  0.000  0.000  0.764 -0.511  0.000  0.000  0.000
R        0.000  0.000  0.853  0.382 -0.436  0.000  0.000  0.449 -0.229  0.000  0.000  0.000 -0.114  0.000  0.464 -0.027  0.000  0.000  0.000  0.000  0.000
S        0.000  0.000 -0.017  0.000  0.000  0.218  0.000  0.000  0.354  0.161  0.000  0.000  0.557  0.687  0.000  0.530  0.844  0.665  0.000  0.000  0.000
T        0.733  0.000  0.000 -0.399  0.000  0.000  0.000  0.379 -0.287  0.037  0.000  0.000  0.108  0.000  0.000  0.000  0.021  0.330  0.000  0.000  0.000
V        0.000  0.000  0.000  0.000  0.000 -0.040  0.000 -0.695 -1.157 -0.065  0.000  0.000 -0.200  0.000 -0.865  0.255 -0.278  0.065  0.000  0.000  0.000
W        0.000  0.000  0.000  0.000  0.000  0.000  0.000  0.000  0.000  0.000  0.000  0.000  0.000  0.000  0.000 -0.836  0.000  0.000  0.000  0.000  0.000
Y        0.000  0.000  0.000  0.000  0.000  0.000  0.000  0.000  0.000  0.000  0.000  0.000  0.000  0.000  0.000  0.000  0.000  0.000  0.000  0.000  0.000
X        0.000  0.000  0.000  0.000  0.000  0.000  0.000  0.000  0.000  0.000  0.000  0.000  0.000  0.000  0.000  0.000  0.000  0.000  0.000  0.000  0.000
