i-1/i     A      C      D      E      F      G      H      I      K      L      M      N      P      Q      R      S      T      V      W      Y      X
A       -0.167  0.000 -0.095  0.000  0.000  0.000  0.000  0.000  0.000  0.000  0.000  0.000 -0.058  0.000  0.000  0.048  0.000 -0.118  0.000  0.000  0.000
C        0.000  0.000  0.000  0.000  0.000  0.000  0.000  0.000  0.000  0.000  0.000  0.000  0.026  0.000  0.000  0.000  0.000  0.000  0.000  0.000  0.000
D        0.000  0.000  0.000 -0.127  0.000  0.000  0.000  0.000 -0.096  0.000  0.000  0.000  0.035  0.000  0.000 -0.067  0.000  0.000  0.000  0.000  0.000
E       -0.006  0.000 -0.065 -0.007  0.000  0.000  0.000  0.000  0.053 -0.097  0.000  0.000  0.021 -0.108  0.136 -0.016  0.053  0.153  0.000  0.000  0.000
F        0.000  0.000  0.000  0.000  0.000  0.000  0.000  0.000  0.000  0.000  0.000  0.000  0.021  0.000 -0.172  0.000  0.000  0.000  0.000  0.000  0.000
G        0.000  0.000  0.000  0.000  0.000  0.000  0.000  0.000  0.000  0.000  0.000  0.000 -0.057  0.000  0.000  0.000  0.000  0.000  0.000  0.000  0.000
H        0.000  0.000  0.000  0.000  0.000  0.000  0.000  0.000  0.000  0.000  0.000  0.000 -0.006  0.000  0.000  0.000  0.000  0.000  0.000  0.000  0.000
I        0.000  0.000  0.000 -0.143  0.000  0.000  0.000  0.000  0.000  0.000  0.000  0.000 -0.001  0.000 -0.114  0.000  0.000  0.002  0.000  0.000  0.000
K       -0.264  0.000  0.000  0.003 -0.041  0.000  0.000 -0.121  0.004  0.001  0.000  0.000  0.083  0.000 -0.196  0.055  0.000  0.000  0.000  0.000  0.000
L        0.030  0.000 -0.052 -0.079  0.000  0.000 -0.191  0.000 -0.064  0.019  0.000  0.000 -0.146  0.000  0.000  0.035 -0.197 -0.122  0.000  0.000  0.000
M        0.000  0.000  0.000  0.000  0.000  0.000  0.000  0.000  0.000  0.000  0.000  0.000  0.096  0.000  0.000 -0.083  0.000  0.000  0.000  0.000  0.000
N        0.000  0.000  0.000  0.000  0.000  0.000  0.000  0.000  0.000  0.000  0.000  0.000 -0.049  0.000  0.000  0.000  0.000  0.000  0.000  0.000  0.000
P        0.156  0.000  0.000 -0.146 -0.115  0.000  0.000 -0.204 -0.046 -0.068  0.000  0.218 -0.015 -0.156 -0.064 -0.090 -0.057 -0.007  0.000 -0.112  0.038
Q        0.003  0.000  0.000  0.151  0.000  0.000  0.000  0.000  0.000 -0.006  0.000  0.000  0.036  0.005  0.000  0.000  0.000  0.000  0.000  0.000  0.000
R        0.040  0.000 -0.072  0.000  0.000  0.000  0.000 -0.078  0.000 -0.097  0.000  0.000 -0.071  0.000  0.000  0.000  0.000  0.000  0.000  0.000  0.000
S       -0.194  0.000  0.000  0.000  0.000  0.000  0.000  0.000 -0.197  0.000  0.016  0.000 -0.009  0.000  0.000 -0.027 -0.008  0.000 -0.177  0.000  0.000
T        0.054  0.000  0.000 -0.058  0.000  0.000  0.000  0.149  0.000 -0.101  0.000  0.000  0.130  0.000  0.000  0.002  0.000  0.000  0.000  0.000  0.000
V       -0.087  0.000 -0.005  0.000  0.000  0.000  0.000  0.000 -0.039  0.000  0.000 -0.010  0.017  0.000  0.000  0.038  0.021  0.045  0.000  0.008  0.000
W        0.000  0.000  0.000  0.000  0.000  0.000  0.000  0.000  0.000  0.000  0.000  0.000  0.000  0.000  0.000  0.000  0.000  0.000  0.000  0.000  0.000
Y        0.000  0.000  0.000  0.000  0.000  0.000  0.000  0.000  0.000  0.000  0.000  0.000  0.206  0.000  0.000  0.000  0.000  0.000  0.000  0.000  0.000
X        0.000  0.000  0.000  0.000  0.000  0.000  0.000  0.000  0.000  0.000  0.000  0.000  0.000  0.000  0.000  0.000  0.000  0.000  0.000  0.000  0.000
