i-1/i     A      C      D      E      F      G      H      I      K      L      M      N      P      Q      R      S      T      V      W      Y      X
A        0.110  0.000  0.000  0.238  0.000  0.000  0.000  0.276  0.130  0.042  0.000  0.000 -0.010  0.211  0.053 -0.016 -0.116  0.051  0.000  0.000  0.000
C        0.000  0.000  0.000  0.000  0.000  0.000  0.000  0.000  0.000  0.000  0.000  0.000  0.000  0.000  0.000  0.000  0.000  0.000  0.000  0.000  0.000
D       -0.080  0.000  0.000  0.063  0.000  0.000  0.000 -0.058  0.000 -0.058  0.008  0.000  0.234  0.000 -0.376  0.000  0.000  0.034  0.000  0.000  0.000
E        0.000  0.000 -0.091 -0.064  0.000  0.000  0.000 -0.176 -0.008 -0.005  0.000  0.000 -0.034  0.041  0.000  0.000  0.081  0.000  0.000  0.136  0.000
F        0.000  0.000  0.000  0.000  0.000  0.000  0.000  0.000  0.164  0.000  0.000  0.000  0.000  0.000  0.000  0.000  0.000  0.000  0.000  0.000  0.000
G       -0.083  0.000  0.000  0.000  0.000  0.000  0.000  0.292  0.235  0.164  0.000  0.000 -0.005  0.000 -0.094  0.069  0.000 -0.008  0.000  0.000  0.000
H        0.000  0.000  0.000  0.000  0.000  0.000  0.000  0.000  0.000  0.014  0.000  0.000  0.000  0.000  0.000  0.000  0.000  0.000  0.000  0.000  0.000
I        0.000  0.000  0.000  0.000  0.000  0.000  0.000  0.000 -0.018  0.000  0.000  0.000  0.155  0.000  0.159  0.000  0.000  0.000  0.000  0.000  0.000
K       -0.256  0.000 -0.083  0.095  0.000  0.000  0.000  0.152  0.002 -0.161  0.000  0.000  0.074  0.000  0.000 -0.194  0.130  0.120  0.000  0.000  0.000
L        0.000  0.000  0.000  0.052  0.000  0.000  0.000  0.000 -0.058  0.069  0.000  0.000  0.194  0.129  0.203  0.000 -0.254  0.000  0.000  0.000  0.000
M        0.000  0.000  0.000  0.000  0.000  0.000  0.000  0.000  0.000  0.000  0.000  0.000  0.000  0.000  0.000  0.054  0.000  0.000  0.000  0.094  0.000
N        0.000  0.000  0.000  0.000  0.000  0.000  0.000  0.000  0.000  0.000  0.000  0.000  0.050  0.000  0.000  0.000  0.000 -0.098  0.000  0.000  0.000
P        0.050  0.060  0.055 -0.085  0.077  0.000 -0.048  0.099  0.081 -0.064 -0.275  0.156  0.022  0.079 -0.005 -0.038  0.052  0.129  0.000  0.135  0.000
Q        0.000  0.000  0.000  0.157  0.000  0.000  0.000  0.000 -0.068  0.057  0.000  0.000  0.175 -0.293  0.000  0.000  0.000  0.000  0.000  0.000  0.000
R        0.000  0.000  0.000  0.131  0.036  0.000  0.000 -0.051 -0.088  0.000  0.000  0.000  0.018  0.000  0.000  0.000  0.000  0.000  0.000  0.000  0.000
S        0.173  0.000  0.139 -0.090  0.000  0.000  0.000  0.000  0.153  0.125  0.029  0.000  0.094  0.026  0.000 -0.009 -0.151  0.094  0.000  0.000  0.000
T        0.000  0.000  0.000 -0.018  0.000  0.000  0.000  0.000  0.000  0.234  0.000  0.000  0.116  0.000  0.000  0.095  0.000  0.085  0.000  0.000  0.000
V        0.087  0.000  0.000 -0.085  0.000  0.000  0.000  0.149  0.000  0.262  0.148  0.000  0.085  0.000  0.000  0.000  0.017 -0.281  0.000  0.000  0.000
W        0.000  0.000  0.000  0.000  0.000  0.000  0.000  0.000  0.000  0.000  0.000  0.000  0.000  0.000  0.000  0.013  0.000  0.000  0.000  0.000  0.000
Y        0.000  0.000  0.000  0.000  0.000  0.000  0.000  0.000  0.000  0.000  0.000  0.000  0.177  0.000  0.000  0.000  0.000  0.168  0.000  0.000  0.000
X        0.000  0.000  0.000  0.000  0.000  0.000  0.000  0.000  0.000  0.000  0.000  0.000 -0.088  0.000  0.000  0.000  0.000  0.000  0.000  0.000  0.000
