i-1/i     A      C      D      E      F      G      H      I      K      L      M      N      P      Q      R      S      T      V      W      Y      X
A       -0.026  0.000  0.000 -0.163  0.000  0.000  0.000 -0.079  0.103  0.169  0.000  0.222 -0.004 -0.226 -0.303  0.019 -0.127  0.088  0.000  0.000  0.000
C        0.000  0.000  0.000  0.000  0.000  0.000  0.000  0.000  0.000  0.000  0.000  0.000  0.000  0.000  0.000  0.000  0.000  0.000  0.000  0.000  0.000
D       -0.072  0.000  0.000  0.091  0.000  0.000  0.000  0.098  0.000  0.005  0.000  0.000 -0.032 -0.129  0.080 -0.161  0.068  0.069  0.000  0.286  0.000
E        0.000  0.000 -0.010 -0.122  0.000  0.000  0.000  0.044  0.086 -0.095  0.000  0.000 -0.036 -0.206 -0.254 -0.031  0.068 -0.050  0.000 -0.219  0.000
F        0.000  0.000  0.000  0.000  0.000  0.000  0.000  0.000  0.000  0.000  0.000  0.000 -0.059  0.000  0.000  0.000  0.000  0.000  0.000  0.000  0.000
G        0.000  0.000  0.000 -0.193  0.000  0.000  0.000  0.000  0.000 -0.276  0.000  0.000 -0.132  0.000  0.000 -0.049  0.000  0.000  0.000  0.000  0.000
H        0.000  0.000  0.000 -0.049  0.000  0.000  0.000  0.000  0.000  0.057  0.000  0.000  0.024  0.000  0.000  0.000  0.000  0.000  0.000  0.000  0.000
I       -0.002  0.000 -0.026  0.011  0.000  0.000 -0.015  0.039 -0.103  0.000  0.000  0.000 -0.029  0.000  0.104  0.000 -0.018  0.094  0.000  0.000  0.000
K        0.138  0.000 -0.061 -0.128  0.000  0.000  0.000  0.000 -0.123  0.029  0.000  0.000 -0.002  0.099  0.023 -0.037 -0.105 -0.094  0.000  0.112  0.000
L        0.076  0.000 -0.021 -0.007  0.000  0.000  0.000  0.000 -0.037 -0.088  0.000  0.173  0.013  0.137  0.000  0.057 -0.048 -0.198  0.000  0.000  0.000
M        0.265  0.000  0.000  0.000  0.000  0.000  0.000  0.000  0.000 -0.063  0.000  0.000  0.018  0.000  0.000  0.000  0.000  0.000  0.000  0.000  0.000
N        0.000  0.000  0.116  0.000  0.000  0.000  0.000  0.000  0.000  0.000  0.000  0.000 -0.082  0.000  0.000  0.080  0.000  0.000  0.000  0.000  0.000
P        0.075 -0.060  0.000  0.154  0.033  0.000  0.128  0.156  0.210  0.051  0.055  0.029  0.170  0.093  0.044  0.084  0.093  0.147  0.000 -0.195  0.000
Q        0.234  0.000  0.000  0.000  0.000  0.000  0.000  0.039 -0.040 -0.023  0.000  0.000  0.112  0.000  0.000 -0.069  0.000  0.000  0.000  0.000  0.000
R       -0.046  0.000  0.000  0.000  0.088  0.000  0.000 -0.300  0.000  0.058  0.000  0.000 -0.302  0.000  0.000 -0.165  0.000 -0.222  0.000  0.000  0.000
S       -0.124  0.000 -0.062 -0.041 -0.145  0.000  0.000  0.000  0.148 -0.019  0.014  0.000  0.020  0.000  0.000  0.062  0.021 -0.040 -0.139  0.000  0.000
T        0.027  0.000 -0.039  0.074  0.000  0.000  0.000  0.191 -0.025  0.209  0.000 -0.124  0.117  0.000  0.000  0.092  0.152  0.052  0.000  0.242  0.000
V        0.023  0.000 -0.157  0.053  0.000  0.000  0.000 -0.006 -0.085  0.000  0.000  0.000  0.143  0.097  0.000 -0.063 -0.164 -0.041  0.000 -0.267  0.000
W        0.000  0.000  0.000 -0.133  0.000  0.000  0.000  0.000  0.000  0.000  0.000  0.000 -0.126  0.000  0.000  0.000  0.000  0.000  0.000  0.000  0.000
Y        0.230  0.000  0.000  0.000  0.000  0.000  0.000  0.000  0.000  0.000  0.000  0.000  0.227  0.000  0.000  0.000  0.000  0.000  0.000  0.000  0.000
X        0.000  0.000  0.000  0.000  0.000  0.000  0.000  0.000  0.000  0.000  0.000  0.000  0.086  0.000  0.000  0.000  0.000  0.000  0.000  0.000  0.000
