i-1/i     A      C      D      E      F      G      H      I      K      L      M      N      P      Q      R      S      T      V      W      Y      X
A       -0.023  0.000 -0.016  0.000  0.000  0.000  0.000  0.000 -0.107 -0.213  0.000  0.000 -0.042  0.054  0.007  0.000 -0.214  0.066  0.000  0.039  0.000
C        0.000  0.000  0.000  0.000  0.000  0.000  0.000  0.000  0.000  0.000  0.000  0.000  0.077  0.000  0.000  0.000  0.000  0.000  0.000  0.000  0.000
D       -0.101  0.000  0.000 -0.068  0.000  0.000  0.000  0.060 -0.043  0.044  0.000 -0.151  0.039  0.000  0.000 -0.026  0.000  0.169  0.000  0.000  0.000
E       -0.066  0.000 -0.155 -0.044  0.000  0.000  0.000 -0.192  0.031  0.028  0.000  0.000  0.033  0.000  0.000 -0.099 -0.051  0.075 -0.027  0.000  0.000
F        0.000  0.000  0.000  0.000  0.000  0.000  0.000  0.000  0.000  0.000  0.000  0.000 -0.195  0.000  0.000 -0.146  0.000  0.000  0.000  0.000  0.000
G        0.000  0.000  0.000  0.000  0.000  0.000  0.000  0.000  0.000  0.000  0.000  0.000  0.106  0.000  0.000 -0.049  0.000  0.000  0.000  0.000  0.000
H        0.000  0.000  0.000  0.000  0.000  0.000  0.000  0.141  0.000  0.000  0.000  0.000 -0.013  0.000  0.000  0.000  0.000  0.000  0.000  0.000  0.000
I        0.013  0.000 -0.032  0.026  0.000  0.000  0.000 -0.011  0.000  0.000  0.000  0.000 -0.006 -0.133 -0.044  0.000  0.007 -0.040  0.000  0.000  0.000
K       -0.062  0.000  0.091  0.000  0.000  0.000  0.000 -0.113  0.147  0.029  0.000  0.000 -0.028  0.000  0.000  0.050  0.049 -0.051  0.000  0.000  0.000
L        0.119  0.000 -0.066  0.038  0.000  0.000 -0.180  0.000  0.096  0.014  0.044  0.000  0.094  0.170  0.159  0.011  0.013  0.000  0.000  0.000  0.000
M        0.000  0.000  0.000  0.000  0.000  0.000  0.000  0.000  0.000  0.000  0.000  0.000  0.022  0.000  0.000 -0.140  0.000  0.000  0.000  0.000  0.000
N        0.243  0.000  0.000  0.000  0.000  0.000  0.000  0.000  0.000 -0.164  0.000  0.000  0.013  0.000  0.000  0.000  0.000  0.000  0.000  0.000  0.000
P       -0.017  0.000 -0.110 -0.059 -0.134  0.000  0.012 -0.046 -0.074 -0.042 -0.079 -0.017 -0.025 -0.165 -0.035 -0.006 -0.017 -0.058 -0.027 -0.104 -0.113
Q        0.038  0.000  0.101  0.079  0.000  0.000  0.000  0.000  0.000 -0.210  0.000  0.000 -0.065  0.000  0.000  0.000  0.018 -0.013  0.000  0.000  0.000
R        0.000  0.000  0.038 -0.014  0.000  0.000  0.000 -0.136 -0.220  0.000  0.000  0.000  0.018  0.000 -0.097 -0.059  0.000  0.000  0.000  0.000  0.000
S        0.209  0.000 -0.019 -0.124  0.000  0.000  0.000  0.000 -0.005  0.048  0.000  0.000  0.074 -0.068 -0.086  0.047 -0.018  0.025  0.000  0.000  0.000
T        0.022  0.000  0.010 -0.039  0.000  0.000  0.000 -0.009 -0.035 -0.003  0.146  0.000  0.013  0.000  0.000  0.040 -0.073  0.037  0.000  0.000  0.000
V        0.071  0.000  0.172  0.126  0.000  0.000  0.000  0.259  0.059  0.123  0.000  0.000  0.042  0.000  0.200 -0.086 -0.094  0.039  0.000  0.000  0.000
W        0.000  0.000  0.000  0.000  0.000  0.000  0.000  0.000  0.000  0.000  0.000  0.000  0.000  0.000  0.000  0.050  0.000  0.000  0.000  0.000  0.000
Y        0.000  0.000  0.157 -0.036  0.000  0.000  0.000  0.000 -0.063  0.000  0.000  0.000 -0.166  0.000  0.000  0.000  0.055 -0.174  0.000  0.000  0.000
X        0.000  0.000  0.000  0.000  0.000  0.000  0.000  0.000  0.000  0.000  0.000  0.000  0.000  0.000  0.000  0.000  0.000  0.000  0.000  0.000  0.000
