i-1/i     A      C      D      E      F      G      H      I      K      L      M      N      P      Q      R      S      T      V      W      Y      X
A       -0.082  0.000 -0.139  0.000  0.000  0.194  0.000  0.000  0.064  0.000  0.000  0.000  0.000  0.000  0.000 -0.383  0.000 -0.164  0.000  0.000  0.000
C        0.000  0.000  0.000  0.000  0.000  0.000  0.000  0.000  0.000  0.000  0.000  0.000  0.000  0.000  0.000  0.000  0.000  0.000  0.000  0.000  0.000
D        0.000  0.000  0.000  0.040  0.000  0.000  0.000  0.000 -0.353  0.000  0.000  0.000  0.000  0.000  0.000  0.011  0.000  0.000  0.000  0.000  0.000
E        0.206  0.000 -0.292 -0.107  0.000  0.000  0.000  0.000  0.167  0.015  0.000  0.000  0.000  0.020  0.237  0.099 -0.229 -0.114  0.000  0.000  0.000
F        0.000  0.000  0.000  0.000  0.000  0.000  0.000  0.000  0.000  0.000  0.000  0.000  0.000  0.000  0.036  0.000  0.000  0.000  0.000  0.000  0.000
G        0.000  0.000  0.000  0.000  0.000  0.000  0.000  0.000  0.000  0.000  0.000  0.000  0.000  0.000  0.000  0.048  0.000  0.000  0.000  0.000  0.000
H        0.000  0.000  0.000  0.000  0.000  0.000  0.000  0.000  0.000  0.000  0.000  0.000  0.000  0.000  0.000  0.000  0.000  0.000  0.000  0.000  0.000
I        0.000  0.000  0.000  0.079  0.000  0.000  0.000  0.000  0.045  0.000  0.000  0.000  0.000  0.000  0.059  0.000  0.000 -0.089  0.000  0.000  0.000
K        0.137  0.000  0.000  0.128 -0.279  0.202  0.000  0.073 -0.130  0.000  0.000  0.000  0.000  0.056  0.140 -0.039  0.000  0.000  0.000  0.000  0.000
L       -0.089  0.000  0.112 -0.086  0.000  0.109  0.079  0.000 -0.011  0.093  0.000  0.000  0.000  0.000  0.000  0.156 -0.200 -0.126  0.000  0.000  0.000
M        0.000  0.000  0.000  0.000  0.000  0.000  0.000  0.000  0.000  0.000  0.000  0.000  0.000  0.000 -0.163 -0.043  0.000  0.027  0.000  0.000  0.000
N        0.000  0.000  0.000  0.000  0.000  0.000  0.000  0.000  0.000  0.000  0.000  0.000  0.000  0.000  0.000  0.000  0.000  0.000  0.000  0.000  0.000
P        0.137  0.000  0.114  0.195 -0.060 -0.140  0.000 -0.275 -0.012  0.229  0.000 -0.512  0.000  0.066 -0.226  0.015 -0.080 -0.236  0.000 -0.193 -0.002
Q        0.146  0.000  0.000  0.085  0.000  0.000  0.000  0.000  0.000 -0.161  0.000  0.000  0.000  0.300  0.000 -0.263  0.000  0.000  0.000  0.000  0.000
R        0.295  0.000  0.041  0.000  0.000  0.064  0.000  0.048  0.000  0.093  0.000  0.000  0.000  0.000  0.000  0.000  0.000  0.000  0.000  0.000  0.000
S        0.080  0.000  0.000  0.000  0.000 -0.472  0.000  0.000  0.043  0.000  0.110  0.000  0.000  0.000  0.000 -0.162 -0.000  0.000 -0.075  0.000  0.000
T        0.045  0.000  0.000  0.002  0.000  0.000  0.000  0.234  0.091  0.012  0.000  0.000  0.000 -0.417  0.000  0.097  0.000  0.131  0.000  0.000  0.000
V       -0.243  0.000  0.061  0.000  0.000 -0.062  0.000  0.000  0.125  0.000  0.000 -0.010  0.000  0.000  0.000  0.239  0.037 -0.115  0.000  0.000  0.000
W        0.000  0.000  0.000  0.000  0.000  0.000  0.000  0.000  0.000  0.000  0.000  0.000  0.000  0.000  0.000  0.000  0.000  0.000  0.000  0.000  0.000
Y        0.000  0.000  0.000  0.000  0.000  0.000  0.000  0.000  0.000  0.000  0.141  0.000  0.000  0.000  0.000  0.000  0.000  0.000  0.000  0.000  0.000
X        0.000  0.000  0.000  0.000  0.000  0.000  0.000  0.000  0.000  0.000  0.000  0.000  0.000  0.000  0.000  0.000  0.000  0.000  0.000  0.000  0.000
