i-1/i     A      C      D      E      F      G      H      I      K      L      M      N      P      Q      R      S      T      V      W      Y      X
A        0.250  0.000  0.000 -0.027  0.000  0.000  0.000  0.000 -0.130 -0.047  0.000  0.000  0.000  0.065  0.039 -0.029  0.032 -0.249  0.000  0.000  0.000
C        0.000  0.000  0.000  0.000  0.000  0.000  0.000  0.000  0.000  0.000  0.000  0.000  0.000  0.000  0.000  0.000  0.000  0.000  0.000  0.000  0.000
D       -0.016  0.000  0.000 -0.018  0.000  0.000  0.000  0.141  0.081  0.365  0.246  0.000  0.000  0.000  0.206  0.000  0.000 -0.184  0.000  0.000  0.000
E        0.000  0.000 -0.129 -0.161  0.000  0.000  0.000 -0.083 -0.049 -0.216  0.000  0.000  0.000 -0.216  0.000  0.000  0.214  0.000  0.000  0.289  0.000
F        0.000  0.000  0.000  0.000  0.000  0.000  0.000  0.000 -0.119  0.000  0.000  0.000  0.000  0.000  0.000  0.000  0.000 -0.137  0.000  0.000  0.000
G        0.246  0.000  0.000  0.000  0.000  0.000  0.000  0.172  0.392  0.258  0.000  0.000  0.000  0.000 -0.003  0.118  0.000 -0.063  0.000  0.000  0.000
H        0.000  0.000  0.000  0.000  0.000  0.000  0.000  0.000  0.000  0.067  0.000  0.000  0.000  0.000  0.000  0.000  0.000  0.000  0.000  0.000  0.000
I        0.000  0.000  0.000  0.000  0.000  0.000  0.000  0.000  0.162  0.000  0.000  0.000  0.000  0.000 -0.259  0.000  0.248  0.000  0.000  0.000  0.000
K       -0.267  0.000  0.099  0.124  0.000  0.000  0.000 -0.030 -0.315  0.047  0.000  0.000  0.000  0.000  0.000 -0.174 -0.009  0.189  0.000  0.000  0.000
L        0.000  0.000  0.000 -0.142  0.000  0.000  0.000  0.000  0.000 -0.150  0.000  0.000  0.000 -0.178  0.125  0.000 -0.305  0.000  0.000  0.000  0.000
M        0.000  0.000  0.000  0.000  0.000  0.000  0.000  0.000  0.000  0.000  0.000  0.000  0.000  0.000  0.000  0.046  0.000  0.000  0.000 -0.161  0.000
N        0.000  0.000  0.000  0.000  0.000  0.000  0.000  0.000  0.000  0.000  0.000  0.000  0.000  0.000  0.000  0.000  0.000 -0.056  0.000  0.000  0.000
P       -0.095 -0.120 -0.201  0.037  0.304  0.097 -0.130  0.065 -0.110  0.075  0.006 -0.095  0.000  0.066 -0.034 -0.072  0.140  0.017  0.000  0.198  0.000
Q        0.000  0.000  0.000  0.212  0.000  0.000  0.000  0.000  0.031  0.000  0.000  0.000  0.000  0.159  0.000  0.000  0.027  0.000  0.000  0.000  0.000
R        0.000  0.000  0.000 -0.166 -0.442  0.000  0.000  0.000  0.037  0.000 -0.183  0.000  0.000  0.000  0.000  0.000  0.000  0.000  0.000  0.000  0.000
S        0.114  0.000 -0.159  0.014  0.000 -0.470  0.000  0.000 -0.017 -0.144  0.060  0.000  0.000 -0.085  0.000 -0.081 -0.007  0.010  0.000  0.000  0.000
T        0.000  0.000  0.000  0.036  0.000  0.000  0.000  0.000  0.000 -0.024  0.000  0.000  0.000  0.000  0.000 -0.058  0.000  0.226  0.000  0.000  0.000
V       -0.388  0.000  0.000  0.000  0.000  0.000  0.000  0.020 -0.265 -0.427  0.000  0.000  0.000  0.000  0.000  0.000  0.114  0.188  0.000  0.000  0.000
W        0.000  0.000  0.000  0.000  0.000  0.000  0.000  0.000  0.000  0.000  0.000  0.000  0.000  0.000  0.000  0.000  0.000  0.000  0.000  0.000  0.000
Y        0.000  0.000  0.000  0.000  0.000  0.000  0.000  0.000  0.000  0.000  0.000  0.000  0.000  0.000  0.000  0.000  0.000  0.284  0.000  0.000  0.000
X        0.000  0.000  0.000  0.000  0.000  0.000  0.000  0.000  0.000  0.000  0.000  0.000  0.000  0.000  0.000  0.000  0.000  0.000  0.000  0.000  0.000
