i-1/i     A      C      D      E      F      G      H      I      K      L      M      N      P      Q      R      S      T      V      W      Y      X
A       -0.015  0.000  0.000 -0.156  0.000  0.000  0.000  0.124  0.051  0.159  0.000  0.000  0.000 -0.105  0.166 -0.042  0.165  0.131  0.000  0.000  0.000
C        0.000  0.000  0.000  0.000  0.000  0.000  0.000  0.000  0.000  0.000  0.000  0.000  0.000  0.000  0.000  0.000  0.000  0.000  0.000  0.000  0.000
D        0.286  0.000  0.000 -0.056  0.000  0.000  0.000  0.064  0.059 -0.346  0.000  0.000  0.000  0.076 -0.085 -0.023  0.317 -0.057  0.000  0.324  0.000
E        0.000  0.000 -0.150  0.003  0.000  0.000  0.000  0.116  0.096  0.235  0.000  0.000  0.000  0.000  0.071  0.338 -0.039 -0.144  0.000 -0.264  0.000
F        0.000  0.000  0.000  0.000  0.000  0.000  0.000  0.000  0.000  0.000  0.000  0.000  0.000  0.000 -0.136  0.000  0.000  0.000  0.000  0.000  0.000
G        0.152  0.000  0.000  0.333  0.000  0.000  0.000  0.000 -0.196 -0.237  0.000  0.000  0.000  0.000  0.000 -0.107 -0.089 -0.020  0.000  0.000  0.000
H        0.000  0.000  0.000  0.123  0.000  0.000  0.003  0.000  0.000  0.497  0.000  0.000  0.000  0.000  0.000  0.000  0.000  0.000  0.000  0.000  0.000
I       -0.032  0.000 -0.160  0.107  0.000  0.000  0.058  0.375  0.030  0.000  0.000  0.000  0.000  0.000  0.321  0.000 -0.060 -0.090  0.000  0.000  0.000
K       -0.263  0.000  0.205 -0.125  0.000  0.000  0.000  0.000 -0.344  0.144  0.000  0.000  0.000  0.000  0.060  0.113  0.051 -0.075  0.000  0.133  0.000
L       -0.359  0.000 -0.118 -0.392  0.000  0.000  0.000  0.000  0.083 -0.184  0.000  0.064  0.000  0.155  0.000  0.120  0.071  0.074  0.000  0.000  0.000
M        0.000  0.000  0.000  0.000  0.000  0.000  0.000  0.000  0.000 -0.005  0.000  0.000  0.000  0.000  0.000  0.000  0.232  0.000  0.000  0.000  0.000
N        0.000  0.000  0.017  0.000  0.000  0.000  0.000  0.000  0.000  0.000  0.000  0.000  0.000  0.000  0.000  0.149  0.000  0.000  0.000  0.000  0.000
P        0.021  0.036  0.080  0.024 -0.191 -0.128 -0.051  0.232 -0.023 -0.119 -0.211  0.045  0.000 -0.163 -0.120  0.157 -0.094 -0.050  0.000  0.166  0.000
Q       -0.017  0.000  0.000  0.000  0.000  0.000  0.000  0.227  0.110  0.176  0.000  0.000  0.000  0.000  0.000  0.005  0.000  0.000  0.000  0.000  0.000
R       -0.006  0.000  0.000  0.000  0.511  0.000  0.000  0.183  0.000  0.265  0.000  0.000  0.000  0.000  0.000  0.123  0.000 -0.146  0.000  0.000  0.000
S       -0.008  0.000 -0.022  0.173 -0.073 -0.042  0.000 -0.265  0.136  0.240  0.087  0.000  0.000  0.000 -0.208 -0.167  0.405  0.037 -0.095  0.394  0.000
T        0.204  0.000 -0.136  0.013  0.364  0.000  0.000 -0.002 -0.161 -0.002  0.000 -0.022  0.000  0.082  0.000  0.080 -0.172 -0.182  0.000 -0.317  0.000
V       -0.024  0.000  0.246 -0.159  0.000  0.000  0.000 -0.017 -0.107  0.000 -0.156  0.000  0.000 -0.151  0.000 -0.106 -0.169  0.312  0.000  0.024  0.000
W        0.000  0.000  0.000  0.093  0.000  0.000  0.000  0.000  0.000  0.000  0.000  0.000  0.000  0.000  0.000  0.000  0.000  0.000  0.000  0.000  0.000
Y       -0.372  0.000  0.000  0.000  0.000  0.000  0.000  0.000  0.000  0.000  0.000  0.000  0.000  0.000  0.000  0.000  0.000  0.000  0.000  0.000  0.000
X        0.000  0.000  0.000  0.000  0.000  0.000  0.000  0.000  0.000  0.000  0.000  0.000  0.000  0.000  0.000  0.000  0.000  0.000  0.000  0.000  0.000
