i-1/i     A      C      D      E      F      G      H      I      K      L      M      N      P      Q      R      S      T      V      W      Y      X
A       -0.148  0.000 -0.093  0.000  0.000 -0.066  0.000  0.139 -0.103  0.369  0.000  0.000  0.000  0.000 -0.147 -0.265 -0.223 -0.111  0.000  0.290  0.000
C        0.000  0.000  0.000  0.000  0.000  0.000  0.000  0.000  0.000  0.000  0.000  0.000  0.000  0.000  0.000  0.000  0.000  0.000  0.000  0.000  0.000
D        0.208  0.000  0.000 -0.044  0.000  0.000  0.000 -0.157 -0.185  0.506  0.000 -0.075  0.000  0.000  0.000 -0.133 -0.004  0.000  0.000  0.000  0.000
E        0.100  0.000  0.186 -0.088  0.000 -0.015  0.090  0.139 -0.077  0.151  0.000  0.000  0.000  0.000  0.000  0.123 -0.139  0.102 -0.096  0.000  0.000
F        0.000  0.000  0.000  0.000  0.000  0.000  0.000  0.000  0.000  0.000  0.000  0.000  0.000  0.000  0.304  0.344  0.110  0.000  0.000  0.000  0.000
G        0.000  0.000  0.000  0.000  0.000  0.000  0.000  0.000  0.000  0.000  0.000  0.000  0.000  0.000  0.000 -0.248  0.000  0.000  0.000  0.000  0.000
H        0.000  0.000  0.000  0.000  0.000  0.000  0.000  0.226  0.000  0.000  0.000  0.000  0.000  0.000  0.000  0.000  0.000  0.000  0.000  0.000  0.000
I        0.277  0.000  0.257  0.117  0.000  0.000  0.000  0.337  0.000  0.000  0.000  0.000  0.000  0.122  0.073  0.414  0.229 -0.094  0.000  0.000  0.000
K       -0.189  0.000 -0.069 -0.056  0.000  0.224  0.000 -0.185 -0.133  0.024  0.000  0.000  0.000 -0.262  0.000 -0.051 -0.018 -0.094  0.000  0.000  0.000
L        0.177  0.000 -0.112 -0.056  0.000  0.320  0.000  0.000  0.239 -0.295 -0.173  0.000  0.000  0.000  0.071 -0.225 -0.067  0.000  0.000  0.000  0.000
M        0.000  0.000  0.000  0.000  0.000  0.000  0.000  0.000  0.000  0.000  0.000  0.000  0.000  0.000  0.000  0.253  0.000  0.081  0.000  0.000  0.000
N        0.107  0.000  0.000  0.000  0.000  0.000  0.000  0.000  0.000  0.127  0.000  0.000  0.000  0.000  0.000  0.000 -0.419  0.000  0.000  0.000  0.000
P        0.059  0.000 -0.060  0.050 -0.020  0.001 -0.274 -0.112  0.082  0.030 -0.053 -0.097  0.000  0.023 -0.237 -0.128  0.033 -0.036 -0.162  0.209 -0.200
Q        0.067  0.000  0.164  0.108  0.000  0.000  0.000  0.000 -0.248  0.003  0.000  0.000  0.000  0.000  0.000  0.000  0.037  0.082  0.000  0.000  0.000
R        0.005  0.000  0.218 -0.040  0.012  0.000  0.000  0.108  0.076  0.000  0.000  0.000  0.000  0.000  0.066  0.064  0.000  0.000  0.000  0.000  0.000
S        0.176  0.000  0.012  0.238  0.000 -0.266  0.000  0.000  0.011  0.121  0.000  0.000  0.000  0.071 -0.035 -0.093 -0.019 -0.146  0.000  0.000  0.000
T        0.015  0.000  0.075 -0.023  0.000 -0.247  0.000  0.079 -0.074 -0.471  0.000  0.000  0.000  0.000  0.000  0.000 -0.312  0.004  0.000  0.000  0.000
V       -0.009  0.000 -0.079  0.056  0.000 -0.165  0.000  0.066  0.030  0.423  0.000  0.000  0.000  0.000 -0.093 -0.277  0.046  0.180  0.000  0.000  0.000
W        0.000  0.000  0.000  0.000  0.000  0.000  0.000  0.000  0.000  0.000  0.000  0.000  0.000  0.000  0.000  0.000  0.000  0.000  0.000  0.000  0.000
Y        0.000  0.000 -0.003  0.045  0.000  0.000  0.000  0.000  0.009  0.000  0.000  0.000  0.000  0.000  0.000  0.428  0.340 -0.202  0.000  0.000  0.000
X        0.000  0.000  0.000  0.000  0.000  0.000  0.000  0.000  0.000  0.000  0.000  0.000  0.000  0.000  0.000  0.000  0.000  0.000  0.000  0.000  0.000
