i-1/i     A      C      D      E      F      G      H      I      K      L      M      N      P      Q      R      S      T      V      W      Y      X
A        0.335  0.000 -0.377  0.000  0.000  0.000  0.000  0.000  0.000  0.000  0.000  0.000  0.000  0.000  0.000  0.612  0.000 -0.255  0.000  0.000  0.000
C        0.000  0.000  0.000  0.000  0.000  0.000  0.000  0.000  0.000  0.000  0.000  0.000  0.000  0.000  0.000  0.000  0.000  0.000  0.000  0.000  0.000
D        0.000  0.000  0.000 -1.333  0.000  0.000  0.000  0.000  0.850  0.000  0.000  0.000  0.000  0.000  0.000  0.714  0.000  0.000  0.000  0.000  0.000
E       -2.743  0.000 -1.095  0.026  0.000  0.000  0.000  0.000  1.378 -1.534  0.000  0.000  0.000 -0.953  1.918 -0.089  0.046  0.000  0.000  0.000  0.000
F        0.000  0.000  0.000  0.000  0.000  0.000  0.000  0.000  0.000  0.000  0.000  0.000  0.000  0.000 -1.999  0.000  0.000  0.000  0.000  0.000  0.000
G        0.000  0.000  0.000  0.000  0.000  0.000  0.000  0.000  0.000  0.000  0.000  0.000  0.000  0.000  0.000 -0.878  0.000  0.000  0.000  0.000  0.000
H        0.000  0.000  0.000  0.000  0.000  0.000  0.000  0.000  0.000  0.000  0.000  0.000  0.000  0.000  0.000  0.000  0.000  0.000  0.000  0.000  0.000
I        0.000  0.000  0.000 -0.748  0.000  0.000  0.000  0.000 -0.535  0.000  0.000  0.000  0.000  0.000  0.000  0.000  0.000  0.773  0.000  0.000  0.000
K       -0.151  0.000  0.000  0.894 -0.589  1.035  0.000  0.240  0.164  0.000  0.000  0.000  0.000  0.608 -1.214  1.139  0.000  0.000  0.000  0.000  0.000
L       -2.249  0.000  0.539 -0.808  0.000 -0.718 -1.185  0.000 -0.417 -1.010  0.000  0.000  0.000  0.000  0.000 -1.172  0.057 -1.254  0.000  0.000  0.000
M        0.000  0.000  0.000  0.000  0.000  0.000  0.000  0.000  0.000  0.000  0.000  0.000  0.000  0.000  0.129  1.148  0.000  0.541  0.000  0.000  0.000
N        0.000  0.000  0.000  0.000  0.000  0.000  0.000  0.000  0.000  0.000  0.000  0.000  0.000  0.000  0.000  0.000  0.000  0.000  0.000  0.000  0.000
P       -0.235  0.000 -0.317  0.635  0.665 -0.877  0.000  0.396  0.041  1.466  0.000  0.000 -1.574 -0.685 -0.623 -0.589 -1.253 -0.205  0.000  0.923  0.000
Q       -0.669  0.000  0.000  1.524  0.000  0.000  0.000  0.000  0.000 -1.747  0.000  0.000  0.000 -0.112  0.000 -1.288  0.000  0.000  0.000  0.000  0.000
R        3.012  0.000  1.442  0.000  0.000 -0.475  0.000  0.094  0.000 -0.762  0.000  0.000  0.000  0.000  0.000  0.000  0.000  0.000  0.000  0.000  0.000
S       -0.778  0.000  0.000  0.000  0.000 -0.304  0.000  0.000 -0.471  0.000 -0.604  0.000  0.000  0.000  0.000 -1.415 -1.318  0.000 -2.459  0.000  0.000
T       -0.346  0.000  0.000 -0.111  0.000  0.000  0.000  0.768  0.921  1.275  0.000  0.000  0.000 -3.118  0.000 -2.319  0.000  2.111  0.000  0.000  0.000
V       -2.391  0.000 -1.582  0.000  0.000  1.127  0.000  0.000  1.106  0.000  0.000 -0.001  0.000  0.000  0.000 -0.341 -1.246  1.051  0.000  0.000  0.000
W        0.000  0.000  0.000  0.000  0.000  0.000  0.000  0.000  0.000  0.000  0.000  0.000  0.000  0.000  0.000  0.000  0.000  0.000  0.000  0.000  0.000
Y        0.000  0.000  0.000  0.000  0.000  0.000  0.000  0.000  0.000  0.000  0.026  0.000  0.000  0.000  0.000  0.000  0.000  0.000  0.000  0.000  0.000
X        0.000  0.000  0.000  0.000  0.000  0.000  0.000  0.000  0.000  0.000  0.000  0.000  0.000  0.000  0.000  0.000  0.000  0.000  0.000  0.000  0.000
