i-1/i     A      C      D      E      F      G      H      I      K      L      M      N      P      Q      R      S      T      V      W      Y      X
A        1.438  0.000  0.000  1.214  0.000  0.000  0.000  0.000 -0.483 -0.099  0.000  0.000  0.000 -0.158 -1.662  0.706 -2.516  0.189  0.000  0.000  0.000
C        0.000  0.000  0.000  0.000  0.000  0.000  0.000  0.000  0.000  0.000  0.000  0.000  0.000  0.000  0.000  0.000  0.000  0.000  0.000  0.000  0.000
D        0.853  0.000  0.000  0.253  0.000  0.000  0.000  2.413  1.417 -1.952  0.000  0.000  0.000  0.000 -2.405  0.000  0.000 -1.076  0.000  0.000  0.000
E        0.000  0.000 -1.054 -0.960  0.000  0.000  0.000 -1.476  0.152  0.388  0.000  0.000  0.000 -0.563  0.000  0.000  0.565  0.000  0.000  2.950  0.000
F        0.000  0.000  0.000  0.000  0.000  0.000  0.000  0.000 -0.916  0.000  0.000  0.000  0.000  0.000  0.000  0.000  0.000  0.821  0.000  0.000  0.000
G        0.000  0.000  0.000  0.000  0.000  0.000  0.000  0.000  0.647  0.657  0.000  0.000  0.000  0.000  0.482 -0.684  0.000 -1.127  0.000  0.000  0.000
H        0.000  0.000  0.000  0.000  0.000  0.000  0.000  0.000  0.000 -0.327  0.000  0.000  0.000  0.000  0.000  0.000  0.000  0.000  0.000  0.000  0.000
I        0.000  0.000  0.000  0.000  0.000  0.000  0.000  0.000  0.769  0.000  0.000  0.000  0.000  0.000  0.292  0.000  0.000  0.000  0.000  0.000  0.000
K        0.000  0.000 -0.597  0.340  0.000  0.000  0.000 -1.919 -1.609 -1.248  0.000  0.000  0.000  0.000  0.000  0.769  0.574  3.086  0.000  0.000  0.000
L        0.000  0.000  0.000  0.916  0.000  0.000  0.000  0.000 -0.434 -1.689  0.000  0.000  0.000 -0.975 -0.531  0.000  0.925  0.000  0.000  0.000  0.000
M        0.000  0.000  0.000  0.000  0.000  0.000  0.000  0.000  0.000  0.000  0.000  0.000  0.000  0.000  0.000 -1.685  0.000  0.000  0.000  0.000  0.000
N        0.000  0.000  0.000  0.000  0.000  0.000  0.000  0.000  0.000  0.000  0.000  0.000  0.000  0.000  0.000  0.000  0.000  0.006  0.000  0.000  0.000
P        0.093  0.865  1.080  1.341  2.160 -1.925 -1.181  0.430 -1.459  1.480  0.250 -0.076 -1.344  0.698  1.353 -0.067  0.336 -0.383  0.000 -0.077  0.000
Q        0.000  0.000  0.000  1.388  0.000  0.000  0.000  0.000 -0.608  0.000  0.000  0.000  0.000 -1.418  0.000  0.000  0.822  0.000  0.000  0.000  0.000
R        0.000  0.000  0.000 -1.548 -0.810  0.000  0.000  0.000  1.138  0.000 -2.449  0.000  0.000  0.000  0.000  0.000  0.000  0.000  0.000  0.000  0.000
S        1.114  0.000 -0.962 -2.078  0.000 -0.274  0.000  0.000 -0.140 -1.475 -2.061  0.000  0.000  1.342  0.000  0.064 -0.156 -3.419  0.000  0.000  0.000
T        0.000  0.000  0.000  0.181  0.000  0.000  0.000  0.000  0.000  1.113  0.000  0.000  0.000  0.000  0.000  1.123  0.000  1.621  0.000  0.000  0.000
V        2.349  0.000  0.000  0.000  0.000  0.000  0.000 -2.018 -0.778 -0.655 -0.494  0.000  0.000  0.000  0.000  0.000  1.567  2.252  0.000  0.000  0.000
W        0.000  0.000  0.000  0.000  0.000  0.000  0.000  0.000  0.000  0.000  0.000  0.000  0.000  0.000  0.000  0.838  0.000  0.000  0.000  0.000  0.000
Y        0.000  0.000  0.000  0.000  0.000  0.000  0.000  0.000  0.000  0.000  0.000  0.000  0.000  0.000  0.000  0.000  0.000  0.000  0.000  0.000  0.000
X        0.000  0.000  0.000  0.000  0.000  0.000  0.000  0.000  0.000  0.000  0.000  0.000  0.000  0.000  0.000  0.000  0.000  0.000  0.000  0.000  0.000
