i-1/i     A      C      D      E      F      G      H      I      K      L      M      N      P      Q      R      S      T      V      W      Y      X
A       -0.286  0.000  0.000 -2.013  0.000  0.000  0.000  0.533  2.361 -0.425  0.000  0.000  0.000  2.504 -1.124 -1.536 -1.875 -0.072  0.000  0.000  0.000
C        0.000  0.000  0.000  0.000  0.000  0.000  0.000  0.000  0.000  0.000  0.000  0.000  0.000  0.000  0.000  0.000  0.000  0.000  0.000  0.000  0.000
D        2.445  0.000  0.000  0.883  0.000  0.000  0.000 -1.486 -0.091 -3.105  0.000  0.000  0.000 -0.286 -3.137 -1.373  1.941 -2.188  0.000  1.778  0.000
E        0.000  0.000  1.259 -0.199  0.000  0.000  0.000 -1.018 -0.112  1.463  0.000  0.000  0.000  0.000  0.312 -1.001  1.099  0.629  0.000 -0.983  0.000
F        0.000  0.000  0.000  0.000  0.000  0.000  0.000  0.000  0.000  0.000  0.000  0.000  0.000  0.000 -1.438  0.000  0.000  0.000  0.000  0.000  0.000
G       -0.977  0.000  0.000  0.550  0.000  0.000  0.000  0.000 -0.461  0.908  0.000  0.000  0.000  0.000  0.000 -0.800 -0.497  1.508  0.000  0.000  0.000
H        0.000  0.000  0.000 -1.117  0.000  0.000  1.393  0.000  0.000  1.673  0.000  0.000  0.000  0.000  0.000  0.000  0.000  0.000  0.000  0.000  0.000
I        0.255  0.000 -0.728  1.732  0.000  0.000  0.538  1.869  0.286  0.000  0.000  0.000  0.000  0.000  0.576  0.000  1.492  0.042  0.000  0.000  0.000
K       -0.874  0.000  0.000 -0.542  0.000  0.000  0.000  0.000 -1.823  1.766  0.000  0.000  0.000  0.000  0.651  0.832  1.839  1.312  0.000 -0.995  0.000
L       -2.128  0.000 -3.128 -2.410  0.000  0.000  0.000  0.000 -0.168  0.118  0.000 -0.067  0.000  1.472  0.000  2.554 -0.891  2.599  0.000  0.000  0.000
M        0.206  0.000  0.000  0.000  0.000  0.000  0.000  0.000  0.000  1.783  0.000  0.000  0.000  0.000  0.000  0.000 -0.253  0.000  0.000  0.000  0.000
N        0.000  0.000 -0.720  0.000  0.000  0.000  0.000  0.000  0.000  0.000  0.000  0.000  0.000  0.000  0.000  0.000  0.000  0.000  0.000  0.000  0.000
P        0.569  1.599  0.930  1.905 -0.522 -0.849  0.750  0.691  0.320 -0.070  1.081  0.236 -4.469 -0.340  0.639 -0.040  2.348 -0.617  0.000  0.000  0.000
Q       -0.132  0.000  0.000  0.000  0.000  0.000  0.000  0.000  0.909  0.719  0.000  0.000  0.000  0.000  0.000 -0.528  0.000  0.000  0.000  0.000  0.000
R       -0.767  0.000  0.000  0.000  0.000  0.000  0.000 -0.325  0.000 -0.087  0.000  0.000  0.000  0.000  0.000  0.595  0.000 -0.374  0.000  0.000  0.000
S       -0.508  0.000 -0.209 -1.848 -1.009  0.854  0.000  0.036  1.730 -2.079 -1.106  0.000  0.000  0.000 -0.752 -0.918 -1.765 -1.107 -2.549 -1.492  0.000
T       -0.985  0.000 -2.011  0.660  0.643  0.000  0.000  0.848 -0.320  0.425  0.000  0.820  0.000  0.137  0.000  0.449  1.075  0.177  0.000 -2.510  0.000
V        1.869  0.000 -2.922 -2.150  0.000  0.000  0.000 -2.345 -0.653  0.000 -0.881  0.000  0.000 -1.008  0.000  0.879  1.284  1.965  0.000  0.790  0.000
W        0.000  0.000  0.000 -2.805  0.000  0.000  0.000  0.000  0.000  0.000  0.000  0.000  0.000  0.000  0.000  0.000  0.000  0.000  0.000  0.000  0.000
Y        1.166  0.000  0.000  0.000  0.000  0.000  0.000  0.000  0.000  0.000  0.000  0.000  0.000  0.000  0.000  0.000  0.000  0.000  0.000  0.000  0.000
X        0.000  0.000  0.000  0.000  0.000  0.000  0.000  0.000  0.000  0.000  0.000  0.000  0.000  0.000  0.000  0.000  0.000  0.000  0.000  0.000  0.000
