i-1/i     A      C      D      E      F      G      H      I      K      L      M      N      P      Q      R      S      T      V      W      Y      X
A       -0.633  0.000 -3.100  0.000  0.000 -0.923  0.000 -0.429 -1.519  1.332  0.000  0.000  0.000 -2.209 -2.440 -1.560  0.166 -1.008  0.000  0.006  0.000
C        0.000  0.000  0.000  0.000  0.000  0.000  0.000  0.000  0.000  0.000  0.000  0.000  0.000  0.000  0.000  0.000  0.000  0.000  0.000  0.000  0.000
D       -2.790  0.000  0.000 -2.802  0.000  0.000  0.000 -3.109  0.000 -0.506  0.000 -0.776  0.000  0.000  0.000 -0.916 -1.891 -0.957  0.000  0.000  0.000
E        0.489  0.000  0.450 -1.644  0.000 -0.070 -0.569  1.011 -0.499 -0.906  0.000  0.000  0.000  0.000  0.000 -0.733 -0.485 -0.793 -0.218  0.000  0.000
F        0.000  0.000  0.000  0.000  0.000  0.000  0.000  0.000  0.000  0.000  0.000  0.000  0.000  0.000  3.027  0.758  2.386  0.000  0.000  0.000  0.000
G        0.000  0.000  0.000  0.000  0.000  0.000  0.000  0.000  0.000  0.000  0.000  0.000  0.000  0.000  0.000 -2.659  0.000  0.000  0.000  0.000  0.000
H        0.000  0.000  0.000  0.000  0.000  0.000  0.000  0.000  0.000  0.000  0.000  0.000  0.000  0.000  0.000  0.000  0.000  0.000  0.000  0.000  0.000
I        0.000  0.000  1.978  3.012  0.000  0.000  0.000  0.772  0.000  0.000  0.000  0.000  0.000  0.000  0.000  0.000  1.923  0.000  0.000  0.000  0.000
K        0.000  0.000 -0.242 -0.018  0.000 -0.047  0.000  0.675 -0.472  1.445  0.000  0.000  0.000 -0.627  0.000 -0.621 -0.353 -1.523  0.000  0.000  0.000
L        0.187  0.000 -1.106 -0.038  0.000  1.226  3.204  0.000 -0.056 -0.071  2.385  0.000  0.000  1.605 -0.115 -1.149 -2.405  0.000  0.000  0.000  0.000
M        0.000  0.000  0.000  0.000  0.000  0.000  0.000  0.000  0.000  0.000  0.000  0.000  0.000  0.000  0.000 -0.651  0.000  1.017  0.000  0.000  0.000
N        0.000  0.000  0.000  0.000  0.000  0.000  0.000  0.000  0.000  0.526  0.000  0.000  0.000  0.000  0.000  0.000 -1.834  0.000  0.000  0.000  0.000
P       -1.221  0.000 -2.421 -0.593 -2.404 -0.594 -2.564 -0.821 -0.945 -1.028 -0.658 -0.768 -5.372 -1.684  0.000 -0.908 -1.313 -2.241 -2.180  2.685 -0.682
Q        2.175  0.000  1.371  0.808  0.000  0.000  0.000  0.000  0.007  0.697  0.000  0.000  0.000  0.000  0.000  0.000 -0.466 -0.111  0.000  0.000  0.000
R       -0.783  0.000 -0.324  0.795  0.354  0.000  0.000  0.743 -0.123  0.000  0.000  0.000  0.000  0.000 -2.755  1.345  0.000  0.000  0.000  0.000  0.000
S       -1.335  0.000 -0.334 -2.324  0.000 -1.072  0.000  0.000 -0.489  1.137  0.000 -0.342  0.000 -1.604  1.276 -0.255  1.316  0.273  0.000  0.000  0.000
T       -0.777  0.000  0.000  0.000  0.000  0.275  0.000  2.208  0.823 -1.023 -1.258  0.000  0.000  0.000  0.000 -1.991 -0.986  2.963  0.000  0.000  0.000
V        0.000  0.000  0.000  0.000  0.000  2.606  0.000  0.000  0.000  0.000  0.000  0.000  0.000  0.000  3.279  2.077  2.260  2.609  0.000  0.000  0.000
W        0.000  0.000  0.000  0.000  0.000  0.000  0.000  0.000  0.000  0.000  0.000  0.000  0.000  0.000  0.000  1.806  0.000  0.000  0.000  0.000  0.000
Y        0.000  0.000  0.000  1.734  0.000  0.000  0.000  0.000  1.366  0.000  0.000  0.000  0.000  0.000  0.000 -0.163 -1.177  0.000  0.000  0.000  0.000
X        0.000  0.000  0.000  0.000  0.000  0.000  0.000  0.000  0.000  0.000  0.000  0.000  0.000  0.000  0.000  0.000  0.000  0.000  0.000  0.000  0.000
