A	-0.135   19.102   0.018
C	0.008   28.085   -0.170
D	-0.182   41.089   0.079
E	-0.119   30.225   0.065
F	0.059   39.660   0.023
G	0.000   0.000   0.000
H	-0.093   29.719   0.041
I	-0.111   38.563   0.093
K	-0.102   32.921   0.029
L	-0.143   42.212   -0.053
M	-0.139   32.690   -0.205
N	-0.205   38.790   -0.013
P	-0.151   32.072   -0.426
Q	-0.064   29.509   0.004
R	-0.038   30.691   0.046
S	-0.153   63.766   0.087
T	-0.072   69.794   0.086
V	-0.147   32.674   0.044
W	-0.046   29.380   0.069
Y	0.017   38.750   0.019
C	0.008   28.085   -0.170
