i-1/i     A      C      D      E      F      G      H      I      K      L      M      N      P      Q      R      S      T      V      W      Y      X
A        0.021  0.019  0.111 -0.088 -0.075 -0.022  0.052 -0.189 -0.145  0.053 -0.057 -0.098 -0.379 -0.342 -0.101 -0.249 -0.037 -0.117 -0.583 -0.059 -0.371
C       -0.163  0.763 -0.551  0.157 -0.080 -0.918  0.490 -0.094  0.196 -0.286 -0.029  0.042 -0.831  0.217 -0.602  0.334  0.065 -0.211 -0.188  0.754  0.000
D       -0.281 -0.249  0.287 -0.116 -0.095 -0.167 -0.456  0.152 -0.163  0.019 -0.151  0.355 -0.517 -0.036  0.044 -0.134 -0.446  0.010  0.659 -0.043  1.081
E        0.024 -0.139  0.150 -0.204 -0.028 -0.170 -0.093  0.136 -0.009  0.224 -0.315  0.236  0.042 -0.082  0.022  0.099  0.033  0.314  0.628 -0.083  0.717
F        0.137  0.075 -0.303  0.033 -0.029  0.074  0.342  0.002  0.050 -0.036  0.117  0.445 -0.502  0.185 -0.269  0.335  0.654  0.016  0.383 -0.301  0.000
G        0.014  0.285 -0.297  0.048  0.158 -0.006 -1.105 -0.055  0.116 -0.003 -0.417 -0.258 -0.178 -0.097  0.033  0.191 -0.494  0.012 -0.169 -0.030  0.283
H       -0.023  0.529  0.165 -0.016  0.073  0.432 -0.457  0.129 -0.308 -0.129 -0.150 -0.240  0.000 -0.222 -0.203 -0.265  0.282  0.301  0.448 -0.207 -0.862
I       -0.041  0.196  0.359 -0.134 -0.151  0.411 -0.482 -0.068 -0.214  0.026  0.083  0.053 -0.391  0.336 -0.022  0.350  0.435 -0.115 -0.340 -0.177 -0.910
K       -0.044 -0.300 -0.107  0.238  0.057 -0.102  0.130  0.264  0.044  0.031  0.393  0.231  0.017 -0.030 -0.181  0.109  0.090  0.132 -0.072 -0.214 -0.622
L        0.076  0.108  0.013 -0.162 -0.118  0.146 -0.014 -0.029 -0.189 -0.122  0.215 -0.058  0.243 -0.112 -0.165  0.196  0.422 -0.055  0.026  0.142  0.416
M       -0.399  0.712 -0.207 -0.594 -0.351  0.359 -0.213 -0.013  0.319 -0.245  0.189  0.102  0.239 -0.895  0.370  0.254  0.763 -0.077  0.116 -0.703  0.000
N        0.126 -0.173 -0.070 -0.154  0.049 -0.025  0.150  0.162 -0.047 -0.146 -0.463 -0.235  0.087  0.093 -0.116  0.156 -0.231 -0.023 -0.108 -0.048 -0.773
P        0.049 -0.847 -0.328  0.544  0.100 -0.171 -0.604  0.210  0.315  0.409 -0.421  0.186  0.194 -0.201 -0.436 -0.173 -0.571  0.209  0.367  0.059  0.000
Q        0.459 -1.341  0.165  0.050  0.124  0.047 -0.198  0.059 -0.106  0.267  0.132  0.238 -0.229  0.004  0.235  0.051 -0.288  0.272 -0.658 -0.003  0.000
R       -0.110 -0.212  0.052  0.125 -0.138  0.194 -0.214  0.058 -0.097  0.231 -0.095  0.096 -0.589 -0.061  0.118  0.093 -0.149  0.181  0.004 -0.006 -0.036
S       -0.090 -0.490  0.321  0.294  0.086  0.185  0.063  0.036  0.013  0.223  0.022 -0.002 -0.673  0.189 -0.102 -0.188 -0.079  0.230  0.188 -0.215 -0.114
T        0.082 -0.141  0.253 -0.031 -0.278  0.173 -0.236 -0.103  0.056  0.216 -0.131  0.221  0.280 -0.108  0.223 -0.245  0.025  0.136  0.140 -0.034 -0.752
V       -0.159 -0.389  0.545 -0.183  0.044 -0.015  0.300 -0.129  0.126 -0.080  0.159  0.070 -0.002 -0.189 -0.094  0.109  0.474 -0.249  0.075  0.178  0.223
W        0.156  0.397  0.438  0.368 -0.447 -0.649  0.283 -0.305  0.559 -0.217 -0.659 -0.441  0.000  0.118  0.042  0.069 -0.099  0.278 -1.074  0.342  0.000
Y        0.007 -0.148  0.399  0.063 -0.034 -0.156  0.015  0.097 -0.028 -0.040 -0.335 -0.436 -0.521  0.024  0.114  0.176  0.741 -0.274  0.115  0.057 -0.588
X        0.062 -1.352 -0.170 -0.367 -0.076  0.483  0.000 -0.537  0.339  0.143  0.000  0.000  0.000  0.789  0.000 -0.279  0.239 -0.992  0.996  0.355 -0.739
