i-1/i     A      C      D      E      F      G      H      I      K      L      M      N      P      Q      R      S      T      V      W      Y      X
A        0.122  0.542 -0.017 -0.167 -0.174  0.286  0.011 -0.082  0.141  0.198  0.059 -0.219  0.303 -0.100 -0.002  0.178 -0.536  0.047 -0.195 -0.079  1.174
C        0.087  0.195  0.042  0.153 -0.406  0.027  0.326 -0.220  0.092  0.059 -0.136 -0.074 -0.135 -0.217  0.097 -0.471 -0.566  0.000  0.006  0.115  0.000
D       -0.006  0.614 -0.274  0.415  0.078  0.242  0.252  0.144  0.133 -0.046  0.303 -0.042  0.360  0.040 -0.166 -0.167 -0.595  0.037  0.010  0.040  0.172
E        0.114 -0.131 -0.072  0.303 -0.026  0.020  0.178  0.044  0.062  0.145  0.167 -0.130  0.252  0.078 -0.238  0.259 -0.033 -0.069  0.111  0.165  0.951
F       -0.321 -0.053 -0.280 -0.273 -0.010  0.162 -0.561 -0.015 -0.106 -0.027  0.186 -0.157 -0.587 -0.007 -0.168 -0.287 -0.056  0.090 -0.138  0.050 -0.164
G       -0.083 -0.420 -0.558 -0.109 -0.090 -0.260  0.285 -0.130 -0.155  0.046 -0.243 -0.139  0.029  0.067 -0.041  0.097 -0.686 -0.191  0.172 -0.207  0.434
H        0.077 -0.559 -0.151  0.011 -0.258  0.228  0.163 -0.025 -0.098  0.111  0.016 -0.756  0.000  0.089 -0.209 -0.264 -0.039  0.057  0.311  0.017  0.292
I        0.101 -0.283 -0.000  0.054 -0.115 -0.032  0.326  0.178 -0.007  0.010 -0.142  0.195 -0.315 -0.150  0.192 -0.043  0.392  0.280 -0.329 -0.049  0.149
K       -0.127  0.097 -0.348  0.123  0.261 -0.040 -0.376 -0.041 -0.048  0.078  0.204 -0.198  0.274  0.100 -0.138  0.016 -0.249 -0.197 -0.333  0.346 -0.799
L        0.102  0.250  0.220 -0.088  0.109 -0.049 -0.122  0.213 -0.043  0.051 -0.425  0.149  0.155 -0.013 -0.079 -0.087  0.474  0.326 -0.017  0.101  0.000
M        0.169 -0.382  0.086 -0.209  0.434 -0.087  0.329  0.242 -0.103  0.132  0.149  0.167  0.213 -0.131  0.104 -0.006 -0.047  0.126  0.265  0.397  0.000
N        0.230  0.419 -0.103  0.083  0.019 -0.173  0.060  0.044 -0.051  0.189  0.222  0.453  0.728  0.243 -0.042  0.035 -0.243 -0.027 -0.634  0.074  0.048
P       -0.959 -0.885 -1.103 -0.976 -1.190 -0.330 -1.313 -1.149 -0.985 -0.979 -0.945 -0.637  0.000 -0.922 -1.040 -0.999 -1.370 -1.346 -0.994 -1.201  0.000
Q        0.024  0.260 -0.010  0.066  0.028 -0.408  0.771  0.106  0.214  0.006  0.013  0.359  0.018  0.329  0.287  0.349 -0.056 -0.125  0.025  0.034 -0.124
R        0.074 -0.153  0.187  0.054  0.003 -0.190  0.426 -0.100  0.021 -0.088  0.034  0.222  0.019  0.061 -0.083 -0.003 -0.375 -0.043  0.157 -0.306 -0.182
S        0.327  0.110  0.524 -0.132  0.183 -0.192  0.204  0.083  0.121 -0.023  0.192 -0.056  0.170  0.230 -0.031  0.077 -0.161 -0.139  0.238 -0.145  0.085
T        0.073  0.227  0.240  0.040  0.176  0.168 -0.047 -0.031 -0.030 -0.018  0.320  0.018 -0.170  0.157 -0.165  0.011 -0.193 -0.077  0.333  0.146 -0.472
V        0.120  0.242  0.245  0.187  0.040  0.180  0.082  0.284  0.115  0.090  0.100  0.052 -0.277  0.152  0.338  0.141  0.360  0.174  0.134  0.140  0.032
W        0.305 -0.884 -0.520 -0.041  0.016  0.022  0.000  0.098  0.014  0.203  0.526  0.511 -0.696 -0.105 -0.284  0.085  0.000 -0.030 -0.052  0.158  0.000
Y       -0.194  0.170 -0.264 -0.143  0.246 -0.151 -0.010 -0.196  0.082 -0.167  0.115 -0.303  0.062 -0.059 -0.339  0.100  0.027 -0.024  0.408 -0.163 -0.140
X        0.086  0.000  0.000  0.238  0.423  0.000  0.961  0.101  0.346  0.692  0.244  0.000  0.000 -0.476  0.124 -0.017  0.202  0.009 -0.151  0.216 -0.725
