i-1/i     A      C      D      E      F      G      H      I      K      L      M      N      P      Q      R      S      T      V      W      Y      X
A        0.118 -0.091  0.039  0.073  0.051  0.003 -0.062  0.065 -0.078  0.045  0.176  0.110 -0.032 -0.169 -0.109 -0.032  0.195  0.014  0.255 -0.015  0.228
C        0.566 -1.083  0.086 -0.072  0.194  0.357 -0.208  0.071  0.398 -0.010 -0.945 -0.087  0.000  0.021  0.205  0.121  0.164  0.215  0.244  0.230  0.000
D        0.364 -0.123  0.072  0.184  0.068  0.494  0.145  0.114 -0.136  0.004 -0.219  0.435  0.000  0.312  0.083  0.277  0.159  0.425  0.065  0.450  0.000
E        0.010 -0.004  0.312  0.346  0.342  0.202 -0.082  0.138  0.319  0.128  0.195 -0.119  0.052  0.043  0.177  0.367 -0.192  0.085  0.051 -0.020  0.648
F       -0.267  0.318  0.029 -0.306 -0.451  0.159 -0.680 -0.120 -0.033 -0.012 -0.085  0.118 -0.229 -0.200 -0.121 -0.136 -0.168  0.074 -0.390 -0.170 -0.553
G        0.139  0.395  0.533 -0.160  0.023  0.333 -0.008 -0.067 -0.339  0.143 -0.179  0.066  0.034 -0.212 -0.128  0.269 -0.149 -0.183  0.115 -0.191  0.024
H       -0.150  0.294  0.020  0.121  0.148  0.213 -0.142  0.036  0.120  0.026  0.246 -0.113 -0.028  0.177  0.409 -0.196  0.216  0.332 -0.511  0.001  0.219
I       -0.149 -0.134 -0.317 -0.018 -0.219 -0.370 -0.108 -0.089 -0.058 -0.033 -0.309 -0.097  0.002 -0.221 -0.165 -0.178 -0.014  0.032 -0.787 -0.292 -0.249
K       -0.012 -0.265  0.060  0.193  0.197  0.077 -0.192 -0.039  0.255 -0.107  0.220  0.022  0.096  0.251  0.379 -0.012  0.109  0.092  0.140 -0.042 -0.264
L        0.088  0.226 -0.076  0.004 -0.057 -0.090  0.305 -0.174 -0.163 -0.022 -0.042 -0.068 -0.182  0.005  0.110 -0.062  0.103  0.027 -0.082  0.252 -1.194
M        0.071  0.390 -0.154  0.117  0.175 -0.257 -0.046 -0.106 -0.031 -0.185  0.217 -0.255 -0.544  0.369  0.222  0.191  0.092 -0.262  0.000  0.092  0.000
N        0.265  0.820 -0.260  0.210  0.232  0.104  1.019  0.358  0.407  0.308  0.454  0.451  0.282  0.277  0.288  0.399 -0.055  0.247  0.420  0.239  1.232
P        0.345 -0.190  0.094  0.159  0.284 -0.014  0.359 -0.148  0.086  0.126  0.826 -0.366  0.000  0.208  0.161  0.339  1.304 -0.078  0.756  0.276  0.000
Q       -0.153  0.046 -0.047 -0.023 -0.153  0.107  0.823  0.192  0.128  0.184  0.059  0.348  0.204  0.280  0.446  0.077  0.110  0.072  1.043 -0.073  0.601
R        0.308 -0.090  0.244  0.256  0.003  0.292  0.258  0.052  0.218 -0.001  0.348  0.176  0.043  0.172  0.088  0.186  0.117 -0.089  0.340  0.018  0.374
S        0.464  0.255  0.311  0.215  0.134  0.247 -0.031  0.090  0.338  0.271  0.164  0.234  0.389  0.171 -0.009  0.312  0.130 -0.025  0.325 -0.023 -0.121
T       -0.082  0.040  0.013  0.138  0.065  0.020  0.113  0.055  0.103 -0.148  0.244  0.250  0.096  0.315  0.083  0.163  0.005 -0.131 -0.184 -0.004 -0.544
V       -0.241 -0.144 -0.072 -0.261 -0.303 -0.189 -0.030  0.002  0.011 -0.193 -0.197 -0.141  0.109 -0.046 -0.268 -0.149 -0.185 -0.131 -0.023 -0.025  0.638
W       -0.511  0.411  0.236 -0.060  0.235 -0.501 -0.386 -0.402 -0.088  0.203 -0.349 -0.080  0.426 -0.189 -0.365 -0.249 -0.292 -0.196 -1.329  0.214  0.000
Y       -0.144 -0.046 -0.160 -0.040 -0.029 -0.388 -0.086 -0.048 -0.241  0.051 -0.369 -0.009 -0.577 -0.271 -0.229 -0.434 -0.299 -0.391  0.123 -0.008 -0.847
X        0.018  0.000  0.233  0.557  0.458 -0.230  0.493 -0.251  0.570 -0.960  0.000  0.000  0.000  0.156 -0.030 -0.322  0.069 -0.662  0.463  0.332  0.173
