i-1/i     A      C      D      E      F      G      H      I      K      L      M      N      P      Q      R      S      T      V      W      Y      X
A       -0.039 -0.072  0.409 -0.243 -0.178 -0.024 -0.212 -0.041  0.143  0.017 -0.340  0.435 -0.395 -0.198  0.319  0.229  0.230 -0.169  0.803  0.239 -1.352
C        0.517 -0.944  0.131  0.015 -0.363 -0.246 -0.685  0.196 -0.352  0.017 -0.302  0.000  0.280 -0.069  0.266  1.197 -0.111 -0.025  0.000  0.501  0.000
D       -0.384 -0.721 -0.384 -0.144 -0.248 -0.037 -0.226 -0.063  0.104 -0.091 -0.094 -0.061 -0.104 -0.400 -0.109 -0.002 -0.483 -0.402  0.925 -0.011  0.384
E        0.144 -0.030  0.252  0.096 -0.311  0.220 -0.249  0.368 -0.006  0.590  1.068 -0.096  0.515 -0.050  0.031  0.384  0.170  0.278 -0.335  0.068 -0.971
F       -0.002  0.047  0.118 -0.197 -0.242 -0.174  0.335 -0.236  0.417 -0.029 -0.227 -0.071 -0.002  0.079  0.203  0.617  0.044  0.157 -0.996  0.046 -1.197
G       -0.219 -0.059 -0.335 -0.096 -0.195 -0.241 -0.094  0.064  0.098  0.041 -0.318 -0.178  0.066  0.213  0.105  0.044 -0.122 -0.135  0.568  0.325  0.277
H       -0.004  0.007 -0.507 -0.344 -0.259 -0.465  0.133 -0.081 -0.300 -0.095 -0.323 -0.446  0.000 -0.275 -0.085 -0.718 -0.307  0.030 -1.427  0.007  0.000
I       -0.147  0.500 -0.070 -0.007  0.318  0.358  0.088 -0.003 -0.168 -0.086  0.184 -0.089  0.031  0.019  0.312 -0.069  0.371  0.178 -0.249  0.178 -0.147
K        0.114 -0.320 -0.067 -0.255  0.466  0.100  0.076  0.043  0.087  0.095 -0.331  0.290 -0.391 -0.114 -0.002  0.081 -0.000  0.006 -0.352  0.099  0.712
L        0.042 -0.228  0.243  0.007 -0.049 -0.062  0.081  0.021  0.250 -0.025  0.102 -0.247  0.089  0.149 -0.066  0.201 -0.122  0.020 -0.345 -0.240 -0.669
M        0.279  0.022 -1.040  0.103  0.363  0.098 -0.211 -0.035 -0.100  0.173 -0.285  0.030  0.532 -0.232 -0.255 -0.795 -0.060  0.001 -0.532 -0.438  0.000
N       -0.121  0.845 -0.364  0.028 -0.867  0.051 -0.341 -0.071  0.063 -0.154  0.039  0.301  0.000 -0.557 -0.309  0.164 -0.252 -0.042  0.192 -0.234  0.000
P        0.114 -0.094 -0.163 -0.013 -0.197  0.169 -0.287 -0.119  0.102 -0.245 -0.183  0.072 -0.201  0.017 -0.006 -0.061  0.378 -0.147  0.246  0.620  0.295
Q        0.192  0.971  0.351  0.418  0.041 -0.095 -0.017  0.023 -0.136  0.202  0.433  0.316  0.471 -0.004 -0.314 -0.302 -0.054  0.129 -0.284  0.388  1.203
R       -0.236  0.129  0.302  0.049  0.262  0.041  0.140  0.191  0.175  0.324  0.522  0.191  0.158  0.293 -0.034 -0.152  0.556  0.162 -0.214  0.039  0.000
S        0.120  0.421  0.339  0.067  0.133  0.403  0.161  0.185 -0.048  0.159  0.003  0.193  0.970  0.111 -0.171  0.066  0.046 -0.076  0.138 -0.387 -0.629
T       -0.128 -0.164  0.214  0.201  0.066  0.134  0.522 -0.092 -0.101 -0.046  0.105  0.062 -0.127 -0.039  0.068  0.176  0.065  0.216  0.110  0.292  0.000
V        0.070  0.209  0.193 -0.060  0.038  0.231  0.096 -0.143  0.195 -0.082 -0.070  0.346 -0.447 -0.052  0.212  0.192  0.165  0.108 -0.097 -0.299  0.605
W       -0.145  1.211 -0.135  0.862  0.082 -0.482  1.268  0.109  0.725  0.366  0.172  0.294  0.337 -0.017  0.363 -0.172 -0.054  0.297 -0.130 -0.039  0.000
Y        0.230  0.928 -0.148  0.257  0.660  0.127  0.444  0.125 -0.458 -0.280 -0.088 -0.257 -0.335  0.062  0.192  0.765  0.181  0.136  0.169 -0.118  0.389
X        1.097  0.000  0.000  1.086  0.724 -0.686  0.000  0.662  0.167  0.184  0.000  1.004  0.000  0.000 -1.161  0.762  0.310  0.238  0.000  0.582  1.352
