i-1/i     A      C      D      E      F      G      H      I      K      L      M      N      P      Q      R      S      T      V      W      Y      X
A       -0.239 -0.530 -0.094 -0.163 -0.452 -0.055 -0.027 -0.092 -0.208 -0.080 -0.087 -0.265 -0.319 -0.414 -0.255 -0.267 -0.406 -0.075 -0.876 -0.355 -0.597
C        0.407  0.225 -0.106  0.159  0.682  0.181 -0.251  0.228  0.508  0.257  0.521 -0.549 -0.537  0.264  0.232  0.244  0.409  0.292  0.069  0.354  0.000
D       -0.289  0.676  0.310  0.101 -0.214 -0.005 -0.931 -0.216  0.364 -0.159 -0.630  0.215  0.412  0.150 -0.179  0.210 -0.101  0.216 -0.693 -0.023 -0.479
E       -0.100 -0.439  0.127 -0.193 -0.131 -0.099  0.320 -0.108  0.035  0.078 -0.088  0.224  0.311  0.012 -0.052  0.527 -0.172 -0.292 -0.139  0.090  0.296
F        0.115 -0.304 -0.272 -0.053 -0.243 -0.251 -0.053 -0.101 -0.064 -0.183  0.066 -0.170 -0.278  0.037  0.240 -0.223  0.043 -0.096  0.025  0.076 -0.318
G        0.462  0.494  0.274  0.721  0.404  0.847  0.500  0.489  0.682  0.686  0.395  0.306  0.560  0.237  0.717  0.438  0.224  0.388  0.334  0.296  1.177
H       -0.309 -0.345  0.069 -0.273  0.256  0.440  0.443 -0.004  0.048  0.135  0.135 -1.015  0.000 -0.472  0.091  0.423 -0.401 -0.046  0.524  0.192  0.000
I        0.120 -0.116 -0.089 -0.022  0.024  0.112 -0.073  0.283  0.008 -0.072  0.060  0.014 -0.074 -0.042  0.147  0.087  0.165  0.296 -0.236  0.104  0.588
K        0.160  0.105  0.185  0.172 -0.019 -0.168 -0.060 -0.091  0.144 -0.096 -0.100  0.537  0.175 -0.213  0.002  0.333 -0.124 -0.194  0.217  0.102  0.353
L       -0.006 -0.107 -0.124 -0.371 -0.093 -0.304 -0.262 -0.157 -0.259 -0.248 -0.263 -0.105 -0.009 -0.167 -0.349 -0.395  0.010 -0.078  0.592 -0.381  0.000
M        0.155  0.759  0.473 -0.014  0.141 -0.643  0.832  0.399 -0.079 -0.108 -0.282  0.045  0.572  0.006 -0.039 -0.298  0.331 -0.091  0.308  0.590  0.000
N       -0.359  0.716  0.903  0.084 -0.006  0.231 -0.326 -0.002  0.113 -0.006 -0.279  0.119 -0.359  0.436  0.204  0.248 -0.221  0.138  0.063 -0.231  0.000
P       -0.988  0.000 -1.328 -1.086 -1.467 -0.967  0.000 -1.119 -1.161 -1.174 -1.177 -0.905  0.000 -0.993 -1.161 -0.917 -0.149 -1.215 -0.937 -1.379  0.000
Q       -0.539 -0.141  0.253 -0.284  0.347  0.197  0.002 -0.117 -0.354  0.123 -0.516 -0.679  0.000 -0.419 -0.125 -0.064  0.089 -0.302 -0.208  0.039  0.863
R       -0.189  0.060  0.551  0.001 -0.062  0.769  0.142 -0.210  0.196  0.064  0.354  0.418  0.313 -0.003 -0.088  0.446  0.029 -0.221  0.254 -0.359 -0.085
S        0.147  0.222  0.028  0.106  0.111  0.435  0.229  0.149  0.299  0.410  0.375  0.153 -0.043  0.308  0.034  0.156  0.342  0.245 -0.535  0.083  0.381
T        0.291  0.105  0.550  0.459 -0.071  0.507  0.841  0.414  0.348  0.323  0.328  0.641  0.506  0.313  0.349  0.179  0.161  0.307  0.744  0.135  0.324
V       -0.014  0.032 -0.053  0.245  0.435 -0.196  0.060  0.219  0.098  0.106  0.376  0.204 -0.238  0.215  0.194  0.037  0.161  0.212  0.105  0.389  0.489
W        0.183 -0.713 -0.122 -0.360 -0.028 -0.607 -0.240 -0.322 -0.188 -0.469  0.548 -1.174 -0.109 -0.399 -0.495 -0.384 -0.588  0.140 -0.418  0.307  0.000
Y       -0.313  1.003 -0.661 -0.194  0.245 -0.150 -0.182 -0.414 -0.304 -0.321 -0.840 -0.573 -0.041 -0.173 -0.350 -0.443 -0.235 -0.058 -0.239 -0.194 -0.771
X        0.109  0.000  0.000 -0.146  0.851  0.000 -1.187  0.884 -0.096 -0.324  0.000  0.000  0.000 -0.132 -0.226  0.039 -0.148  0.716  0.000  0.271 -0.908
