i-1/i     A      C      D      E      F      G      H      I      K      L      M      N      P      Q      R      S      T      V      W      Y      X
A       -0.009 -0.075  0.082 -0.010 -0.050  0.000 -0.074  0.016  0.059  0.070  0.003  0.110  0.187  0.120  0.076  0.068 -0.070 -0.023  0.119 -0.032 -0.309
C        0.156  0.034 -0.288 -0.058  0.018  0.000 -0.305 -0.035 -0.012 -0.036  0.082  0.140  0.263 -0.142 -0.107  0.062  0.149 -0.016 -0.175 -0.333  0.000
D        0.167  0.208 -0.008  0.067  0.092  0.000  0.251  0.038  0.144  0.074 -0.036  0.122  0.317  0.045  0.074 -0.104  0.074  0.050 -0.063  0.007  0.018
E       -0.052 -0.070  0.139  0.203  0.019  0.000  0.146  0.011  0.077  0.040  0.118 -0.023  0.137  0.072  0.053 -0.085  0.075 -0.005 -0.084  0.136  0.226
F       -0.013  0.004  0.021 -0.058 -0.092  0.000 -0.244  0.009 -0.192  0.050 -0.127 -0.034  0.232 -0.129 -0.077 -0.020 -0.143 -0.040 -0.121 -0.157  0.000
G        0.008 -0.022  0.082  0.049  0.005  0.000  0.106  0.083 -0.112  0.024 -0.222 -0.051 -0.027 -0.045 -0.076  0.102  0.001  0.082 -0.046 -0.061 -0.027
H        0.048 -0.143  0.014  0.004 -0.080  0.000 -0.001  0.146  0.136  0.046  0.362  0.148  0.000 -0.043  0.244  0.119 -0.024 -0.014 -0.041 -0.110  0.217
I        0.056  0.018  0.092 -0.035  0.055  0.000  0.106  0.007  0.001  0.054 -0.086 -0.000  0.217 -0.163 -0.165  0.006 -0.084  0.010  0.112  0.050  0.012
K        0.086  0.024  0.063 -0.006  0.073  0.000  0.139  0.012  0.108  0.008 -0.102  0.018  0.042  0.086  0.157  0.159  0.024  0.048  0.027  0.169  0.152
L       -0.026 -0.015  0.029 -0.010  0.060  0.000  0.027 -0.064  0.029 -0.013  0.096  0.044  0.100 -0.032 -0.052  0.099 -0.023 -0.040  0.067  0.049  0.034
M        0.298 -0.065  0.159  0.015  0.037  0.000  0.032 -0.125  0.051  0.010 -0.235  0.030 -0.276 -0.079  0.039  0.063 -0.089 -0.004  0.147  0.137  0.000
N       -0.048  0.401  0.137  0.134 -0.071  0.000 -0.184  0.033  0.112  0.066  0.126  0.126  0.084  0.071  0.107 -0.025  0.134  0.177 -0.030  0.098 -0.114
P        0.124  0.242  0.226  0.012  0.259  0.000  0.197  0.070  0.062  0.084  0.288 -0.181 -0.062  0.287  0.148  0.095  0.195  0.187  0.057  0.194  0.000
Q       -0.215 -0.058 -0.010  0.092  0.101  0.000  0.047  0.012  0.016 -0.031  0.175  0.042  0.288  0.087 -0.005 -0.074  0.124  0.033  0.184  0.117  0.000
R        0.041  0.174 -0.069 -0.049  0.234  0.000  0.077  0.070  0.087  0.045  0.138 -0.138  0.114  0.088  0.088 -0.092  0.079  0.031 -0.085  0.196  0.282
S        0.114  0.129  0.031 -0.044  0.038  0.000 -0.026  0.002  0.038 -0.017  0.032  0.109  0.216  0.011  0.144  0.149  0.135  0.045 -0.031  0.093  0.131
T       -0.004  0.041  0.148  0.113  0.209  0.000  0.090  0.044  0.109  0.026  0.026 -0.019 -0.006  0.163  0.045  0.175  0.051  0.021  0.066  0.055 -0.174
V        0.039  0.128 -0.006  0.009  0.003  0.000 -0.062 -0.030 -0.120 -0.033  0.048 -0.012 -0.110 -0.077 -0.037 -0.023 -0.082 -0.008 -0.148 -0.011 -0.127
W        0.071  0.239 -0.149  0.091  0.029  0.000 -0.124  0.265 -0.134  0.042  0.012 -0.198  0.000  0.223  0.006  0.023  0.101 -0.124  0.225 -0.066  0.000
Y        0.003 -0.074 -0.007 -0.108 -0.059  0.000 -0.182  0.091 -0.075  0.099  0.090  0.104  0.265  0.035 -0.084  0.130 -0.097  0.052  0.118 -0.001 -0.029
X       -0.094 -0.094  0.059  0.078 -0.121  0.000  0.000  0.113 -0.105 -0.116  0.000  0.000  0.000  0.165  0.000 -0.109  0.058  0.010  0.361  0.153  0.084
