i-1/i     A      C      D      E      F      G      H      I      K      L      M      N      P      Q      R      S      T      V      W      Y      X
A        0.045  0.018  0.164  0.116 -0.002  0.094  0.119  0.001  0.170  0.067  0.051  0.023  0.000  0.186  0.061 -0.027  0.026  0.054  0.212 -0.009 -0.237
C        0.022  0.050 -0.015  0.227  0.195  0.027  0.233 -0.108  0.027  0.149 -0.198  0.000  0.000  0.322  0.231 -0.064  0.032 -0.034  0.000 -0.456  0.000
D        0.023  0.075 -0.070  0.064  0.104  0.163  0.122  0.000  0.079 -0.013  0.150 -0.095  0.000  0.137  0.075  0.055  0.006  0.018 -0.059 -0.110  0.000
E        0.091  0.084  0.075  0.076  0.046 -0.238  0.212 -0.018  0.106  0.036  0.194 -0.001  0.000  0.045  0.053  0.003  0.012  0.016  0.025  0.111  0.056
F        0.182 -0.017 -0.070  0.036  0.001  0.029 -0.102  0.051  0.095  0.049  0.106  0.083  0.000  0.072  0.138  0.257  0.085  0.045  0.105  0.012  0.422
G        0.066  0.057  0.168  0.120 -0.054  0.189  0.221  0.140  0.079  0.071  0.173  0.111  0.000  0.017  0.015  0.047  0.023  0.030  0.183  0.132 -0.027
H       -0.001 -0.162  0.059  0.081  0.056  0.107  0.258 -0.062  0.122  0.081  0.062  0.004  0.000  0.210  0.094  0.091  0.024  0.132  0.195  0.324  0.000
I        0.106  0.055 -0.122 -0.082  0.091 -0.044 -0.015  0.110  0.167  0.067  0.143  0.098  0.000  0.119  0.075 -0.008  0.095  0.080  0.102 -0.062  0.127
K        0.076 -0.136  0.244  0.071  0.014  0.126  0.032  0.073  0.118 -0.030  0.028  0.081  0.000  0.204  0.189  0.030  0.144  0.059  0.005  0.116  0.142
L        0.062  0.072  0.038  0.148  0.036  0.054 -0.058  0.051  0.072  0.056  0.025 -0.039  0.000 -0.011  0.176  0.066  0.029  0.056 -0.055  0.045  0.068
M        0.110 -0.270  0.112 -0.029  0.163  0.035 -0.021 -0.053  0.157  0.052 -0.039 -0.023  0.000 -0.023  0.059  0.047  0.024  0.081 -0.202 -0.201  0.000
N       -0.035  0.189 -0.081  0.151  0.211  0.074 -0.100  0.056  0.201 -0.106  0.026  0.184  0.000 -0.048  0.126  0.062  0.077  0.097  0.007  0.028  0.296
P       -0.291  0.370 -0.083 -0.088 -0.023  0.202 -0.341 -0.032 -0.168 -0.023 -0.083 -0.214  0.000 -0.049  0.008  0.004 -0.027 -0.173  0.047  0.102 -0.028
Q        0.134  0.198  0.085  0.102  0.012  0.218  0.184  0.047  0.253  0.147  0.183  0.048  0.000  0.171  0.133  0.069  0.124  0.042  0.217  0.096  0.139
R        0.246  0.167  0.099  0.252  0.144  0.095  0.117  0.012  0.180 -0.006  0.060  0.225  0.000  0.125  0.147  0.167  0.159  0.073  0.129  0.189  0.000
S        0.080 -0.196  0.019  0.001 -0.115  0.073  0.102  0.086  0.081  0.048 -0.105  0.020  0.000 -0.030  0.103  0.104  0.002 -0.098  0.181  0.198  0.058
T       -0.090  0.061  0.002 -0.007 -0.021  0.163  0.197 -0.004  0.193 -0.001 -0.002 -0.010  0.000  0.037  0.041  0.062  0.088  0.003  0.245  0.195 -0.078
V        0.028  0.086  0.042  0.117  0.061 -0.005  0.008  0.070  0.005  0.062  0.053  0.012  0.000  0.123 -0.033  0.021 -0.004  0.084  0.009  0.082 -0.378
W        0.344  0.079  0.075  0.023  0.100 -0.041  0.078 -0.072  0.215  0.046  0.154  0.114  0.000  0.085  0.094 -0.033  0.049  0.072 -0.162 -0.040  0.000
Y        0.160  0.134  0.263  0.059  0.095  0.316  0.091  0.045  0.136  0.037  0.071  0.195  0.000  0.168  0.079  0.103  0.127  0.104  0.022  0.203  0.125
X       -0.099  0.086  0.000  0.066 -0.101  0.483  0.000 -0.132  0.314  0.194  0.000 -0.161  0.000  0.504 -0.015 -0.399  0.407 -0.002  0.000  0.111  0.260
