i-1/i     A      C      D      E      F      G      H      I      K      L      M      N      P      Q      R      S      T      V      W      Y      X
A       -0.463  0.157  0.806  0.739 -0.609  0.542  1.114  0.348  0.120  0.283 -1.868 -0.214  0.000 -0.029  0.377  0.486 -0.088  0.018  0.826  0.015  1.480
C        1.383 -0.601 -0.519  0.610  0.826 -0.548 -0.148  0.411 -1.238  0.781 -2.054  0.000  0.000  2.919  1.001  1.378  0.082  0.088  0.000 -0.978  0.000
D       -0.884 -1.131  0.935  0.456  0.389  0.073 -0.431  0.524  1.284  0.040  1.622 -0.071  0.000  2.668  0.583  0.903  0.403 -0.234 -0.272 -0.489  0.000
E       -0.332 -0.280 -0.025 -0.064  0.585 -0.885  1.690 -0.426  1.083 -0.142  1.098  0.079  0.000 -0.157  0.821  0.197  0.241  0.466  0.604 -0.020  2.315
F        0.795  0.174 -0.181  1.665  0.126 -0.729  0.998 -0.603  1.264  0.068  0.125  2.461  0.000  0.161  1.409  1.062 -0.765 -0.020 -0.384  0.957  0.800
G       -0.292 -1.341  0.320 -0.186  0.052 -0.687 -0.592 -0.541  0.024 -0.400  0.010 -0.213  0.000 -0.257 -0.006 -0.858 -0.763 -0.308  1.825  0.865  0.928
H        0.316  1.240 -1.989 -1.016 -1.138 -0.964  1.191  0.097  0.829  0.037  1.125  0.444  0.000 -0.176 -0.098 -0.115 -0.232  1.270  1.743  0.216  0.000
I        0.668  1.058 -1.000 -0.207  0.563  0.133  0.515  0.569  0.602  0.559  0.953 -0.127  0.000  1.042  0.127 -0.042 -0.095  0.502  0.940 -0.274  0.959
K       -0.053  3.730  0.821  0.338 -0.995  0.843  0.714  0.639 -0.119  0.498  2.145  0.755  0.000 -0.322  1.146  0.908  1.371  0.090  0.474  1.045  0.041
L        0.429  0.915  0.090  0.501  0.550  0.412  0.617  0.460  0.368  0.534 -0.493  0.613  0.000  0.523  0.450 -0.244 -0.095  0.932  0.203  0.936 -2.346
M        2.485  2.303 -2.546  0.480  0.832  0.761  0.294 -0.007  0.247  0.923  1.024  0.168  0.000  1.080 -0.908  0.946 -1.428 -0.228  1.589  0.675  0.000
N       -0.517  0.162 -0.170  0.633  0.817  0.615 -1.360 -0.041  0.656  0.065  0.878  1.179  0.000  2.051  0.581  0.544  1.260  0.143 -1.368  0.981 -3.640
P       -0.858 -1.703 -1.828  0.323 -0.024 -0.196 -0.927  0.956  0.200  0.631  0.218 -0.070  0.000 -1.083 -1.431 -0.216  0.661 -0.365  0.513 -0.949 -1.604
Q        2.824  1.092  3.033  0.597 -0.462 -0.073  1.354 -0.347  1.131  0.536 -0.382 -0.306  0.000  0.247  0.644  1.684  0.705  0.461  1.935  0.616  0.456
R        0.723  0.921  1.374  1.041  0.589  0.769  0.387  0.210  0.412  0.362  0.162  1.041  0.000  1.158  0.549  0.824  0.895 -0.796 -0.792  0.296  0.000
S       -0.527  0.612  0.020 -0.262 -0.056 -0.207 -0.654 -0.309  0.751  0.059  0.085  0.094  0.000  0.284  0.658  0.627 -0.160 -0.268 -0.422 -0.008 -3.201
T        0.070 -1.835  1.060  0.763  0.208  0.627  0.298 -0.087  0.580 -0.414  1.794  1.346  0.000  0.226 -0.082  0.580  0.967 -0.233  0.305  0.819  1.558
V       -0.022  1.108  0.479  0.598  1.178  0.399 -0.259  0.453  0.405  0.318  0.005 -0.074  0.000  0.173 -0.119 -0.520 -0.140  0.325  0.519 -0.058  1.310
W        0.793  0.527 -1.026 -0.674 -0.547  0.680  0.531 -1.053 -0.018 -0.955 -0.228 -2.645  0.000  1.095  0.372  0.929 -1.630 -0.227 -2.531 -0.417  0.000
Y        0.850  0.798 -0.049  0.194  0.515  2.156  0.822  0.866  0.538  0.179 -1.162  1.230  0.000  1.036 -0.849 -0.006  0.578  0.655  0.409  1.448 -1.207
X       -1.149  0.000  0.000  1.572 -1.758  3.249  0.000 -1.389 -0.625 -2.350  0.000  2.741  0.000 -0.711 -1.373 -0.083  1.156  1.596  0.000 -1.000  3.117
