i-1/i     A      C      D      E      F      G      H      I      K      L      M      N      P      Q      R      S      T      V      W      Y      X
A        0.245  0.531 -0.124  0.382  0.506  0.000  0.795  0.260  0.140  0.196 -0.132  0.687  0.088  0.696  0.309  0.552  0.421  0.327  0.435  0.737  4.163
C       -1.550 -0.047  1.470  0.407  0.285  0.000 -0.288 -0.202 -0.155 -0.502 -1.450 -0.886  0.000  0.277  0.687  0.307  0.387  0.131  0.383 -0.357  0.000
D       -0.032 -0.288 -0.376 -0.158  0.260  0.000  0.264  0.537  0.070  0.041  1.139  1.392  0.294  0.762  0.471 -0.179  0.248  0.225  0.718  0.047  0.156
E        0.609 -0.332  0.173 -0.243 -0.023  0.000  1.020  0.154 -0.148  0.401 -0.234  2.062  0.219  0.613 -0.165  0.099 -0.381  0.492  0.491  0.211 -1.347
F        0.439  0.441  0.015  0.015 -0.197  0.000 -0.200  0.238  0.511  0.369  0.099  0.605  0.235  0.130  0.300  0.073  0.041 -0.017  0.173 -0.352  2.007
G        0.035 -0.141  0.218  0.442  0.043  0.000 -0.715  0.070 -0.271 -0.309 -1.231 -0.144  0.338  0.536  0.016  0.260  0.435  0.160  0.417  0.312  0.693
H       -0.055 -0.934  1.248  0.169  0.862  0.000  0.853  0.233  0.190 -0.373  0.112  0.729 -0.032  0.161  0.108  0.683 -0.994  0.405 -0.093 -0.854  0.000
I       -0.143  0.442  0.037  0.049  0.064  0.000  0.301 -0.248  0.305 -0.019  0.047  0.408 -0.016 -0.185  0.303  0.004  0.344 -0.378 -0.326 -0.439 -1.182
K        0.365  0.191  0.234  0.105  0.653  0.000  0.265  0.305  0.161  0.206  0.422  0.528  0.358  0.070  0.473  0.120 -0.060  0.297 -0.174  0.856 -1.121
L       -0.180  0.078  0.416  0.053 -0.039  0.000 -0.669 -0.261  0.144 -0.165 -0.471  0.300 -0.167  0.211 -0.249  0.013  0.009 -0.189 -0.142 -0.038 -0.860
M       -0.621 -0.507  0.882  0.363 -0.227  0.000  0.893 -0.136  0.045  0.326 -0.964  0.000 -0.080 -0.413  0.255  0.590 -0.034 -0.223  1.156 -1.164  2.772
N       -0.186 -0.202 -0.133  0.356  0.218  0.000  0.187  0.438  0.142 -0.465  0.317  1.449  0.547  0.156  0.570 -0.172 -0.256  0.280 -0.006  0.517  0.459
P       -1.236  0.000 -2.459 -0.880 -1.643  0.000 -2.260  0.555 -1.490 -0.191  0.047 -1.839 -0.858 -0.422 -1.544 -0.926  0.398  0.033  2.301 -1.595  0.000
Q        0.908 -0.818 -0.067  0.319  0.149  0.000  1.220  0.440  0.383  0.376  1.635 -0.305  0.377 -0.813 -0.106  0.127  0.337  0.090  0.635  0.249  1.153
R        0.820 -0.114 -0.745  0.365  0.633  0.000  1.441  0.039  0.844  0.342  0.544  0.686  0.200 -0.391  0.037  0.071  0.091  0.411  0.318  0.656  1.482
S        0.367 -0.370  0.591 -0.157  0.050  0.000  1.396  0.232  0.365  0.377  0.668 -0.818  0.132 -0.238 -0.251  0.235  0.051  0.255 -0.126  0.677 -0.243
T        0.662 -0.733  0.073  0.060  0.151  0.000  0.169  0.166  0.431  0.778  1.610  1.175 -0.260  0.077  0.397  0.344  0.267  0.168 -0.169  0.560  1.259
V        0.069 -0.075  0.131  0.190 -0.138  0.000  0.110 -0.163 -0.139 -0.051 -0.562  0.263 -0.175  0.013 -0.162 -0.192 -0.122 -0.310 -0.522 -0.270  1.236
W        0.374  1.113  0.771  0.390 -0.577  0.000 -0.371  0.396  0.056  0.500  0.720 -0.281  1.236  0.375  0.198  0.736  0.352  0.268 -0.565  0.533  2.655
Y        0.324  0.524  0.624  0.221  0.268  0.000  0.060  0.016  0.092  0.689  0.422  1.202  0.383  0.451  0.463 -0.008  0.114 -0.198 -0.146  0.161  0.941
X       -0.740  0.000  1.529  0.177  0.432  0.000  1.295  1.207  0.260 -1.875 -0.147 -1.274  0.000  0.707  0.983  0.638  0.249  1.323  0.348  0.910 -0.677
