i-1/i     A      C      D      E      F      G      H      I      K      L      M      N      P      Q      R      S      T      V      W      Y      X
A        0.023 -0.052 -0.028 -0.014  0.024  0.000 -0.040  0.008 -0.035 -0.039 -0.141  0.008 -0.078  0.055  0.012 -0.045 -0.006 -0.027 -0.132 -0.093 -0.027
C        0.507  0.025  0.090  0.173  0.496  0.000  0.025  0.048  0.284  0.060  0.252 -0.005  0.351  0.042  0.112  0.006  0.044  0.037 -0.345  0.074  0.000
D        0.105 -0.087  0.131 -0.023 -0.116  0.000  0.389 -0.085  0.011 -0.054  0.082  0.068  0.002 -0.065 -0.028 -0.014 -0.139 -0.023 -0.052 -0.079 -0.096
E       -0.007 -0.160  0.141  0.076 -0.149  0.000 -0.040 -0.110  0.063 -0.101  0.217  0.119  0.142  0.110 -0.009 -0.011  0.056 -0.063  0.030  0.081  0.149
F        0.103 -0.149 -0.031  0.039  0.174  0.000 -0.229  0.123  0.020  0.124 -0.091 -0.250  0.037  0.028 -0.055  0.001  0.022  0.086  0.133 -0.053 -0.028
G        0.107  0.178 -0.110 -0.069 -0.170  0.000 -0.065 -0.097  0.058 -0.101  0.002  0.007 -0.038 -0.219  0.080 -0.111 -0.033 -0.115 -0.047  0.051  0.082
H       -0.071 -0.289 -0.027  0.001 -0.108  0.000  0.176 -0.155  0.235  0.037  0.103 -0.053 -0.189 -0.023  0.123 -0.193 -0.222 -0.090 -0.172 -0.054  0.091
I        0.027 -0.042  0.003  0.045  0.080  0.000  0.073  0.016 -0.019  0.056  0.039  0.061 -0.096 -0.030  0.005 -0.040  0.062  0.112  0.232  0.097 -0.040
K        0.068 -0.034 -0.048  0.125 -0.178  0.000  0.057 -0.046  0.098 -0.104 -0.075 -0.037  0.100  0.057  0.070  0.150 -0.021 -0.084 -0.078 -0.153  0.023
L        0.070  0.162  0.024 -0.070  0.040  0.000  0.010  0.092 -0.048  0.051  0.054 -0.177 -0.068  0.002  0.053 -0.081 -0.002  0.117 -0.116  0.141 -0.026
M        0.090  0.181 -0.059  0.058 -0.142  0.000  0.004 -0.076 -0.170  0.104  0.245  0.099  0.368  0.704 -0.286 -0.026  0.337  0.096  0.046  0.139 -0.120
N       -0.004 -0.097  0.026  0.044 -0.097  0.000  0.010 -0.018  0.080 -0.057  0.320 -0.034  0.123  0.045  0.032  0.400  0.037 -0.084 -0.029  0.061  0.163
P        0.227 -0.637 -0.225  0.031 -0.090  0.000  0.286 -0.006  0.025  0.090  0.050  0.029 -0.327 -0.351  0.231  0.178 -0.071  0.072 -0.095  0.076  0.099
Q       -0.148 -0.089  0.011  0.056  0.008  0.000 -0.045 -0.011 -0.026 -0.079 -0.116  0.151 -0.147  0.099  0.073  0.047  0.085  0.051 -0.131 -0.016 -0.148
R       -0.173 -0.074  0.049 -0.013 -0.124  0.000  0.050  0.049 -0.082 -0.105  0.126  0.110 -0.145  0.090  0.019  0.133  0.038 -0.004  0.087 -0.060  0.210
S       -0.101  0.089  0.129  0.052  0.054  0.000  0.214  0.009  0.014  0.042  0.369  0.091  0.045  0.025  0.137 -0.013 -0.026 -0.020  0.076 -0.132 -0.242
T       -0.033  0.054  0.057  0.153 -0.121  0.000  0.058 -0.009  0.072  0.046  0.126  0.190  0.239  0.050  0.095  0.211  0.029 -0.012  0.013 -0.025 -0.110
V        0.050  0.087 -0.050  0.017  0.005  0.000  0.103  0.020  0.002  0.047 -0.031 -0.135  0.042  0.042 -0.035  0.055  0.075  0.064 -0.028  0.057  0.025
W        0.139 -0.391 -0.189 -0.184  0.290  0.000 -0.098  0.265 -0.152 -0.128  0.248 -0.160 -0.170 -0.081 -0.016 -0.159  0.015  0.049 -0.019 -0.096  0.136
Y        0.029 -0.432  0.116 -0.092  0.186  0.000  0.009  0.065  0.016  0.114  0.140 -0.237  0.021 -0.025 -0.008 -0.047  0.193  0.030 -0.059  0.079 -0.008
X        0.042  0.000 -0.189  0.000  0.047  0.000  0.000 -0.186 -0.006 -0.227  0.142 -0.415 -0.356 -0.444 -0.124 -0.036 -0.111 -0.418 -0.173 -0.222  0.071
