i-1/i     A      C      D      E      F      G      H      I      K      L      M      N      P      Q      R      S      T      V      W      Y      X
A       -0.069 -0.031  0.056  0.134  0.116  0.000  0.109  0.043  0.045 -0.039 -0.200  0.160  0.056  0.014 -0.017  0.087  0.023  0.055  0.031 -0.005  0.108
C        0.054 -0.086  0.160  0.198  0.015  0.000  0.153  0.073  0.270  0.026  0.140  0.137  0.000  0.336  0.056  0.062  0.051  0.013 -0.312 -0.180  0.377
D       -0.062  0.011 -0.376 -0.172 -0.136  0.000  0.042 -0.086 -0.199  0.036 -0.078 -0.113  0.000  0.046 -0.021 -0.189 -0.141 -0.134 -0.121 -0.064  0.077
E        0.049 -0.057 -0.107 -0.157 -0.024  0.000 -0.069 -0.034 -0.164  0.008 -0.160 -0.012 -0.427 -0.140 -0.091 -0.069 -0.095  0.037  0.099  0.106  0.005
F        0.176  0.225  0.109  0.184 -0.066  0.000  0.160  0.087  0.099  0.115  0.230  0.295  0.322  0.141  0.061  0.085  0.135  0.024 -0.051 -0.023  0.083
G       -0.054  0.114  0.107  0.193 -0.014  0.000 -0.130  0.085  0.007 -0.073 -0.003 -0.016  0.127  0.023  0.042  0.003  0.131  0.153 -0.149 -0.006 -0.024
H        0.057 -0.125  0.319 -0.097  0.101  0.000  0.111  0.039 -0.018 -0.125  0.015  0.179 -0.042  0.016  0.100  0.085 -0.124  0.038 -0.137 -0.024  0.079
I        0.091  0.285  0.038  0.042  0.179  0.000  0.186  0.012  0.156  0.078  0.093  0.153  0.135  0.167  0.073  0.094  0.085  0.028  0.073  0.099  0.153
K        0.059 -0.019 -0.157 -0.156  0.078  0.000 -0.071 -0.014 -0.050  0.043  0.046  0.224 -0.103 -0.076  0.028 -0.108 -0.103 -0.002 -0.015  0.126 -0.120
L        0.051  0.166  0.108  0.010  0.007  0.000  0.095 -0.135  0.104  0.019 -0.095  0.108  0.022 -0.024  0.050  0.058 -0.010 -0.014  0.029 -0.022 -0.085
M        0.044  0.719  0.089  0.098 -0.061  0.000  0.255  0.099 -0.009  0.062 -0.127 -0.035 -0.199  0.202  0.069  0.026  0.031 -0.013 -0.017  0.011 -0.284
N       -0.191  0.191 -0.095 -0.038 -0.086  0.000 -0.067 -0.101 -0.029 -0.094 -0.123 -0.227 -0.216 -0.073 -0.000 -0.170 -0.168 -0.099 -0.103 -0.021  0.006
P        0.093  0.200 -0.015  0.107 -0.141  0.000 -0.282  0.019  0.068  0.060  0.129 -0.084  0.336  0.130  0.022 -0.042 -0.065  0.023  0.082 -0.161  0.000
Q        0.085 -0.281 -0.004 -0.092  0.029  0.000 -0.361 -0.000 -0.072  0.069 -0.095 -0.157  0.103 -0.028  0.005  0.060  0.048 -0.042  0.031  0.020  0.099
R        0.122  0.099 -0.061 -0.030  0.155  0.000  0.066  0.037  0.015  0.025  0.126  0.026  0.166 -0.139  0.061  0.043 -0.113  0.108  0.063  0.069 -0.023
S        0.018  0.008 -0.002 -0.132  0.143  0.000  0.016  0.116  0.006  0.035  0.024 -0.301  0.082 -0.171  0.004 -0.007 -0.006  0.085  0.001  0.182 -0.197
T        0.043  0.327  0.022 -0.042  0.105  0.000  0.039  0.109 -0.034  0.173  0.018  0.131 -0.254 -0.018 -0.039  0.224 -0.021  0.144 -0.080  0.069  0.004
V        0.040  0.227  0.117  0.124  0.079  0.000  0.020  0.058  0.076  0.065  0.079  0.173  0.163  0.082  0.091  0.076  0.030  0.024  0.139  0.112 -0.054
W       -0.073  0.068  0.207  0.180  0.061  0.000 -0.108  0.065 -0.169  0.023  0.355 -0.275  0.240  0.147  0.071  0.152  0.051  0.113 -0.217  0.062 -0.093
Y        0.034  0.472  0.129  0.033 -0.085  0.000  0.169  0.134  0.051  0.108  0.015  0.194  0.329  0.046  0.136  0.068  0.098  0.113  0.094  0.059  0.295
X       -0.082  0.000  0.210  0.027 -0.260  0.000 -0.248 -0.170 -0.002 -0.106 -0.025  0.037  0.000 -0.030 -0.065  0.014 -0.172 -0.027  0.066 -0.272  0.029
