i-1/i     A      C      D      E      F      G      H      I      K      L      M      N      P      Q      R      S      T      V      W      Y      X
A       -0.115 -0.167 -0.029 -0.024 -0.019  0.030 -0.275 -0.013  0.041 -0.014 -0.183 -0.053  0.000 -0.070  0.079 -0.091 -0.133  0.064  0.177 -0.036  0.029
C       -0.121 -0.519 -0.122  0.062 -0.078  0.048 -0.127  0.096  0.286  0.121 -0.384 -0.272  0.000  0.045  0.202 -0.081  0.016 -0.115  0.347 -0.205 -0.304
D        0.245 -0.090  0.095 -0.111  0.060 -0.048  0.151  0.111  0.119  0.204 -0.255  0.079  0.000 -0.013  0.178  0.191  0.106  0.044 -0.066 -0.028 -0.017
E        0.111 -0.029 -0.064 -0.143 -0.016  0.050  0.078  0.029 -0.016  0.058 -0.169 -0.028  0.000  0.040 -0.132  0.135  0.012  0.014 -0.306 -0.012 -0.063
F       -0.069 -0.048  0.039 -0.031 -0.093 -0.021 -0.132 -0.107 -0.268 -0.102 -0.240 -0.218  0.000 -0.272 -0.029 -0.222 -0.199 -0.160  0.056 -0.234 -0.147
G        0.077 -0.150  0.069  0.005 -0.113 -0.196 -0.150  0.013  0.090 -0.243 -0.262  0.264  0.000 -0.050  0.027 -0.126  0.007 -0.092 -0.045 -0.279  0.004
H       -0.061 -0.185  0.679 -0.044 -0.151  0.232 -0.014  0.076  0.109  0.030  0.041  0.031  0.000 -0.074 -0.002 -0.105 -0.258  0.045  0.060 -0.021 -0.319
I        0.055  0.043 -0.132 -0.012 -0.058  0.004  0.204  0.012 -0.051 -0.063 -0.072 -0.042  0.000  0.082  0.095 -0.262 -0.066 -0.066  0.191 -0.051 -0.050
K        0.014 -0.177 -0.085 -0.002  0.093 -0.047  0.076 -0.027  0.044  0.067  0.047 -0.187  0.000  0.017  0.063  0.105  0.126  0.151  0.161  0.180 -0.064
L        0.051  0.103 -0.050 -0.021  0.077  0.185 -0.001  0.011 -0.050 -0.017  0.098 -0.004  0.000  0.038 -0.034 -0.060  0.012  0.001  0.085  0.079 -0.080
M        0.178  0.495 -0.095  0.057 -0.053  0.066  0.271 -0.039  0.093  0.110 -0.099 -0.034  0.000 -0.089 -0.057  0.225  0.082  0.071  0.133  0.228 -0.137
N       -0.011 -0.247  0.134 -0.128  0.050 -0.235  0.425 -0.042  0.151 -0.004  0.113  0.164  0.000 -0.020 -0.053 -0.062  0.018  0.144 -0.054  0.176  0.014
P        0.211  0.582 -0.261  0.213  0.136 -0.149 -0.239  0.263 -0.072  0.165 -0.178  0.284  0.000 -0.073 -0.133  0.307  0.095  0.037  0.272 -0.161  0.000
Q        0.032 -0.370  0.028  0.155 -0.166 -0.019 -0.174  0.019  0.022  0.130  0.090  0.089  0.000 -0.151  0.065 -0.039  0.016 -0.008 -0.057 -0.108  0.034
R        0.171  0.151 -0.262  0.046  0.111 -0.045 -0.164  0.039  0.143 -0.085  0.084 -0.013  0.000  0.257  0.007  0.244  0.102  0.032  0.105  0.148 -0.086
S       -0.113 -0.424 -0.208 -0.165 -0.104  0.018  0.148 -0.040  0.087  0.053  0.239 -0.003  0.000 -0.091  0.117  0.123  0.040  0.016 -0.265  0.114  0.190
T        0.024  0.183 -0.164 -0.122  0.037 -0.026  0.094  0.082 -0.034  0.133  0.074  0.059  0.000 -0.125 -0.177 -0.061 -0.046  0.088  0.079  0.029  0.027
V       -0.191  0.085 -0.052  0.022  0.009  0.106 -0.133  0.010 -0.029 -0.078 -0.048  0.005  0.000 -0.030 -0.054 -0.007 -0.001 -0.029 -0.103  0.027 -0.041
W       -0.355  0.185  0.036 -0.303 -0.003  0.017 -0.243 -0.024 -0.157  0.065  0.288 -0.381  0.000 -0.277 -0.391 -0.009  0.076 -0.162 -0.317 -0.163 -0.106
Y       -0.207  0.406 -0.021  0.007 -0.013 -0.058 -0.187  0.020 -0.189 -0.038  0.216 -0.105  0.000 -0.213 -0.119 -0.233 -0.099 -0.171  0.103 -0.077 -0.037
X        0.215  0.000  0.125  0.043  0.019 -1.019  0.143 -0.196 -0.028 -0.307 -0.109  0.356  0.000  0.045 -0.077  0.028  0.028 -0.187 -0.067  0.029  0.146
