i-1/i     A      C      D      E      F      G      H      I      K      L      M      N      P      Q      R      S      T      V      W      Y      X
A        0.121 -0.157 -0.042  0.192 -0.024 -0.009 -0.340  0.292  0.272  0.126  0.322 -0.042 -0.036  0.282  0.188 -0.010  0.063  0.095 -0.234  0.019  0.256
C        0.108  0.000 -0.169 -0.368 -0.005  0.621 -0.168  0.104 -0.233  0.137  0.858 -0.344 -0.116  0.395 -0.161 -0.146 -0.127  0.323 -0.204  0.772  0.000
D        0.170  0.321  0.218  0.383 -0.076  0.022 -0.011  0.282  0.200  0.111  0.141  0.123  0.507 -0.151  0.018 -0.061 -0.010 -0.587 -0.365  0.044  0.000
E        0.200  0.352  0.196  0.293  0.212  0.075  0.164  0.219  0.400  0.258  0.045  0.261  0.384  0.243  0.309  0.278  0.187  0.372  0.532  0.293 -0.214
F        0.095  0.751 -0.229 -0.102  0.269 -0.135 -0.172 -0.018 -0.402  0.068  0.061 -0.154 -0.204  0.148 -0.124  0.043 -0.004  0.184  0.324 -0.549  0.292
G        0.138  0.494  0.099  0.002 -0.165  0.126 -0.404  0.202  0.166  0.099 -0.154  0.149 -0.248  0.360  0.364  0.111  0.013  0.011 -1.143  0.060  0.000
H        0.076  0.744 -0.019  0.157  0.509  0.071  0.242  0.154  0.352  0.171  0.043  0.265 -0.284  0.023  0.314  0.025  1.147  0.088  0.396  0.473  0.000
I        0.178  0.152 -0.007 -0.095 -0.211 -0.201 -0.451  0.067 -0.096  0.151  0.172 -0.293 -0.492 -0.018 -0.028 -0.139  0.061  0.297  0.503  0.146  0.299
K        0.081  0.582  0.192  0.170  0.354  0.070  0.200  0.077  0.328  0.216 -0.072 -0.019 -0.006  0.240  0.368  0.060  0.109  0.291  0.087  0.073  0.461
L        0.085 -0.178 -0.262 -0.034 -0.089  0.044 -0.136  0.200 -0.162  0.142  0.049 -0.152 -0.345  0.099 -0.108 -0.156 -0.160  0.265 -0.195 -0.223  1.220
M        0.044 -0.118  0.117  0.145  0.144  0.094  0.606 -0.069  0.344  0.186  0.462  0.014 -0.199  0.222  0.375  0.099  0.032 -0.084 -0.039  0.275  1.239
N        0.121  0.754  0.172  0.246 -0.098  0.157 -0.203 -0.122  0.209  0.164 -0.751  0.117  0.211  0.094  0.340  0.126  0.069  0.097  0.311 -0.078  0.000
P        0.388  0.000 -0.317 -0.080  0.000  0.000  0.000  0.374  0.132 -0.016  0.000 -0.444  0.000  0.115 -0.759  0.018 -0.444 -0.615  0.000  0.000  0.000
Q        0.125 -0.088  0.232  0.214  0.104 -0.113  0.543 -0.302  0.249  0.287  0.400  0.200  0.042  0.238  0.239 -0.017 -0.028  0.485  0.447  0.122  0.000
R        0.119  0.335  0.129  0.214  0.832  0.006  0.450  0.259  0.427  0.256 -0.311  0.132  0.032  0.221  0.399  0.112  0.079  0.250  0.819  0.136  0.000
S        0.029  0.376  0.185  0.316  0.318  0.012  0.597  0.304  0.534  0.073  0.169  0.130  0.131  0.209  0.222  0.193  0.098  0.174 -0.650  0.389  0.000
T        0.074 -0.710  0.054  0.149  0.259  0.075  0.053  0.055  0.342  0.180  0.121  0.330  0.004 -0.007  0.323  0.132  0.050  0.228  0.733  0.266 -0.343
V        0.103 -0.318 -0.042  0.027  0.187 -0.004  0.364 -0.047  0.007  0.186  0.418  0.047 -0.584 -0.049  0.163 -0.054  0.152  0.482 -0.187  0.173 -0.689
W        0.120  0.063 -0.041 -0.069  0.056  0.450  1.019  0.324 -0.072 -0.126 -0.637  0.026 -0.537  0.075 -0.542  0.320 -0.006 -0.010 -0.134  0.228  0.000
Y        0.048  0.252 -0.005  0.098  0.214  0.014  0.266 -0.102 -0.213 -0.106 -0.226  0.410  0.091  0.106  0.233 -0.047 -0.059  0.074 -0.164 -0.147  0.609
X        0.118  0.000 -0.026  0.180 -0.266 -0.162  0.000  0.460  0.453  0.328  0.000  0.000  0.000  0.321  0.254 -0.553 -1.006 -0.144  0.000 -0.648 -1.485
