i-1/i     A      C      D      E      F      G      H      I      K      L      M      N      P      Q      R      S      T      V      W      Y      X
A       -0.074  0.015 -0.123 -0.097 -0.061 -0.041 -0.150  0.061  0.105 -0.022 -0.430 -0.030 -0.011 -0.118  0.185  0.029 -0.041  0.032 -0.275  0.125 -1.550
C        0.046  0.771  0.177  0.049  0.187 -0.372  0.378  0.209 -0.340  0.117  0.105 -0.125 -0.110 -0.280 -0.200  0.276  0.365  0.091  1.589 -0.017  0.000
D        0.189 -0.230  0.305  0.390  0.282  0.187  0.741  0.102  0.385  0.166 -0.097  0.130 -0.016  0.252  0.264  0.070  0.038  0.263 -0.556  0.404  0.379
E        0.202  0.187  0.181  0.409  0.181  0.215  0.211  0.311  0.365  0.149  0.198  0.049  0.167  0.268  0.399  0.032 -0.031  0.202  0.033  0.286  0.882
F       -0.009 -0.305  0.041 -0.163  0.161 -0.006 -0.802 -0.067 -0.217 -0.016  0.539 -0.071 -0.052 -0.032 -0.197 -0.015  0.150 -0.210  1.077  0.108  0.881
G        0.045  0.930 -0.132  0.203  0.397  0.014  0.945 -0.002  0.252  0.093 -0.268  0.075  0.528  0.185  0.211  0.171 -0.115  0.101 -1.117  0.259 -1.110
H        0.057  0.192  0.015 -0.016  0.194  0.219 -0.071  0.335  0.080  0.157 -0.746  0.068 -0.219 -0.417  0.148  0.074 -0.024  0.476  0.311 -0.175 -0.251
I        0.006 -0.023  0.046 -0.076 -0.043  0.005 -0.023  0.293 -0.255  0.104  0.132  0.166 -0.412  0.163 -0.153  0.097  0.283  0.131  0.272 -0.073  1.285
K        0.124  0.684  0.033  0.089  0.252  0.128  0.415  0.174  0.374  0.051 -0.145  0.035 -0.167  0.312  0.257  0.128  0.079  0.376 -0.642 -0.161  0.229
L       -0.077 -0.166 -0.003 -0.152 -0.045 -0.090 -0.190  0.063 -0.263  0.031  0.341 -0.016 -0.124 -0.047 -0.259 -0.036  0.100 -0.120  0.592 -0.015  0.125
M       -0.106 -0.127 -0.049 -0.123 -0.255 -0.139 -0.234 -0.124 -0.101  0.181  0.482  0.077 -0.143  0.020  0.108  0.126  0.145  0.202  0.592  0.085  0.059
N        0.216 -0.294  0.104  0.297  0.285  0.191  0.348  0.236  0.137  0.115 -0.191  0.306  0.178  0.202  0.284  0.231  0.062  0.046 -0.318  0.118 -0.041
P        0.000 -1.228  0.000  0.717  0.439 -0.380  0.000  1.203  0.950  0.000  0.309 -0.886  0.000  0.000 -0.026  0.000 -0.615  0.000  0.000  0.095 -1.582
Q        0.058  0.412  0.137  0.374  0.082  0.041  0.063  0.122  0.379  0.101 -0.193 -0.039 -0.070  0.224  0.352  0.027  0.128  0.227 -0.136  0.334 -0.299
R        0.102  0.478 -0.026  0.099  0.007  0.159 -0.135  0.022  0.052  0.058 -0.248  0.005 -0.347  0.046  0.004 -0.045 -0.049  0.071 -0.156  0.222  1.427
S        0.155  0.467  0.104  0.193  0.189  0.005  0.351 -0.054  0.469  0.110 -0.258  0.094 -0.021  0.162  0.414  0.127  0.279  0.174 -0.645  0.135 -1.362
T        0.170  0.048  0.102  0.253 -0.089 -0.170 -0.058 -0.294  0.385  0.110 -0.011  0.262 -0.152  0.244  0.255  0.194 -0.202  0.309 -0.184  0.091  0.268
V        0.001 -0.240  0.016 -0.037  0.030  0.008 -0.215  0.133 -0.213  0.073  0.223 -0.081 -0.178  0.005 -0.231 -0.081  0.000  0.015  0.158 -0.243  0.186
W        0.008  0.000  0.092 -0.166  0.021  0.036  0.558  0.348 -0.314  0.139  0.561  0.101 -0.272 -0.089 -0.333 -0.233 -0.111  0.081 -0.187 -0.283  0.000
Y       -0.177 -1.115 -0.077 -0.149  0.235 -0.103  0.126 -0.179 -0.084  0.131  0.415 -0.088  0.177 -0.207 -0.063 -0.017 -0.279 -0.056  0.077  0.138 -1.682
X       -0.024  0.000 -0.125  0.042 -1.264  0.364 -0.317 -0.897 -0.363  0.019  1.299  0.370  0.313 -0.033 -0.470  0.000  0.405 -0.216  0.000  0.716  0.000
