i-1/i     A      C      D      E      F      G      H      I      K      L      M      N      P      Q      R      S      T      V      W      Y      X
A       -0.001  0.062 -0.048  0.122 -0.028 -0.022  0.838  0.214  0.228  0.143  0.330  0.050 -0.120 -0.030  0.136 -0.042  0.052  0.137  0.490  0.049 -0.404
C        0.580  0.052  0.573  0.558  0.915  0.399  0.000  0.785  0.000  0.680  0.172  0.105  0.000  0.815  0.682  0.718  1.241  0.641  0.000  0.681 -2.013
D       -0.166 -0.687 -0.204 -0.174 -0.216 -0.283 -0.481 -0.280 -0.353  0.009  0.521 -0.063 -0.169 -0.041 -0.361 -0.378 -0.200 -0.200  0.543 -0.009 -1.168
E       -0.115 -0.392 -0.074 -0.006 -0.362 -0.366 -0.892 -0.081 -0.669 -0.125  0.090 -0.200 -0.407 -0.014 -0.714 -0.229 -0.165 -0.394 -0.050 -0.019  0.641
F        0.322  0.113  0.377  0.451  0.119  0.210 -0.039  0.298  0.736  0.244 -0.190  0.328 -0.080  0.497  0.599  0.337  0.243  0.438 -0.228  0.266  1.479
G       -0.325 -0.792 -0.372 -0.099  0.090 -0.301 -0.519 -0.056 -0.194  0.118  0.266 -0.324 -0.575 -0.098 -0.094 -0.284 -0.580 -0.317 -0.058 -0.365  1.508
H        0.206 -0.105 -0.023  0.105 -0.055 -0.265 -0.621  0.333 -0.051  0.280  0.483 -0.041  0.329  0.009 -0.019  0.374 -0.234  0.344  0.335 -0.144 -0.334
I        0.278  0.539  0.293  0.578  0.119  0.297 -0.040  0.286  0.686  0.090 -0.193  0.200  0.151  0.244  0.766  0.413  0.198  0.483 -0.005  0.068 -0.127
K        0.049  0.250  0.057 -0.113  0.302 -0.031  0.059 -0.516  0.216  0.067  0.069 -0.016 -0.262 -0.132  0.022  0.040  0.095 -0.019  0.291  0.125 -0.736
L        0.395  0.514  0.298  0.548  0.401  0.435  0.347  0.018  0.727  0.215 -0.504  0.182 -0.008  0.403  0.721  0.347  0.396  0.563 -0.283  0.340  0.405
M        0.249  0.392  0.139  0.342  0.316  0.205  0.094  0.084  0.544  0.209 -0.126 -0.046  0.067  0.142  0.404  0.298  0.409  0.325 -0.251  0.041  0.244
N        0.060 -0.305 -0.032 -0.024  0.233 -0.099  0.230  0.072  0.189  0.155 -0.184  0.008 -0.056 -0.013  0.102  0.075 -0.101  0.062  1.445 -0.509  0.000
P        0.000  0.000 -0.502 -0.763 -1.124 -0.246 -0.469 -1.155  0.000  0.000 -0.533 -0.540 -0.745 -0.493  0.000 -0.669  0.000  0.000  0.000  0.000  0.000
Q       -0.058 -0.386 -0.081  0.077 -0.055 -0.148 -0.212 -0.036 -0.235 -0.049  0.047 -0.078  0.057  0.059 -0.407 -0.116  0.252 -0.322 -0.008  0.143  0.207
R        0.084 -0.270  0.052 -0.239  0.527  0.123  0.109  0.130  0.409  0.219  0.722  0.014  0.122  0.075  0.201  0.096 -0.060  0.045  0.610  0.079 -0.231
S       -0.062  0.022 -0.101 -0.051 -0.401 -0.300 -0.116  0.171 -0.170  0.127  0.171 -0.217 -0.366  0.046 -0.231 -0.072 -0.232  0.013  0.242 -0.047 -0.779
T        0.039 -1.099 -0.156  0.261  0.420 -0.168 -0.150  0.370  0.180  0.152  0.841  0.036 -0.070  0.236  0.220 -0.051 -0.244  0.133 -0.214 -0.018  1.594
V        0.210  0.042  0.056  0.414  0.281  0.096  0.433  0.257  0.568  0.168 -0.051  0.395 -0.033  0.125  0.426  0.138  0.380  0.361 -0.469  0.331  0.000
W        0.297  0.000  0.547  0.660  0.300  0.300  0.000  0.142  0.594  0.253  0.833 -0.001  0.429  0.290  0.561  0.504  0.266  0.303  0.041  0.196  0.000
Y        0.314  0.995  0.244  0.436  0.007  0.271 -0.367  0.387  0.579  0.216 -0.107  0.193  0.324  0.223  0.412  0.304  0.407  0.425 -0.371  0.072  0.318
X        0.365  0.000  0.000  0.000  0.000 -0.023  0.000  1.303  0.713  0.297 -1.111  0.000 -0.730  0.422  0.827 -0.043  0.000  1.122  0.000  0.305  1.259
