i-1/i     A      C      D      E      F      G      H      I      K      L      M      N      P      Q      R      S      T      V      W      Y      X
A       -0.054  0.206  0.020 -0.165  0.080  0.021 -0.063  0.240 -0.116  0.084  0.259  0.245  0.685 -0.035 -0.065 -0.089  0.380  0.112 -0.046  0.077 -0.043
C        0.474  0.000  0.110  0.360 -0.415  0.048  1.132  0.786  0.563  0.275  0.594 -0.156  0.000 -0.108 -0.007  0.483 -0.099  0.255 -1.105  0.131  0.000
D       -0.041 -0.142  0.103 -0.206  0.016 -0.089  0.260 -0.278 -0.074  0.099  0.632  0.166 -0.098 -0.018  0.188 -0.054 -0.005 -0.007  0.181  0.232  0.279
E       -0.120 -0.218  0.068 -0.246 -0.175 -0.184 -0.325  0.231 -0.160 -0.027 -0.049 -0.060  0.304 -0.188 -0.023 -0.013  0.067 -0.043  0.511  0.062  0.641
F        0.091  0.101  0.044  0.075 -0.034  0.065 -0.209 -0.874  0.044 -0.136 -0.806 -0.036  0.000  0.239  0.195  0.168  0.115 -0.070  0.737 -0.126 -0.100
G       -0.027  0.419  0.079 -0.010 -0.045  0.044  0.037  0.130  0.019  0.117 -0.056 -0.118  0.618 -0.023  0.168  0.238  0.496  0.263  0.245  0.184  0.848
H        0.115  0.000  0.180 -0.128 -0.753 -0.208 -0.384 -0.312 -0.253 -0.074 -0.922  0.227  0.000 -0.012 -0.269 -0.046 -0.567  0.134  1.226 -0.194  0.000
I        0.090  0.691  0.229  0.228  0.161  0.155  0.140  0.472  0.252 -0.020  0.548 -0.052  0.553 -0.063  0.429  0.055  0.250  0.177 -0.283  0.092 -1.500
K       -0.182 -0.121 -0.070 -0.105 -0.369 -0.249 -0.140  0.282 -0.154 -0.012  0.077 -0.031  0.061 -0.013 -0.196 -0.048  0.210 -0.184 -0.309 -0.458  0.314
L        0.023  0.481 -0.017 -0.063  0.190  0.106 -0.272  0.329  0.249 -0.033  0.211 -0.090 -0.112  0.027  0.023  0.335  0.378  0.226 -0.539  0.158 -0.290
M        0.069  0.218  0.160 -0.169 -0.150  0.131 -0.238  0.559  0.044  0.130 -0.134  0.139  0.000 -0.080  0.212  0.126  0.131 -0.063 -0.058 -0.077  0.000
N       -0.051 -0.314  0.127 -0.102  0.165  0.201  0.311  0.131 -0.092  0.085  0.231 -0.138  0.576 -0.032  0.044  0.150  0.278 -0.016  1.194 -0.035  0.000
P       -0.042 -0.298  0.303 -0.129 -0.149 -0.134 -0.051  0.021  0.385 -0.002 -0.047  0.168 -0.376  0.083  0.325  0.012  0.157  0.232 -0.267 -0.040  0.000
Q       -0.156 -0.043  0.065 -0.219 -0.019  0.022 -0.268  0.059 -0.086 -0.000  0.154 -0.291  0.195 -0.136 -0.097 -0.002  0.017  0.233  0.891 -0.039 -2.124
R       -0.152 -0.118 -0.042 -0.009 -0.005  0.137 -0.192  0.317 -0.122  0.011  0.085 -0.074  0.043  0.044 -0.155  0.007  0.322  0.129  0.321 -0.023 -1.018
S       -0.064  0.102  0.114 -0.151  0.214  0.188  0.009  0.200  0.062  0.068 -0.000  0.216 -0.010  0.133  0.099  0.036  0.060  0.367  0.243 -0.177 -0.133
T        0.008  0.206 -0.027 -0.106  0.112 -0.113  0.101  0.293  0.114  0.023  0.161 -0.225  0.436 -0.052  0.123  0.046 -0.018  0.323 -0.360  0.274  0.878
V        0.025  0.191 -0.090 -0.007  0.599  0.009  0.217  0.476  0.430  0.074  0.538 -0.133  0.374  0.133  0.159  0.281  0.227  0.234  0.109  0.308  0.709
W        0.116 -0.136 -0.075 -0.287  0.196  0.087 -1.357  0.247 -0.030  0.083 -0.235 -0.156  0.000  0.000  0.000  0.047 -0.232 -0.122 -0.656  0.195  0.000
Y        0.216 -0.568  0.275 -0.124  0.142 -0.163 -0.075 -0.472 -0.340 -0.078 -0.885  0.226  0.000 -0.264 -0.718 -0.189 -0.198 -0.034  0.857  0.332  0.414
X        0.350  0.000  0.000 -0.179  0.168  0.000  0.000 -0.108  0.177  0.252  0.000  0.000  0.000  0.000  0.275  0.000  0.000  0.284  0.000  0.618  0.039
