i-1/i     A      C      D      E      F      G      H      I      K      L      M      N      P      Q      R      S      T      V      W      Y      X
A       -0.174 -0.056 -0.237 -0.153  0.023 -0.238 -0.137  0.232 -0.094 -0.114  0.083 -0.147  0.032 -0.073 -0.094 -0.126 -0.047 -0.016 -0.127 -0.227  0.659
C        0.135 -0.515  0.089 -0.329 -0.421  0.080 -0.114  0.445  0.397  0.238 -1.357  0.123 -0.545  0.259  0.119 -0.049  0.103 -0.091  0.000  0.673  0.000
D       -0.104 -0.274 -0.110 -0.119  0.140 -0.024  0.049 -0.151 -0.333 -0.131  0.106  0.126 -0.664 -0.090 -0.283  0.059 -0.126 -0.011  0.139  0.203 -0.800
E       -0.095 -0.745 -0.103 -0.189 -0.008 -0.076 -0.179 -0.006 -0.365 -0.031  0.165 -0.101  0.204 -0.153 -0.397 -0.159  0.065 -0.034 -0.274 -0.235  0.210
F        0.077  0.340  0.345  0.363  0.182  0.024  0.040  0.292  0.388 -0.091 -0.553  0.103  0.247  0.153  0.255  0.326  0.135  0.320  0.437 -0.327 -1.515
G       -0.042 -0.752 -0.075 -0.144 -0.121 -0.094 -0.229 -0.447 -0.243 -0.059 -0.289 -0.173 -0.396 -0.116 -0.167 -0.182 -0.160  0.048 -0.062 -0.101 -0.676
H        0.152  0.058 -0.051 -0.014 -0.034  0.056 -0.019 -0.051 -0.196  0.031 -1.110  0.232  0.031 -0.104  0.181  0.055 -0.133 -0.109  0.130  0.544  0.403
I        0.242  0.272  0.317  0.272  0.463  0.137  0.218  0.426  0.437  0.211 -0.268  0.153  0.339  0.245  0.515  0.227  0.572  0.352  0.617  0.067  0.034
K       -0.167 -0.349 -0.082 -0.140 -0.008 -0.064 -0.391  0.120 -0.205 -0.023  0.162 -0.259  0.175 -0.229 -0.216 -0.026 -0.082 -0.076 -0.347 -0.168  0.123
L        0.061  0.591  0.164  0.153 -0.043  0.101  0.326  0.224  0.296  0.089 -0.079  0.190  0.550  0.139  0.234  0.170  0.319  0.177 -0.108  0.236  0.431
M       -0.022  0.380 -0.108  0.160  0.576 -0.011  0.192 -0.058  0.016  0.108  0.122 -0.031  0.202  0.011  0.159 -0.114 -0.011 -0.100 -0.034  0.323  0.590
N       -0.037 -0.039  0.070 -0.002 -0.021  0.148 -0.194 -0.382 -0.235  0.170 -0.510 -0.079 -0.235  0.173 -0.181  0.131  0.190 -0.012  0.359  0.299  1.150
P        0.064 -0.192 -0.238  0.318 -0.106 -0.056 -0.315 -0.519 -0.108  0.083  0.123 -0.038  0.144  0.221 -0.048 -0.206 -0.330 -0.565 -0.335 -0.382 -0.206
Q       -0.145  0.034 -0.038 -0.197 -0.191 -0.202 -0.248  0.121 -0.125  0.051  0.415 -0.088  0.322 -0.065 -0.155  0.030 -0.014 -0.015  0.233 -0.052 -0.268
R       -0.075 -0.904 -0.038 -0.174 -0.251 -0.105 -0.331 -0.010 -0.165 -0.026  0.386 -0.240  0.181 -0.226 -0.018 -0.036 -0.124 -0.018 -0.252  0.152  0.613
S       -0.016 -0.169  0.109 -0.114  0.029 -0.101  0.144 -0.168 -0.097 -0.035 -0.295  0.055 -0.235 -0.063  0.013 -0.059 -0.125 -0.119  0.087 -0.142  0.236
T        0.236  0.399  0.224  0.333  0.082  0.306  0.740 -0.080  0.292  0.265  0.143  0.258  0.145  0.103  0.333  0.246 -0.318  0.340 -0.072  0.381 -0.282
V        0.190  0.345  0.205  0.228  0.256  0.129  0.379  0.322  0.343  0.215  0.082  0.209  0.329  0.234  0.390 -0.003  0.199  0.290  0.370  0.324 -0.965
W        0.108  0.909  0.091  0.262  0.000  0.192  0.311  0.278  0.037  0.102  0.572  0.308  0.028  0.063  0.241  0.267  0.415  0.232 -0.804  0.211  0.000
Y        0.117  0.672 -0.048  0.252 -0.298  0.043 -0.215 -0.130  0.310 -0.046  0.016 -0.314  0.362  0.057  0.110  0.175  0.273  0.111  0.050  0.385  0.165
X        0.251  0.000  0.426  0.456  0.169  0.000  0.000  0.857  0.166  0.096 -0.612  0.467  0.249  0.235  0.421 -0.072  0.923  0.211  0.000  0.762 -1.290
