i-1/i     A      C      D      E      F      G      H      I      K      L      M      N      P      Q      R      S      T      V      W      Y      X
A       -0.054 -0.030 -0.219 -0.093 -0.148  0.000 -0.302 -0.024  0.052  0.025  0.016 -0.279 -0.044 -0.176  0.081 -0.156 -0.048 -0.125  0.022 -0.225 -2.546
C       -0.034  0.000 -0.451  0.206  0.013  0.000  0.564 -0.027 -0.301 -0.054  0.193 -0.185  0.305  0.180 -0.043  0.295  0.228  0.056  0.311  0.248  0.000
D       -0.167  0.281 -0.383 -0.181 -0.578  0.000 -0.565  0.254 -0.096 -0.169 -0.445  0.106 -0.141 -0.114 -0.147 -0.188  0.024  0.029  0.165 -0.841  0.000
E       -0.217 -0.162 -0.404 -0.214 -0.414  0.000 -0.165 -0.070  0.111 -0.215 -0.407 -0.170 -0.095 -0.318 -0.216 -0.358  0.020  0.003 -0.274 -0.327 -1.380
F        0.020  0.002  0.254  0.139 -0.031  0.000 -0.132 -0.025  0.045  0.166  0.049  0.239  0.020  0.214  0.202 -0.023  0.087  0.155  0.002 -0.103  1.197
G       -0.112 -0.609 -0.363 -0.067 -0.439  0.000  0.073 -0.058  0.022 -0.134 -0.068 -0.175 -0.216 -0.171  0.186  0.059 -0.054 -0.073  0.425 -0.109  0.000
H       -0.155  0.239  0.109  0.013 -0.263  0.000 -0.129 -0.181  0.153  0.197 -1.027 -0.034 -0.079  0.158 -0.052 -0.100 -0.129 -0.041  0.211  0.317  0.000
I        0.133  0.442  0.057  0.061  0.084  0.000  0.188 -0.039 -0.014  0.037 -0.351 -0.038  0.191  0.140  0.011  0.070  0.038 -0.062 -0.084  0.200 -0.191
K       -0.169 -0.005  0.278 -0.062  0.015  0.000  0.156 -0.112 -0.101 -0.128 -0.589 -0.001 -0.116 -0.033  0.074 -0.202  0.041  0.000  0.080 -0.167  0.038
L        0.129 -0.069 -0.073  0.182  0.055  0.000  0.329 -0.077 -0.123 -0.025  0.103  0.054  0.231  0.122 -0.017  0.185  0.057 -0.070 -0.043 -0.022  1.350
M       -0.079  0.022  0.251  0.099  0.256  0.000 -0.161 -0.096 -0.173 -0.071 -0.217  0.093  0.343  0.082 -0.258  0.079  0.154  0.281 -0.223 -0.102  0.271
N       -0.173  0.052 -0.218 -0.056 -0.185  0.000 -0.083  0.184 -0.167  0.032 -0.924 -0.038 -0.088  0.248 -0.076 -0.201  0.131  0.213  0.534 -0.650  0.000
P       -0.039 -0.759  0.140  0.207  0.000  0.000  0.000  0.613  0.008 -0.935  0.000  0.028 -0.441 -0.128  0.448  0.059  0.199 -0.021  0.000  0.000  0.000
Q       -0.123  0.281 -0.032 -0.206 -0.081  0.000  0.089 -0.206 -0.067 -0.257  0.564 -0.082  0.100 -0.202 -0.128 -0.145  0.019  0.016 -0.017 -0.026  0.000
R       -0.086  0.035  0.103 -0.215  0.221  0.000  0.109 -0.192 -0.044 -0.009 -0.622 -0.082  0.199 -0.046  0.166 -0.240 -0.193 -0.016 -0.004 -0.023  0.000
S       -0.117 -0.530 -0.192 -0.263  0.051  0.000 -0.026 -0.029  0.018 -0.123  0.098 -0.286 -0.066 -0.179 -0.047 -0.360 -0.023 -0.120  0.143 -0.562  0.000
T       -0.065 -0.159 -0.055 -0.250  0.009  0.000 -0.093 -0.170 -0.095 -0.172 -0.220 -0.010  0.012 -0.290 -0.071 -0.296 -0.034  0.018 -0.268  0.041  1.005
V        0.172 -0.412 -0.154  0.025  0.232  0.000 -0.232 -0.102  0.058  0.004  0.267  0.128  0.123  0.155  0.047  0.080  0.208 -0.063  0.123  0.248 -0.838
W        0.114  0.434  0.246  0.369 -0.147  0.000  0.315 -0.027 -0.128  0.009 -0.636  0.077 -0.645  0.516  0.025  0.031 -0.028 -0.093 -0.004 -0.213  0.000
Y        0.101 -0.188 -0.031  0.266 -0.300  0.000  0.150  0.026  0.137  0.153 -0.268  0.259  0.104  0.076 -0.098 -0.256 -0.150 -0.039 -0.594 -0.236  2.356
X       -0.053  0.000  0.817 -0.139  0.219  0.000  0.000  0.263 -0.678  0.081  0.000  0.000  0.000  0.210  0.136  0.259  0.726 -0.254  0.000  0.018 -2.207
