i-1/i     A      C      D      E      F      G      H      I      K      L      M      N      P      Q      R      S      T      V      W      Y      X
A       -0.075 -0.069 -0.143  0.024  0.030  0.000 -0.268  0.175  0.067  0.037 -0.359 -0.045  0.205 -0.017 -0.042 -0.081  0.018  0.022  0.130 -0.174 -1.441
C       -0.088  0.170  0.433 -0.131  0.066  0.000  0.463  0.048 -0.351  0.014  0.100 -0.399 -0.043  0.353  0.098 -0.370 -0.321 -0.119 -0.421  0.214  0.000
D        0.030  0.180 -0.150 -0.224  0.032  0.000 -0.761 -0.159 -0.150 -0.291 -0.527  0.237  0.150 -0.167 -0.151 -0.089  0.011 -0.082  0.107 -0.037 -2.449
E       -0.068 -0.228 -0.147 -0.173 -0.048  0.000 -0.421  0.061 -0.004 -0.081 -0.062 -0.035  0.059 -0.125  0.034 -0.082  0.275 -0.043  0.001 -0.127 -0.352
F       -0.007 -0.240  0.139  0.091 -0.063  0.000 -0.162 -0.045 -0.077  0.111 -0.145 -0.133 -0.324 -0.127 -0.034  0.024 -0.083 -0.073 -0.172  0.135 -1.215
G       -0.150  0.094 -0.241 -0.332 -0.237  0.000  0.143 -0.060  0.039 -0.169 -0.520 -0.092 -0.051 -0.251 -0.103  0.139  0.158 -0.081  0.555  0.246  1.467
H       -0.145 -0.209  0.090 -0.120 -0.156  0.000  0.071  0.081 -0.096 -0.066  0.067 -0.062  0.062 -0.229 -0.179  0.054  0.170  0.190 -0.940  0.502 -2.338
I        0.099 -0.268 -0.009  0.094  0.053  0.000  0.041  0.158  0.019  0.238  0.441  0.083 -0.131  0.190  0.037 -0.006  0.091 -0.026  0.024  0.072  1.659
K       -0.069 -0.076  0.029 -0.018 -0.007  0.000  0.616 -0.017  0.056 -0.026 -0.199 -0.075  0.148 -0.158  0.048  0.053  0.045 -0.024 -0.140 -0.185 -0.309
L        0.037 -0.250  0.009  0.063  0.100  0.000  0.121  0.175  0.025  0.127  0.297  0.118 -0.047  0.055  0.038  0.023 -0.031  0.038 -0.021  0.082  0.959
M        0.082 -0.249 -0.259 -0.019  0.215  0.000  0.094 -0.022 -0.089  0.171  0.463  0.235 -0.412 -0.286 -0.001 -0.022  0.109 -0.097 -0.402  0.505 -0.413
N       -0.157  0.533 -0.385 -0.231 -0.125  0.000 -0.009  0.066 -0.167 -0.155 -0.056 -0.245 -0.045  0.001 -0.081 -0.222  0.038  0.060  0.404  0.205 -1.757
P        0.000 -0.041  0.294  0.000 -0.472  0.000  0.086  0.000  0.000  0.000  0.000 -0.418  0.000  0.000 -0.220  0.000  0.000  0.000  0.000  0.000  0.000
Q       -0.067 -0.079 -0.051 -0.085  0.060  0.000 -0.447  0.041  0.071  0.002 -0.176  0.071  0.006 -0.041  0.016 -0.112 -0.003 -0.109 -0.206 -0.135 -0.328
R       -0.033 -0.200 -0.026  0.013  0.076  0.000  0.117 -0.064 -0.019 -0.025 -0.179 -0.041  0.200 -0.092 -0.047 -0.082 -0.064 -0.046  0.040 -0.082 -1.544
S       -0.067 -0.233  0.119 -0.121 -0.194  0.000  0.042  0.009  0.009  0.016 -0.515 -0.273  0.080 -0.254  0.014 -0.174  0.117 -0.038  0.025 -0.134 -0.527
T       -0.045  0.260 -0.086 -0.037 -0.076  0.000 -0.015 -0.048 -0.013  0.047 -0.415 -0.080 -0.059  0.033 -0.092 -0.108  0.062  0.013  0.422 -0.139  0.163
V        0.148 -0.002  0.005  0.059  0.158  0.000  0.749  0.068  0.029  0.183  0.324  0.083  0.139  0.129  0.013  0.112  0.104  0.048 -0.344  0.063  1.253
W       -0.017  0.000 -0.154  0.123  0.318  0.000  0.485  0.078  0.054  0.088 -0.160 -0.092 -0.174  0.040 -0.124 -0.183 -0.032  0.134  0.267 -0.056  0.000
Y       -0.035 -0.110  0.058  0.060 -0.118  0.000  0.144 -0.077 -0.028  0.186 -0.275 -0.087 -0.123 -0.167  0.039 -0.018  0.145 -0.018 -0.018  0.026 -2.253
X       -0.184  0.000 -0.134 -0.174 -0.515  0.000 -0.838 -0.477  0.011 -0.711  0.000 -0.440  0.093  0.013  0.016 -0.420 -0.256 -0.258  0.000  0.332  0.000
