i-1/i     A      C      D      E      F      G      H      I      K      L      M      N      P      Q      R      S      T      V      W      Y      X
A       -0.031  0.161 -0.032 -0.052  0.057  0.000  0.039  0.080  0.029 -0.009 -0.077 -0.039  0.069 -0.047  0.006 -0.136 -0.092 -0.058  0.016  0.030 -1.799
C       -0.148  0.795 -0.308  0.102 -0.239  0.000  0.728  0.161 -0.078 -0.036 -0.892 -0.087 -0.027 -0.105 -0.010  0.087  0.076 -0.069  0.287 -0.383  2.697
D       -0.039 -0.206 -0.027  0.229  0.118  0.000 -0.301  0.247 -0.006  0.286  0.817  0.090 -0.157  0.255  0.044  0.059  0.596  0.066 -0.300  0.418 -2.794
E       -0.040 -0.394  0.019  0.033  0.156  0.000 -0.460  0.248 -0.294  0.254  0.459  0.081 -0.062  0.123 -0.015  0.166  0.110  0.089 -0.225 -0.325  0.098
F        0.034 -0.349  0.200 -0.219  0.142  0.000  0.152 -0.025 -0.040 -0.130 -0.714  0.120  0.175  0.229  0.034 -0.107 -0.127 -0.104  0.268 -0.002  0.000
G       -0.017 -0.036 -0.121  0.102  0.032  0.000  0.213 -0.085 -0.026  0.182  0.056 -0.008 -0.174  0.196 -0.060 -0.100  0.147  0.092 -0.294 -0.071 -0.512
H        0.138 -0.345 -0.001  0.048 -0.099  0.000 -0.113 -0.123  0.066  0.127  0.501 -0.126 -0.520 -0.238  0.014 -0.178  0.169 -0.028 -0.115  0.106 -1.829
I       -0.016  0.004 -0.236 -0.034 -0.242  0.000  0.274 -0.128  0.001 -0.187 -0.873 -0.192  0.146 -0.207 -0.039 -0.243 -0.260 -0.115  0.318 -0.287  1.563
K        0.002 -0.083 -0.187 -0.142  0.322  0.000  0.100 -0.091  0.125  0.136 -0.015 -0.251  0.155 -0.152 -0.075 -0.231 -0.065  0.023 -0.089  0.068 -3.108
L       -0.075 -0.100 -0.055 -0.056  0.004  0.000  0.276 -0.403  0.022 -0.170 -0.784 -0.067  0.048 -0.103 -0.024 -0.297 -0.173 -0.127 -0.003 -0.070 -0.248
M       -0.027  0.466 -0.184 -0.098 -0.146  0.000  0.036 -0.286 -0.046 -0.096 -0.055 -0.200 -0.070 -0.129 -0.028 -0.220 -0.037 -0.127 -0.094 -0.207 -2.406
N       -0.100  0.622  0.128 -0.096 -0.090  0.000  0.225  0.084  0.142 -0.035 -0.107  0.119 -0.009  0.080  0.154 -0.078  0.123 -0.015 -0.430 -0.138  0.000
P        0.547  0.038  0.037  0.244 -0.060  0.000  0.484  0.000  0.631  0.424 -0.219  0.778 -0.027  0.566  0.443 -0.218 -0.076  0.000  0.000  0.000  0.000
Q       -0.105 -0.415 -0.112 -0.031  0.087  0.000 -0.259  0.086 -0.096  0.171  0.122 -0.132 -0.055  0.043 -0.143  0.136 -0.011  0.280  0.016  0.036  1.411
R       -0.023  0.098  0.039 -0.167  0.082  0.000 -0.233  0.206  0.205  0.088  0.141 -0.155  0.013 -0.250 -0.034 -0.132 -0.146  0.038 -0.165  0.128 -2.959
S       -0.053 -0.429 -0.067  0.034 -0.076  0.000  0.297  0.167 -0.145  0.113 -0.207  0.012 -0.040 -0.224 -0.042 -0.176  0.034  0.002 -0.160  0.002 -3.009
T       -0.100 -0.472 -0.066 -0.035  0.028  0.000  0.239  0.002 -0.041  0.126  1.037 -0.033 -0.057 -0.109 -0.164 -0.165  0.235  0.030 -0.195  0.079  0.000
V        0.027 -0.238 -0.158 -0.101 -0.053  0.000 -0.265 -0.043  0.072 -0.261 -0.246  0.139  0.148 -0.206 -0.009 -0.292 -0.106 -0.115  0.071 -0.037  0.000
W       -0.014  0.000  0.127 -0.402  0.149  0.000  0.469 -0.054  0.218  0.138  0.321 -0.081  0.222 -0.383  0.061 -0.293 -0.139  0.148 -0.091 -0.040  0.000
Y       -0.091 -0.031  0.038  0.014 -0.100  0.000 -0.292 -0.031  0.065 -0.200 -0.438 -0.114 -0.013 -0.036 -0.107 -0.099  0.067  0.038  0.477 -0.114 -1.819
X       -0.088  0.000  0.000 -0.442  0.000  0.000 -0.535 -0.095 -0.042 -0.096 -0.368  0.758  0.303 -0.214 -0.078 -0.564  0.000  0.185  0.000 -0.012 -2.873
