i-1/i     A      C      D      E      F      G      H      I      K      L      M      N      P      Q      R      S      T      V      W      Y      X
A       -0.035 -0.404  0.207  0.026  0.077  0.000 -0.140  0.134  0.054  0.149  0.162  0.216 -0.637 -0.074  0.036  0.065 -0.008  0.013  0.101  0.112 -0.156
C       -0.004  0.000  0.000 -0.350  0.084  0.000  0.898  0.558 -0.076 -0.002 -0.284 -0.237  0.000  0.321  0.086  0.021  0.163 -0.099  0.478  0.359  0.000
D       -0.001 -0.119  0.112 -0.058  0.003  0.000 -0.073  0.023  0.085  0.192  0.338  0.094 -0.287  0.028  0.103  0.029  0.101  0.115  0.065  0.264  0.182
E       -0.083 -0.758  0.138 -0.003  0.175  0.000 -0.345  0.264  0.020  0.322 -0.077 -0.040 -0.593 -0.118  0.078  0.034  0.072  0.095  0.119  0.102 -0.474
F       -0.355 -0.159  0.719  0.222 -0.128  0.000 -0.010 -0.547 -0.372 -0.203 -0.516  0.475  0.000  0.161  0.249 -0.051  0.271 -0.182 -0.482 -0.083  1.424
G        0.053  0.084  0.043 -0.029  0.292  0.000  0.308  0.045  0.101  0.101 -0.080  0.017  0.000  0.010 -0.033  0.067  0.008 -0.162  0.183  0.262 -2.918
H        0.049 -0.951 -0.054  0.067  0.001  0.000 -0.329  0.083  0.009  0.119 -0.208  0.303  0.000  0.196 -0.064  0.101  0.200 -0.009 -0.115 -0.767  0.000
I       -0.044 -0.500  0.133  0.031 -0.101  0.000  0.269  0.055  0.160 -0.057  0.319 -0.123 -0.465 -0.156  0.194  0.146  0.047 -0.040  0.108  0.201  0.033
K       -0.090 -0.435 -0.310 -0.009 -0.227  0.000 -0.221  0.404  0.006  0.089  0.151  0.127 -0.531 -0.002 -0.085  0.093  0.116  0.163  0.045 -0.271  0.173
L       -0.072 -0.173  0.257  0.100 -0.218  0.000  0.059  0.133  0.049 -0.030 -0.038 -0.037 -0.576  0.009 -0.006  0.156  0.015 -0.086  0.355 -0.034 -0.124
M       -0.029 -0.477  0.394 -0.032 -0.131  0.000 -0.333  0.258  0.053  0.122  0.144  0.032  0.000 -0.003 -0.042  0.226  0.358  0.048  0.199 -0.146  0.000
N        0.044  0.249 -0.041 -0.078  0.077  0.000 -0.356  0.140  0.075  0.053  0.214 -0.091  0.000 -0.054  0.094  0.033  0.150  0.088  0.035 -0.016  0.000
P       -0.070 -0.320  0.277  0.036  0.021  0.000 -0.002  0.344  0.004 -0.125 -0.158  0.103 -0.656 -0.044  0.062  0.046 -0.113 -0.045 -0.190  0.259  0.000
Q       -0.021  0.031 -0.268 -0.035 -0.137  0.000 -0.117  0.190  0.012  0.262  0.317 -0.308 -0.505 -0.019 -0.064  0.068  0.156  0.085 -0.223  0.337 -2.293
R       -0.107 -0.073 -0.213  0.077 -0.124  0.000 -0.146  0.226 -0.046  0.086  0.134  0.108 -0.248 -0.097  0.033  0.127  0.138  0.066 -0.176  0.100 -1.878
S       -0.005 -0.103 -0.006 -0.053  0.166  0.000 -0.354  0.187  0.050 -0.019 -0.054  0.188  0.000  0.027  0.036 -0.059  0.114 -0.013 -0.078  0.077 -0.832
T        0.067 -0.178 -0.285 -0.014  0.228  0.000  0.300  0.073  0.102  0.019  0.013 -0.094 -0.433 -0.077 -0.045  0.218  0.088 -0.021  0.231  0.115 -0.013
V       -0.070 -0.135 -0.035 -0.055 -0.102  0.000  0.126 -0.052  0.198 -0.054  0.745 -0.161 -0.579 -0.163  0.045  0.011 -0.053 -0.064  0.120  0.141  1.990
W       -0.100 -0.361  0.431 -0.177 -0.232  0.000  1.159 -0.293 -0.516 -0.066 -0.639  0.000  0.000 -0.391  0.000 -0.167 -0.234 -0.190 -0.688  0.018  0.000
Y       -0.206 -0.229  0.793  0.083 -0.086  0.000 -0.600 -0.239 -0.304  0.151 -0.650  0.303  0.000  0.312 -0.255 -0.117  0.108 -0.075 -0.278 -0.031 -0.305
X       -0.368  0.000  0.000  0.156 -0.289  0.000  0.000  0.178  0.196  0.114  0.000  0.000  0.000  0.000  0.476  0.000 -0.173  0.296  0.000  0.000  0.784
