i-1/i     A      C      D      E      F      G      H      I      K      L      M      N      P      Q      R      S      T      V      W      Y      X
A       -0.024 -0.046  0.052  0.122  0.078  0.000 -0.088  0.259  0.100  0.119  0.099  0.027 -0.370  0.044  0.050 -0.044  0.008  0.030 -0.023  0.192 -1.115
C       -0.222 -0.243 -0.172  0.017 -0.289  0.000 -0.469  0.188  0.087 -0.233 -0.845 -0.678  0.000 -0.188 -0.003  0.061 -0.198  0.002  0.000  0.179  0.000
D        0.201  0.219  0.071  0.167  0.156  0.000  0.187  0.060  0.094  0.164  0.067  0.222  0.617  0.109  0.045  0.103  0.007  0.046 -0.119  0.138  0.176
E        0.057 -0.199  0.109  0.158  0.226  0.000  0.106  0.010  0.008  0.167  0.193  0.141 -0.180 -0.005  0.087  0.034 -0.101  0.006  0.103  0.089 -0.472
F        0.004 -0.032 -0.033 -0.086 -0.414  0.000  0.220 -0.038  0.044 -0.153 -0.724 -0.131 -0.540 -0.116  0.069 -0.018 -0.083  0.002  0.212 -0.244 -2.015
G        0.068 -0.180  0.119 -0.019  0.057  0.000  0.132  0.039  0.020  0.140 -0.328 -0.290  0.549  0.209  0.060  0.093  0.010 -0.062 -0.023 -0.132 -0.024
H       -0.118  0.791 -0.138  0.030  0.023  0.000 -0.403  0.094 -0.208 -0.006 -0.296  0.141  0.238  0.036 -0.053 -0.121  0.077  0.030  0.103  0.157 -0.315
I       -0.160 -0.188 -0.025 -0.155 -0.084  0.000 -0.357 -0.046  0.015 -0.265 -0.784 -0.077 -0.587 -0.117 -0.048 -0.034 -0.007 -0.066  0.005  0.009 -0.769
K        0.029 -0.221 -0.069 -0.033  0.133  0.000  0.178  0.142  0.048  0.103  0.262 -0.094 -0.354 -0.036  0.081 -0.073 -0.053  0.051  0.005  0.169 -0.026
L       -0.200 -0.265 -0.026 -0.075 -0.158  0.000 -0.076 -0.053  0.014 -0.151 -0.097  0.075 -0.409 -0.080 -0.096 -0.073  0.060 -0.044 -0.164 -0.008 -2.075
M       -0.106 -0.536 -0.331 -0.144  0.118  0.000 -0.069 -0.196 -0.084  0.023  0.185  0.097 -0.458 -0.070  0.079 -0.017  0.188 -0.015  0.282 -0.231  2.245
N        0.140 -0.394  0.034  0.114  0.247  0.000 -0.235 -0.003 -0.015  0.232 -0.257  0.078  0.428  0.140  0.020 -0.080  0.006  0.034 -0.042  0.014 -0.142
P        0.353 -0.130 -0.243 -0.340 -0.054  0.000  0.568  0.087  0.027  0.000  0.037 -0.261  0.265 -0.331  0.020 -0.374 -0.049 -0.064 -0.373 -0.262 -1.031
Q        0.109  0.125  0.087  0.013  0.169  0.000  0.161  0.067 -0.008  0.150  0.656 -0.166 -0.307  0.063  0.038 -0.009  0.098  0.000 -0.335 -0.191 -0.691
R        0.005 -0.412 -0.115 -0.060 -0.072  0.000  0.121  0.187  0.057  0.157  0.347 -0.171 -0.113  0.001  0.043 -0.042  0.084  0.135  0.130  0.098  0.459
S        0.043  0.309 -0.146  0.141  0.077  0.000  0.198  0.117 -0.011  0.111 -0.248 -0.122  0.272  0.177 -0.031 -0.072 -0.104  0.003 -0.057 -0.046  0.000
T       -0.081 -0.534 -0.144 -0.182 -0.147  0.000 -0.640 -0.133 -0.062 -0.020 -0.421 -0.098  0.088 -0.144 -0.054 -0.112  0.030 -0.093  0.075 -0.016  0.392
V       -0.095 -0.383 -0.060 -0.107 -0.226  0.000 -0.560 -0.104 -0.024 -0.239 -0.195  0.073 -0.360 -0.049  0.038 -0.070  0.033 -0.098 -0.008 -0.115  0.793
W       -0.141 -0.032  0.014 -0.180  0.376  0.000  0.525  0.195 -0.158  0.050  0.319  0.271  0.000 -0.289 -0.266 -0.225  0.109 -0.001  0.643 -0.040  0.000
Y       -0.013  0.555 -0.001 -0.145 -0.342  0.000 -0.069 -0.013  0.026  0.002  0.028 -0.280 -0.280 -0.246 -0.129 -0.095 -0.134 -0.066  0.222 -0.129  0.529
X       -0.023  0.000  0.690 -0.082  0.776  0.000  0.000  0.442  0.024 -0.223 -0.623  0.418 -0.060 -0.317 -0.251 -0.226  0.210  0.178  0.000  0.245  0.000
