i-1/i     A      C      D      E      F      G      H      I      K      L      M      N      P      Q      R      S      T      V      W      Y      X
A        0.427  0.188  0.192  0.461 -0.360  0.074  0.143 -0.016  0.660  0.012 -0.117  0.278  0.136  0.472  0.381  0.051  0.035 -0.235  0.165  0.248  0.079
C       -0.022  0.000  0.398 -0.070 -0.436 -0.403 -0.708  0.255  0.096  0.044 -0.353  0.184 -0.062 -0.075  0.105  0.270  0.277  0.145 -0.279 -0.599  0.000
D       -0.225 -0.479 -0.228 -0.202  0.218 -0.265 -0.150  0.053 -0.630  0.196 -0.320 -0.046 -0.040 -0.723 -0.485 -0.167 -0.458 -0.197  0.242 -0.069  0.000
E        0.458  0.162  0.290  0.229  0.389  0.208  0.027 -0.091 -0.072  0.321  0.153 -0.028  0.306  0.076 -0.155  0.170 -0.060 -0.072 -0.302  0.080 -0.714
F       -0.246 -0.661 -0.043  0.054 -0.441 -0.289 -0.218 -0.304  0.369 -0.249 -0.169 -0.215 -0.609  0.051  0.213 -0.044 -0.018 -0.069 -0.411 -0.416 -0.601
G        0.675  0.397  0.513  0.662  0.253  0.260  0.729  0.310  0.636  0.684  0.611  0.398  0.504  0.675  0.794  0.490  0.764  0.421  0.288  0.662  0.000
H        0.465 -0.047  0.165  0.361  0.567 -0.064  0.281  0.307  0.072  0.246  0.297  0.308 -0.296  0.262 -0.006  0.461  0.330  0.337  0.922  0.572  0.000
I       -0.373 -0.261 -0.071 -0.202 -0.406 -0.357 -0.087 -0.305 -0.182 -0.397 -0.250 -0.009 -0.142 -0.160 -0.322 -0.125 -0.187 -0.367 -0.231 -0.269 -0.012
K        0.559  0.730  0.023  0.105 -0.326  0.321 -0.088  0.241  0.324  0.171  0.462  0.214  0.453  0.163  0.296  0.415  0.091  0.071 -0.057 -0.437  0.304
L       -0.283 -0.098  0.029 -0.057 -0.360 -0.340 -0.072 -0.331 -0.181 -0.467 -0.413 -0.145 -0.424 -0.023 -0.295 -0.282 -0.065 -0.335 -0.188 -0.185 -0.217
M       -0.016 -0.347 -0.058  0.051 -0.492 -0.303 -0.270 -0.027  0.092 -0.123 -0.122 -0.289 -0.145  0.307 -0.240  0.079 -0.096 -0.156 -0.420 -0.193 -0.412
N        0.117 -0.027 -0.134 -0.410 -0.071 -0.133 -0.141  0.031 -0.022  0.049  0.432 -0.145 -0.247 -0.238 -0.125  0.065 -0.323 -0.032  0.881  0.192  0.000
P        0.339  0.420 -0.744  0.132  0.000  0.000  0.000 -0.688  0.110  0.664  0.000  0.000  0.111  0.169 -0.638 -0.319 -0.607  0.554  0.000  0.000  0.000
Q        0.533 -0.428  0.194  0.053  0.075  0.283  0.236 -0.047  0.262  0.166  0.297  0.076  0.326  0.181  0.221  0.308 -0.098  0.051 -0.129  0.136  0.000
R        0.294  0.152  0.010 -0.020  0.358 -0.018  0.061 -0.079  0.307  0.217  0.225  0.147  0.010  0.205  0.211  0.092  0.033  0.102  0.485 -0.216 -0.153
S        0.657  0.343  0.595  0.380  0.845  0.688  0.372  0.625  0.509  0.677  0.404  0.611  0.729  0.488  0.491  0.534  0.449  0.625  0.213  0.728  0.000
T        0.570  0.265  0.566  0.503  1.002  0.720  0.633  0.812  0.741  0.732  0.646  0.525  0.426  0.375  0.559  0.650  0.453  0.000  1.049  0.960  0.913
V       -0.270 -0.614 -0.018 -0.246 -0.498 -0.469 -0.316 -0.378 -0.254 -0.419 -0.165 -0.230 -0.314 -0.096 -0.374 -0.085 -0.144 -0.432 -1.029 -0.596  0.138
W        0.039 -0.951 -0.291  0.021 -0.623 -1.121 -0.302 -0.124 -0.286 -0.429 -0.290 -0.194  0.079  0.600  0.271 -0.031 -0.334 -0.315 -0.824  0.173  0.000
Y        0.065 -0.880  0.055 -0.036 -0.078 -0.052  0.374 -0.235 -0.198 -0.227  0.069 -0.141 -0.224  0.275  0.211  0.139 -0.082  0.017 -0.276 -0.181  0.182
X       -0.119  0.000 -0.099 -0.944  0.384  0.223  0.000  0.892  0.000  0.163  0.000  0.000  0.000  0.000 -0.087 -0.166  0.000  0.044  0.000  0.000 -0.493
