i-1/i     A      C      D      E      F      G      H      I      K      L      M      N      P      Q      R      S      T      V      W      Y      X
A        0.053 -0.446 -0.088 -0.010  0.026 -0.152 -0.239 -0.067  0.013  0.021 -0.071 -0.193 -0.051 -0.036 -0.104 -0.100 -0.172 -0.081 -0.346 -0.073 -0.081
C        0.709  0.004  0.502  0.439  0.062 -0.251  0.000 -0.008  0.659  0.214  0.888  0.404 -0.193  0.872  0.402  0.047 -0.099  0.062  0.331  0.657  0.000
D        0.202  0.363  0.077  0.038  0.113  0.041 -0.059 -0.149 -0.102 -0.009  0.273  0.095 -0.408 -0.139 -0.083  0.137 -0.015 -0.224 -0.312 -0.087  0.000
E        0.114 -0.117  0.152  0.155 -0.052  0.273 -0.014 -0.057  0.116  0.046  0.165  0.062  0.149 -0.008  0.083  0.199 -0.005  0.064 -0.334 -0.135  0.101
F       -0.116 -0.282  0.014  0.077  0.039  0.166  0.006 -0.031 -0.042 -0.096 -0.196 -0.080  0.249  0.182  0.096  0.041 -0.259 -0.225  0.824 -0.005 -0.464
G        0.667  0.000  0.484  0.300  0.448  0.411  0.314  0.016  0.474  0.243  0.332  0.476  0.354  0.462  0.139  0.326  0.467  0.133 -0.098  0.130  0.383
H        0.318 -0.854  0.063 -0.223 -0.015  0.226  0.001  0.234 -0.047  0.052 -0.048  0.309 -0.627 -0.137  0.032  0.156 -0.132 -0.157  0.645  0.407  0.433
I        0.198 -0.358  0.321  0.350  0.189  0.059 -0.057  0.130  0.354  0.165  0.087  0.256  0.146  0.382  0.340  0.230  0.098  0.109  0.361  0.266  0.283
K        0.132  0.302 -0.026  0.029  0.026  0.023  0.059  0.089  0.143 -0.000 -0.032  0.001  0.211  0.086 -0.002 -0.010  0.078 -0.115 -0.464 -0.256 -0.005
L        0.309  0.286  0.117  0.241  0.098 -0.122  0.113  0.250  0.312  0.142  0.077  0.166 -0.009  0.259  0.310  0.057 -0.005  0.215  0.374  0.171  0.699
M        0.121  0.343  0.133  0.095 -0.252 -0.297  0.253  0.054  0.388  0.103  0.338  0.045  0.241  0.136  0.387  0.195  0.203  0.281  0.714  0.109 -0.063
N        0.028  0.337  0.086  0.019 -0.238  0.181 -0.069  0.162  0.044  0.114  0.152  0.014 -0.205  0.231  0.064  0.339 -0.099 -0.076 -0.342 -0.396  0.000
P        0.000 -0.457 -0.785  0.000  0.000  0.000 -0.772  0.000  0.000  0.000  0.000  0.000  0.000  0.000  0.000  0.000  0.000  0.000  0.000  0.000  0.000
Q        0.230  0.229  0.191  0.225  0.043  0.473 -0.217  0.057  0.056  0.091 -0.165  0.301 -0.019  0.125  0.211  0.177  0.172  0.147 -0.113 -0.046  0.050
R        0.106 -0.295  0.035  0.079 -0.170 -0.004 -0.155 -0.038  0.138  0.062 -0.169 -0.053 -0.029 -0.050  0.179  0.145  0.059  0.011  0.032 -0.017 -0.086
S        0.316 -0.159  0.196  0.094  0.237  0.324  0.390  0.159  0.215  0.160 -0.037  0.368 -0.061  0.066  0.133  0.186  0.203  0.134  0.195  0.136  0.584
T        0.205  0.131  0.158  0.161  0.506  0.020 -0.085 -0.123  0.219  0.113  0.193  0.126  0.148  0.098 -0.001  0.351  0.143  0.056  0.022 -0.064  0.496
V        0.277  0.045  0.205  0.306 -0.179  0.054  0.422  0.066  0.305  0.098  0.279  0.363  0.136  0.372  0.194  0.187  0.180  0.014  0.219  0.247  0.048
W        0.422  0.000  0.373  0.043 -0.529 -0.060  0.312 -0.028 -0.193  0.204  0.481  0.127 -0.010  0.098  0.132  0.146  0.033 -0.084  0.111  0.329  0.000
Y        0.144 -0.197 -0.160 -0.169 -0.396 -0.114  0.200  0.049 -0.197 -0.090 -0.169  0.113  0.032 -0.216 -0.105 -0.004  0.035 -0.062 -0.341  0.231  0.000
X       -0.010  0.000 -0.224 -0.694  0.089  0.369  0.000  1.032 -0.219  0.030 -0.120 -0.773  0.285  0.195  1.023 -0.227  0.613 -0.149  0.000  0.868  0.000
