i-1/i     A      C      D      E      F      G      H      I      K      L      M      N      P      Q      R      S      T      V      W      Y      X
A        0.016 -0.269  0.016  0.048 -0.286 -0.278 -0.235 -0.146  0.020 -0.294 -0.182 -0.031 -0.013  0.050 -0.045  0.021 -0.076 -0.153 -0.412 -0.083  0.056
C       -0.109  0.000  0.646 -0.227  0.467 -1.140  0.402  0.037 -0.091  0.069  0.234  0.317 -0.213  0.028  0.044  0.272  0.190 -0.341 -0.468  0.040  0.000
D        0.722  0.358  0.210  0.384  0.081  0.392  0.289  0.495  0.454  0.238  0.254 -0.094  0.385  0.407  0.485  0.262  0.279  0.304  0.668  0.430  0.450
E        0.638  0.285  0.317  0.293 -0.085 -0.070  0.147  0.076  0.381  0.125  0.212  0.062  0.302  0.337  0.376  0.040  0.087  0.225  0.122 -0.164 -0.448
F       -0.228 -0.049  0.349 -0.033 -0.268 -0.257 -0.212 -0.224 -0.087 -0.118 -0.167 -0.094 -0.319 -0.088 -0.205  0.355 -0.256 -0.232 -0.365 -0.451  0.000
G        0.104  0.313  0.017 -0.041 -0.090 -0.217 -0.021  0.286  0.214  0.136  0.121 -0.043 -0.545  0.151 -0.049  0.139 -0.154  0.288 -0.101 -0.077  0.084
H       -0.172  0.000  0.148  0.340  0.044 -0.146  0.361  0.025  0.179 -0.073 -0.222  0.711  0.882  0.289  0.063 -0.094  0.511 -0.030 -0.358 -0.500 -0.902
I       -0.169  0.017  0.197 -0.102 -0.090  0.064  0.043 -0.282  0.028  0.029 -0.153  0.259 -0.173 -0.175 -0.348  0.072 -0.037 -0.184  0.280  0.095  0.471
K        0.514 -0.325  0.203  0.243 -0.076  0.439  0.209 -0.026  0.165  0.065  0.195  0.182  0.367  0.058  0.405  0.234 -0.197 -0.171  0.088  0.261  0.848
L       -0.077  0.201 -0.050 -0.123 -0.220 -0.208  0.024 -0.171 -0.161 -0.105 -0.005  0.266 -0.168 -0.063 -0.130  0.107 -0.049 -0.205 -0.427 -0.264  0.035
M       -0.011 -0.573  0.004  0.217  0.022  0.026 -0.180 -0.044 -0.005  0.052 -0.206  0.045 -0.075  0.065 -0.195  0.125 -0.215  0.076 -0.228  0.250  0.000
N        0.567  0.187  0.258  0.373  0.119  0.540  0.485  0.430  0.575  0.480  0.367 -0.010  0.015  0.365  0.307  0.507  0.241  0.462  0.975  0.128  0.000
P       -1.154  0.000 -0.772 -0.588  0.000 -0.836 -0.820 -0.609 -0.532 -0.652  0.163 -0.685 -1.063 -0.831 -0.658 -0.338 -0.797 -0.853  0.000  0.000  0.000
Q        0.682  0.000  0.204  0.334 -0.045  0.040  0.247  0.217  0.402  0.129  0.371  0.130  0.268  0.346  0.242  0.249  0.097  0.346  0.084 -0.081 -0.092
R        0.341 -0.302 -0.040 -0.077 -0.012  0.237 -0.105  0.094  0.177 -0.015 -0.028  0.030  0.198  0.039  0.125  0.236 -0.251 -0.198  0.170  0.177  0.000
S        0.425 -0.349 -0.041  0.112  0.466  0.094  0.399  0.467  0.191  0.367  0.325  0.068  0.204  0.350  0.363  0.209  0.004  0.271  0.342  0.439  0.480
T        0.168 -0.753 -0.134 -0.065  0.043 -0.058  0.287 -0.179 -0.111 -0.170  0.029  0.052  0.056  0.144 -0.036 -0.100 -0.361 -0.120 -0.262  0.209 -0.346
V       -0.083 -0.072  0.148 -0.105 -0.228  0.093 -0.255 -0.227 -0.112 -0.038  0.063  0.045 -0.052 -0.040  0.041 -0.098 -0.113 -0.165 -0.236  0.304  0.000
W       -0.142  0.000  0.390  0.145 -0.391  0.473  0.379  0.023 -0.227 -0.181 -0.611  0.376  0.509 -0.351 -0.385  0.048 -0.098 -0.018 -0.794 -0.565  0.000
Y       -0.363 -0.676 -0.120 -0.111 -0.244  0.015 -0.139 -0.175 -0.170 -0.324  0.157 -0.114  0.292  0.033 -0.107 -0.214  0.088 -0.223 -0.548 -0.411  1.136
X       -0.190  0.000  0.142 -0.526  0.000  0.000  0.000 -0.247  0.175 -0.582  0.000  0.192  0.000 -0.376 -0.160 -0.104  0.000 -0.188  0.000 -1.069  0.000
