i-1/i     A      C      D      E      F      G      H      I      K      L      M      N      P      Q      R      S      T      V      W      Y      X
A        0.145  0.030 -0.103 -0.069  0.300  0.025  0.248  0.026 -0.054 -0.130  0.010  0.050  0.683  0.071  0.003 -0.175 -0.178 -0.015  0.383 -0.000  0.537
C       -0.967  0.000  0.000 -0.074  0.091  0.415 -1.079 -0.100 -0.324 -0.084 -0.785 -0.157  0.000 -0.868 -0.091  0.085 -0.322  0.340 -0.870 -0.463  0.000
D        0.039 -0.064  0.145 -0.081 -0.426  0.190  0.141 -0.089  0.203 -0.086 -0.223 -0.083 -0.058  0.145  0.167 -0.163 -0.133  0.173  0.068 -0.111 -0.892
E        0.403  0.280 -0.065 -0.010  0.070  0.165 -0.032  0.251  0.269  0.208  0.178  0.023  0.020  0.161  0.331  0.170  0.065  0.224  0.229  0.162  0.768
F       -0.138  0.175 -0.079 -0.127  0.311 -0.870  0.193  0.057 -0.040  0.064  0.441 -0.542  0.000 -0.106 -0.176 -0.454 -0.177  0.163  0.380 -0.248  0.000
G        0.025 -0.392  0.396 -0.023 -0.332 -0.034  0.112  0.220  0.039 -0.072 -0.339 -0.087  0.387  0.053 -0.083 -0.100 -0.094 -0.081 -0.081 -0.018 -0.411
H       -0.084 -0.505 -0.140  0.263  0.024 -0.066  0.799  0.098 -0.022  0.100  0.203  0.172  0.000  0.042  0.322 -0.149  0.139  0.406  0.520  0.619  0.000
I        0.034  0.225  0.298  0.323  0.077 -0.234 -0.143  0.113  0.291  0.232 -0.166  0.225 -0.769  0.189  0.102 -0.169  0.085 -0.051  0.390 -0.039  0.080
K        0.320 -0.264  0.290  0.128  0.373  0.296  0.150  0.258 -0.008  0.284  0.356  0.028  0.652  0.152  0.186 -0.040  0.135  0.149  0.176  0.158 -0.197
L       -0.220  0.369 -0.114 -0.063  0.068 -0.367 -0.369  0.047  0.086  0.118  0.065  0.283 -0.238 -0.018  0.067 -0.109 -0.063 -0.073 -0.448  0.183 -0.150
M        0.024  0.000  0.338  0.102  0.392 -0.453  0.317  0.184  0.190  0.190  0.237  0.230  0.000 -0.172  0.334 -0.317  0.450 -0.101  0.366  0.290  0.000
N        0.083 -0.238  0.127  0.083 -0.221 -0.088 -0.066 -0.034 -0.029  0.099 -0.047  0.056  0.112  0.228  0.272  0.127 -0.025  0.199  0.259  0.432  0.000
P        0.110  0.070 -0.024  0.005 -0.162 -0.000  0.032 -0.147  0.258 -0.096  0.053  0.098  0.162 -0.268 -0.185  0.387 -0.123 -0.117 -0.664 -0.103  0.000
Q        0.232  0.141  0.395  0.166  0.132  0.219 -0.007  0.239  0.202  0.183 -0.057  0.267  0.811  0.016  0.175  0.191 -0.126  0.097  0.427  0.012 -0.069
R        0.159 -0.072  0.219  0.182 -0.011  0.014  0.134  0.221  0.130  0.280  0.205 -0.046  0.219  0.111 -0.052  0.027  0.264  0.120  0.408  0.024 -0.188
S        0.006 -0.268  0.208 -0.156  0.241 -0.027 -0.182 -0.241  0.037 -0.142  0.064  0.083 -0.131  0.090  0.145  0.110 -0.246 -0.007 -0.397  0.188 -0.707
T       -0.110  0.077  0.184  0.186 -0.097 -0.167  0.227 -0.142  0.028  0.013 -0.152  0.151  0.802 -0.091  0.166 -0.269  0.046  0.029  0.027  0.032  0.000
V       -0.245  0.067 -0.263  0.206  0.392 -0.405  0.045  0.111  0.249  0.115  0.078  0.232  0.352  0.089  0.134 -0.086  0.048 -0.019  0.216  0.253  0.049
W        0.116 -0.293  0.365 -0.060  0.173 -0.063 -0.835  0.139 -0.175  0.320 -0.005  0.000  0.000 -0.097  0.015 -0.651 -0.024  0.273 -0.575  0.524  0.000
Y        0.178 -0.373 -0.496 -0.179 -0.056  0.300 -0.637  0.261 -0.340  0.009 -0.116 -0.280  0.000 -0.168 -0.155 -0.208 -0.008  0.056 -0.106  0.116  0.000
X       -0.013  0.000  0.000 -0.420 -0.825  0.000  0.000  0.417 -0.119  0.015  0.939  0.000  0.000  0.000  0.354  0.000  0.748  0.812  0.000  0.351 -0.186
