i-1/i     A      C      D      E      F      G      H      I      K      L      M      N      P      Q      R      S      T      V      W      Y      X
A        0.160  0.066 -0.030  0.040  0.112  0.092  0.138  0.091  0.133  0.100 -0.033  0.145  0.223  0.116  0.104 -0.169 -0.027  0.149  0.088 -0.005 -0.481
C       -0.294  0.138 -0.148  0.047  0.292  0.873  1.085  0.128  0.181  0.105 -0.092  0.443 -0.598  0.053 -0.122 -0.183  0.366 -0.137  0.000 -0.224  0.000
D       -0.007 -0.072 -0.054 -0.027  0.009 -0.130  0.049 -0.116 -0.094 -0.126 -0.092  0.062 -0.139  0.180 -0.276 -0.020 -0.246 -0.048 -0.155 -0.003 -0.033
E        0.206 -0.065  0.008  0.165 -0.107 -0.089  0.033  0.032  0.148 -0.019 -0.088  0.035  0.181  0.099  0.063 -0.030  0.076  0.026 -0.000 -0.025  0.475
F       -0.228 -0.199 -0.027 -0.013  0.204  0.079 -0.064  0.118 -0.024  0.255  0.355  0.191 -0.198  0.031  0.001 -0.058 -0.034 -0.017  0.074  0.051  0.731
G        0.283 -0.351 -0.056  0.050 -0.253 -0.134  0.963 -0.149  0.228 -0.038 -0.269  0.128  0.015  0.045  0.204 -0.191 -0.009 -0.098 -0.302 -0.021  0.367
H        0.119  0.000  0.005  0.079 -0.357  0.720  0.176  0.170 -0.075 -0.057 -0.392  0.030 -0.135  0.104 -0.052  0.111 -0.262  0.083 -0.203  0.241 -0.372
I        0.186  0.190  0.184  0.216  0.153 -0.128  0.184  0.076  0.095  0.190  0.238  0.142  0.095 -0.008  0.080  0.113  0.131 -0.120 -0.042  0.332 -0.770
K        0.165  0.573  0.053  0.095  0.014 -0.189 -0.108  0.042  0.155  0.085 -0.019 -0.122  0.608  0.101  0.037 -0.060 -0.033  0.081 -0.232  0.000  0.274
L        0.253 -0.233  0.240  0.216  0.347  0.103  0.060  0.184  0.076  0.160  0.179  0.271  0.010  0.128  0.183  0.142  0.078  0.225  0.039  0.302 -0.158
M        0.007  0.797  0.051  0.175  0.101  0.082 -0.306 -0.041  0.195  0.025  0.193  0.157  0.221 -0.062 -0.022  0.028  0.129  0.072  0.373  0.305 -0.109
N        0.041 -0.041 -0.107 -0.301 -0.450 -0.015 -0.292 -0.193 -0.202 -0.257 -0.135 -0.443 -0.503  0.001 -0.160 -0.051 -0.347 -0.347  0.274 -0.138  0.207
P        0.175  0.184 -0.161  0.057 -0.425 -0.103  0.126 -0.250 -0.040 -0.156 -0.003 -0.019 -0.252  0.163  0.061  0.025 -0.069  0.002 -0.525 -0.179 -0.136
Q       -0.089 -1.028  0.151  0.034  0.080  0.164 -0.260  0.081  0.343  0.093  0.112 -0.145  0.580  0.165  0.162  0.050 -0.323  0.027  0.169 -0.053 -0.367
R        0.350 -0.437  0.054  0.084 -0.116  0.113 -0.041 -0.036  0.018  0.052  0.070 -0.089  0.164 -0.133  0.087  0.132 -0.017 -0.085 -0.024  0.116  0.082
S       -0.019 -0.409 -0.007 -0.187 -0.299 -0.207  0.003 -0.221 -0.014 -0.117  0.039 -0.114  0.118 -0.091 -0.090 -0.242 -0.149 -0.164 -0.172 -0.364  0.000
T       -0.038 -0.009 -0.147 -0.194 -0.372  0.025 -0.504 -0.123 -0.085 -0.262 -0.091 -0.296 -0.117 -0.067 -0.095  0.043 -0.075 -0.087 -0.410 -0.276 -0.989
V        0.097  0.082  0.190  0.040  0.252 -0.105 -0.234  0.138  0.065  0.258  0.003  0.204 -0.195 -0.008 -0.002  0.088  0.166 -0.014  0.650  0.032 -0.391
W        0.153  1.040  0.240  0.316  0.385  0.204 -0.081  0.170  0.070  0.367 -0.041 -0.320  0.570 -0.103 -0.175 -0.084  0.196  0.046 -0.507 -0.330  0.000
Y        0.025 -0.067  0.161  0.109  0.184  0.211 -0.491 -0.043 -0.249  0.321 -0.024  0.212  0.463  0.089  0.229  0.062  0.209 -0.052  0.138  0.114  0.165
X       -0.028  0.000  0.582  0.015 -0.878 -0.369  0.000 -0.065 -0.444  0.180  0.598  0.000  0.376 -0.006  0.149  0.110  0.000 -0.237  0.000 -1.123  0.000
