i-1/i     A      C      D      E      F      G      H      I      K      L      M      N      P      Q      R      S      T      V      W      Y      X
A        0.027 -0.049  0.009  0.015  0.044  0.000  0.042 -0.014  0.032  0.000 -0.027  0.034  0.011  0.015  0.002  0.006 -0.011  0.002  0.006  0.031 -0.029
C       -0.012  0.000  0.104  0.003 -0.163  0.000 -0.017 -0.055  0.091  0.074 -0.157 -0.086  0.058 -0.033  0.048  0.061 -0.043 -0.019  0.164 -0.075  0.000
D        0.054 -0.036 -0.054 -0.031 -0.073  0.000 -0.027 -0.020 -0.010  0.036 -0.041  0.009 -0.023 -0.112 -0.015  0.008 -0.006 -0.015  0.124 -0.050  0.000
E        0.047  0.047 -0.021 -0.011  0.064  0.000 -0.021 -0.030 -0.032  0.000  0.057 -0.001  0.020 -0.039 -0.019 -0.039 -0.011 -0.043 -0.107  0.022  0.041
F       -0.009  0.134  0.050  0.085 -0.007  0.000  0.031  0.073  0.065  0.001  0.066  0.015 -0.026  0.000  0.027  0.056  0.065  0.016  0.016  0.280  0.421
G        0.064 -0.056 -0.008  0.014  0.060  0.000  0.048 -0.006  0.002  0.030  0.031  0.000 -0.096 -0.012 -0.027 -0.063  0.003  0.006  0.201 -0.038  0.000
H        0.026  0.124 -0.013 -0.000 -0.008  0.000 -0.009 -0.019 -0.011  0.014 -0.109 -0.064 -0.079  0.038 -0.009  0.089  0.078 -0.018 -0.065  0.160 -0.419
I       -0.018  0.034 -0.010  0.047  0.054  0.000  0.066 -0.029  0.027  0.050  0.046  0.058  0.042  0.124  0.010  0.043  0.006 -0.012 -0.115  0.042 -0.089
K        0.036 -0.128 -0.039 -0.013 -0.017  0.000  0.010 -0.004 -0.035 -0.025  0.016 -0.033  0.027 -0.008 -0.002 -0.035 -0.021 -0.009  0.080 -0.036  0.059
L       -0.016  0.023  0.018  0.056  0.012  0.000  0.055 -0.034 -0.006  0.020  0.046  0.004 -0.016  0.050  0.015  0.042 -0.011 -0.017  0.051  0.055 -0.112
M        0.038  0.016  0.030  0.017 -0.023  0.000 -0.017  0.041  0.010  0.003  0.005  0.002  0.054  0.041 -0.048  0.009 -0.018  0.023 -0.068  0.008 -0.200
N       -0.000 -0.053 -0.066 -0.066  0.093  0.000 -0.042 -0.018  0.009  0.017  0.147  0.000 -0.060 -0.059  0.001 -0.018 -0.075 -0.060  0.081 -0.123  0.121
P       -0.057 -0.260 -0.017 -0.021  0.000  0.000  0.000  0.043  0.032 -0.002  0.000  0.083 -0.176 -0.038  0.207 -0.026 -0.201  0.054  0.000  0.000  0.000
Q        0.037  0.071 -0.003  0.009  0.082  0.000 -0.085  0.004 -0.003 -0.045  0.084 -0.038  0.010  0.023 -0.002 -0.011 -0.034 -0.057  0.018 -0.002 -0.057
R       -0.002 -0.024  0.002 -0.032 -0.125  0.000  0.031 -0.007 -0.023 -0.031  0.052 -0.037  0.004  0.009 -0.013 -0.019  0.002 -0.043 -0.045  0.063 -0.075
S        0.034 -0.092 -0.021 -0.026  0.025  0.000 -0.101 -0.016 -0.049 -0.013  0.059 -0.037 -0.004 -0.009 -0.033 -0.028  0.003 -0.011  0.082 -0.146  0.000
T        0.057  0.075  0.006  0.031  0.046  0.000  0.069  0.084  0.018  0.004 -0.037 -0.011  0.018  0.046  0.051 -0.009  0.003  0.062 -0.006 -0.014  0.293
V        0.036  0.004  0.036  0.021  0.029  0.000 -0.045 -0.011  0.049  0.025 -0.055  0.030  0.031  0.053  0.012  0.025 -0.002 -0.026  0.084  0.011 -0.054
W        0.090  0.226  0.056  0.071 -0.011  0.000  0.009  0.015  0.002  0.091  0.111  0.122  0.057  0.090  0.091  0.085  0.001  0.080  0.026  0.036  0.000
Y        0.106  0.181  0.030 -0.015  0.046  0.000 -0.129  0.002  0.041  0.043  0.080 -0.037  0.061  0.023  0.024  0.021 -0.019  0.027  0.062  0.038  0.116
X        0.024  0.000  0.070  0.091  0.145  0.000  0.000  0.095  0.052  0.036  0.017  0.064  0.072  0.103 -0.099 -0.079  0.130  0.116 -0.281  0.000  0.101
