i-1/i     A      C      D      E      F      G      H      I      K      L      M      N      P      Q      R      S      T      V      W      Y      X
A        0.028  0.034 -0.028  0.012  0.085  0.000  0.022 -0.021 -0.003  0.003  0.072 -0.018 -0.017  0.008 -0.018 -0.046 -0.041 -0.005  0.078  0.036  0.111
C        0.085 -0.069  0.068  0.031  0.060  0.000  0.129 -0.066  0.117  0.029 -0.078  0.086  0.152  0.186  0.049 -0.026 -0.089  0.086 -0.099  0.159  0.000
D       -0.008 -0.005 -0.026 -0.041 -0.043  0.000 -0.043 -0.057 -0.043 -0.063  0.031 -0.034 -0.028 -0.027 -0.044 -0.058 -0.040 -0.051  0.024 -0.072  0.037
E       -0.035 -0.043 -0.039 -0.047 -0.066  0.000 -0.013 -0.056 -0.041 -0.049 -0.081 -0.042 -0.046 -0.034 -0.025 -0.031 -0.021 -0.045  0.018 -0.093  0.000
F        0.060  0.110  0.037  0.045  0.025  0.000  0.064  0.067  0.062  0.067 -0.069  0.029  0.052  0.077  0.079  0.055  0.021  0.037 -0.099  0.032  0.030
G       -0.008 -0.153  0.015  0.015  0.017  0.000 -0.161  0.021 -0.027  0.014  0.094 -0.037 -0.038 -0.004 -0.021 -0.042  0.014 -0.007  0.161  0.109  0.257
H        0.021 -0.032 -0.026 -0.030  0.034  0.000 -0.038 -0.002  0.005  0.028  0.110 -0.032  0.009  0.027 -0.062 -0.001  0.020 -0.030  0.094  0.047  0.035
I        0.065  0.090  0.043  0.049  0.097  0.000  0.072 -0.034  0.069  0.025  0.033 -0.008  0.112  0.065  0.063  0.047  0.038  0.026  0.058  0.131  0.017
K       -0.012 -0.015 -0.023 -0.010 -0.013  0.000  0.001 -0.035 -0.046  0.007  0.024  0.005  0.023 -0.030 -0.058 -0.017 -0.049 -0.058 -0.010 -0.021  0.026
L        0.046  0.021 -0.022  0.045  0.076  0.000  0.046  0.037  0.065  0.051  0.002  0.024  0.052  0.059  0.079  0.026 -0.003  0.062 -0.051  0.113 -0.043
M        0.048  0.102  0.045  0.013  0.054  0.000  0.106  0.023  0.074  0.025  0.002  0.032  0.015 -0.017  0.030  0.034  0.016 -0.035 -0.056  0.076 -0.101
N       -0.047  0.083 -0.076 -0.045 -0.084  0.000 -0.090 -0.053 -0.046 -0.026  0.060 -0.123 -0.092 -0.044 -0.045 -0.016 -0.082 -0.016  0.003 -0.171 -0.167
P        0.220  0.173  0.144  0.167  0.000  0.000  0.187  0.090  0.228  0.174  0.352  0.000  0.000  0.145  0.173  0.000  0.115  0.249  0.264  0.241 -0.020
Q       -0.005 -0.073 -0.020 -0.038 -0.049  0.000 -0.090 -0.033 -0.032 -0.030  0.036 -0.020 -0.022 -0.048 -0.043 -0.057 -0.028 -0.094 -0.114 -0.048 -0.021
R       -0.030 -0.036 -0.009 -0.008 -0.028  0.000 -0.029 -0.040 -0.018  0.006  0.066  0.010 -0.002 -0.033 -0.043 -0.033 -0.044 -0.034  0.042  0.014 -0.045
S        0.013 -0.045 -0.007 -0.053  0.013  0.000 -0.055  0.008  0.000 -0.014  0.043 -0.012  0.013 -0.036 -0.021 -0.042 -0.067 -0.013  0.014 -0.009  0.202
T       -0.005  0.017 -0.012  0.021  0.013  0.000 -0.005  0.054 -0.021  0.007 -0.002 -0.029 -0.022 -0.002 -0.017  0.025  0.038  0.019  0.033 -0.030  0.010
V        0.059  0.046  0.015  0.068  0.063  0.000  0.109  0.038  0.079  0.048  0.006  0.046  0.059  0.084  0.085  0.062  0.083  0.057  0.081  0.113  0.192
W        0.066  0.000  0.035  0.032 -0.048  0.000 -0.117  0.055  0.090  0.069 -0.079  0.045  0.056  0.080  0.090  0.123  0.033  0.054 -0.056  0.132  0.073
Y        0.081  0.028  0.004  0.047 -0.104  0.000  0.021  0.047  0.013  0.014 -0.058  0.015  0.069 -0.041  0.055  0.051 -0.026 -0.030 -0.053 -0.054  0.165
X        0.083  0.000 -0.011  0.063  0.012  0.000 -0.033  0.066  0.040 -0.095  0.050 -0.039  0.036 -0.003  0.086 -0.027 -0.035  0.077 -0.325  0.145  0.106
