i-1/i     A      C      D      E      F      G      H      I      K      L      M      N      P      Q      R      S      T      V      W      Y      X
A        0.025 -0.007  0.008  0.018 -0.025  0.000 -0.113 -0.050  0.007 -0.010 -0.025 -0.002  0.041  0.048 -0.004 -0.004 -0.028 -0.006 -0.069 -0.007  0.044
C       -0.141  0.008 -0.049 -0.149 -0.220  0.000 -0.113 -0.184 -0.238 -0.102 -0.001 -0.032 -0.012 -0.181 -0.010  0.049 -0.143 -0.154  0.000 -0.125 -0.131
D        0.164  0.215  0.016  0.142  0.175  0.000  0.133  0.166  0.145  0.155  0.077  0.064  0.120  0.166  0.208  0.108  0.072  0.195  0.033  0.178  0.015
E        0.108 -0.009  0.005  0.067  0.064  0.000  0.151  0.029  0.133  0.077  0.052  0.037  0.111  0.077  0.151  0.066  0.043  0.130  0.100  0.022 -0.059
F        0.031 -0.001  0.041  0.002 -0.009  0.000  0.148  0.055 -0.039  0.057  0.114  0.015 -0.085 -0.041 -0.000 -0.010  0.078  0.006  0.131 -0.103  0.120
G        0.133  0.051  0.054  0.052 -0.007  0.000  0.149  0.071  0.077  0.073  0.069  0.041  0.091  0.125  0.070  0.106  0.013  0.100  0.008  0.130  0.217
H        0.042  0.067  0.047  0.134  0.196  0.000 -0.058 -0.003  0.096  0.040  0.043  0.069  0.079  0.129  0.106  0.144  0.156  0.011  0.009  0.092  0.121
I       -0.086 -0.029 -0.075 -0.115 -0.031  0.000 -0.100 -0.077 -0.139 -0.030 -0.043 -0.057 -0.049 -0.095 -0.150 -0.117 -0.128 -0.120  0.108 -0.031  0.221
K        0.043  0.023 -0.005  0.008 -0.038  0.000  0.006  0.021  0.001  0.022  0.024  0.010  0.036 -0.029 -0.021 -0.037 -0.023  0.011 -0.058  0.064  0.060
L       -0.075 -0.079 -0.033 -0.140 -0.033  0.000 -0.057 -0.038 -0.137 -0.044  0.046 -0.033 -0.077 -0.095 -0.136 -0.097 -0.099 -0.103 -0.028 -0.080  0.071
M       -0.041  0.130 -0.045 -0.046  0.023  0.000 -0.131 -0.011 -0.065 -0.003  0.010 -0.032 -0.023 -0.033 -0.046 -0.048 -0.031 -0.020  0.102  0.020 -0.041
N        0.141  0.164  0.052  0.087  0.061  0.000  0.134  0.072  0.079  0.032  0.093  0.033  0.083  0.117  0.095  0.069  0.059  0.106 -0.079  0.180 -0.026
P        0.124  0.155  0.004  0.143  0.000  0.000  0.149  0.000  0.203  0.000  0.110  0.066  0.079  0.116  0.148  0.142  0.031  0.000  0.000  0.000  0.278
Q        0.098  0.071 -0.012  0.051  0.055  0.000  0.049  0.013  0.086  0.071  0.040  0.003  0.058  0.080  0.076  0.054  0.029  0.125  0.064  0.090  0.139
R        0.023  0.060  0.010  0.075 -0.025  0.000  0.013 -0.036 -0.014 -0.013  0.022 -0.010 -0.066 -0.014  0.011 -0.040 -0.060 -0.022 -0.059  0.030 -0.017
S        0.097 -0.038 -0.000  0.048  0.141  0.000  0.014  0.052  0.064  0.045  0.073  0.048  0.085 -0.004  0.111  0.051  0.004  0.042  0.030  0.081  0.129
T        0.096 -0.077  0.020  0.029 -0.036  0.000  0.108 -0.011  0.071  0.072  0.028 -0.047  0.082  0.074  0.028  0.017  0.056  0.014  0.122  0.069 -0.157
V       -0.096  0.032 -0.057 -0.145 -0.047  0.000 -0.160 -0.083 -0.165 -0.052 -0.069 -0.099 -0.023 -0.072 -0.110 -0.057 -0.135 -0.095 -0.004 -0.045 -0.023
W        0.135  0.000  0.063  0.126  0.005  0.000  0.155  0.006  0.142  0.079  0.001  0.131 -0.050  0.120 -0.009  0.042  0.110  0.151  0.017 -0.076 -0.008
Y        0.021  0.046  0.101  0.003  0.109  0.000  0.206 -0.018 -0.022  0.033  0.129  0.041  0.060  0.025 -0.012 -0.027  0.001 -0.013  0.187  0.089  0.177
X       -0.203  0.000 -0.157 -0.186  0.116  0.000  0.150 -0.077 -0.154 -0.127  0.040 -0.144  0.058 -0.238 -0.097 -0.192 -0.074 -0.136  0.239  0.092 -0.219
