i-1/i     A      C      D      E      F      G      H      I      K      L      M      N      P      Q      R      S      T      V      W      Y      X
A        0.028  0.053  0.030  0.035  0.057  0.000  0.035 -0.025  0.053  0.015  0.018 -0.023 -0.096  0.052  0.028  0.050  0.001  0.046  0.002 -0.009  0.092
C        0.039  0.000  0.042 -0.046 -0.038  0.000 -0.222 -0.071 -0.138 -0.033  0.035  0.019  0.000  0.170 -0.099  0.057 -0.088 -0.011  0.060  0.020  0.000
D        0.026  0.041 -0.001  0.017 -0.005  0.000 -0.021  0.014  0.042  0.038 -0.182 -0.016  0.138  0.027  0.011  0.014  0.012  0.007  0.027  0.047  0.033
E        0.078 -0.073 -0.011  0.061  0.088  0.000  0.071  0.004  0.054  0.086  0.066  0.027  0.055  0.042  0.048  0.070  0.017  0.081 -0.023  0.093  0.075
F       -0.119 -0.092 -0.072 -0.078 -0.157  0.000 -0.084  0.023 -0.194 -0.158 -0.027 -0.061  0.000 -0.159 -0.029 -0.083 -0.085 -0.125  0.000 -0.013  0.219
G        0.057  0.060  0.018  0.001 -0.039  0.000 -0.091 -0.009  0.005  0.010  0.002  0.014 -0.065  0.023  0.010 -0.000 -0.089 -0.015 -0.293 -0.000  0.041
H       -0.026 -0.163  0.028  0.063  0.205  0.000  0.084  0.069 -0.010  0.004  0.112 -0.058  0.000 -0.032 -0.032 -0.013 -0.053 -0.051 -0.126  0.149  0.000
I       -0.015 -0.099  0.022 -0.046  0.013  0.000 -0.030 -0.063  0.003 -0.029  0.013 -0.035  0.000 -0.020  0.037  0.026  0.016 -0.023  0.001 -0.008  0.174
K        0.116  0.012 -0.007  0.014  0.078  0.000  0.027  0.030  0.050  0.068  0.029 -0.010  0.158  0.057  0.051  0.021  0.045  0.064  0.186  0.155 -0.142
L       -0.037  0.007 -0.000 -0.013  0.053  0.000  0.040 -0.051 -0.040 -0.015 -0.032  0.031  0.056 -0.008  0.008 -0.041 -0.020 -0.053 -0.004  0.040  0.066
M       -0.032 -0.140  0.006  0.012  0.122  0.000 -0.002 -0.043 -0.006  0.012 -0.147 -0.011  0.000 -0.131 -0.074  0.015  0.055  0.064  0.238  0.086  0.115
N        0.024  0.043  0.020  0.012  0.055  0.000 -0.050  0.008  0.072  0.022 -0.042  0.007  0.092  0.007  0.036  0.012 -0.035  0.067 -0.085  0.127  0.197
P        0.048 -0.080 -0.027  0.051  0.032  0.000 -0.100 -0.016 -0.031 -0.010  0.024 -0.014  0.234 -0.034 -0.014  0.057 -0.021 -0.050  0.050  0.007 -0.018
Q        0.073  0.019 -0.003  0.023  0.091  0.000  0.073  0.009  0.059  0.042  0.001 -0.006  0.074  0.051  0.033  0.037  0.046  0.002 -0.026  0.072  0.041
R        0.042  0.098  0.021 -0.016  0.059  0.000  0.049 -0.036  0.069  0.050  0.019 -0.046  0.032  0.029  0.080  0.059  0.000 -0.007  0.047  0.053 -0.046
S        0.012  0.131 -0.008  0.019 -0.064  0.000  0.045 -0.014  0.013 -0.011 -0.009  0.008  0.030 -0.015  0.021  0.025  0.025 -0.013  0.085  0.139  0.114
T        0.009  0.163  0.043  0.024  0.009  0.000  0.141 -0.047 -0.014  0.020  0.022  0.033  0.077  0.044  0.003  0.037 -0.001 -0.013  0.141  0.019  0.106
V       -0.023 -0.001 -0.031 -0.003 -0.069  0.000 -0.072 -0.040 -0.025 -0.028  0.032  0.015 -0.024 -0.038 -0.009 -0.007 -0.018 -0.043 -0.056  0.017  0.028
W       -0.113 -0.201 -0.059 -0.189 -0.147  0.000  0.209 -0.054 -0.264 -0.067 -0.112 -0.017  0.000 -0.225 -0.248  0.042  0.000 -0.200 -0.204 -0.254 -0.110
Y       -0.044 -0.046 -0.002 -0.123 -0.147  0.000 -0.019 -0.035 -0.149 -0.078  0.074 -0.070  0.000 -0.111 -0.089 -0.165 -0.124 -0.058 -0.172 -0.185  0.000
X        0.035  0.000  0.000 -0.006  0.173  0.000  0.228 -0.080 -0.044 -0.068  0.138  0.000  0.000  0.000  0.032  0.000  0.092 -0.040  0.000  0.000  0.020
