i-1/i     A      C      D      E      F      G      H      I      K      L      M      N      P      Q      R      S      T      V      W      Y      X
A        0.030 -0.020  0.011  0.027  0.034  0.000  0.055 -0.030  0.015  0.019 -0.040  0.031  0.096  0.020  0.032  0.005 -0.007 -0.026 -0.031  0.022 -0.028
C       -0.072  0.207 -0.002 -0.059  0.152  0.000  0.037  0.000  0.002 -0.035  0.206  0.057  0.090 -0.012 -0.043 -0.069 -0.026 -0.021  0.000 -0.013  0.000
D        0.049  0.083  0.023  0.030 -0.034  0.000  0.002  0.043  0.046  0.029  0.066 -0.021 -0.010  0.053  0.059  0.023 -0.013  0.017  0.015  0.086  0.255
E        0.053  0.151  0.028  0.050  0.041  0.000  0.067 -0.005  0.074  0.050  0.025  0.053  0.023  0.049  0.083  0.026  0.011  0.020  0.068  0.069  0.074
F       -0.099 -0.130 -0.086 -0.103 -0.087  0.000 -0.182 -0.101 -0.074 -0.183 -0.042 -0.084 -0.128 -0.107 -0.071 -0.044 -0.107 -0.138 -0.087 -0.050 -0.094
G        0.083  0.001  0.003  0.056  0.091  0.000  0.234  0.121  0.088  0.058  0.054  0.073  0.049  0.096  0.090  0.049 -0.002  0.045  0.084  0.044  0.176
H       -0.014  0.011 -0.003  0.031 -0.108  0.000 -0.124  0.003 -0.082 -0.010  0.200 -0.060  0.027  0.030  0.005 -0.007 -0.016 -0.015 -0.042  0.020 -0.212
I       -0.012 -0.036 -0.013 -0.047 -0.041  0.000 -0.078 -0.065 -0.029 -0.033  0.063 -0.020  0.080 -0.042 -0.054 -0.004  0.017 -0.069 -0.045 -0.012 -0.031
K        0.068  0.050  0.013  0.053  0.027  0.000  0.097  0.013  0.069  0.055  0.042  0.024  0.112  0.065  0.072  0.039  0.013  0.037  0.043  0.150 -0.045
L       -0.019 -0.038 -0.012 -0.036  0.009  0.000 -0.072 -0.047 -0.029 -0.008  0.016  0.011 -0.025  0.003 -0.010 -0.012 -0.033 -0.018  0.071 -0.036 -0.093
M        0.040 -0.075 -0.013 -0.011  0.049  0.000 -0.016  0.004  0.052 -0.001 -0.074  0.055  0.068 -0.005  0.021  0.044 -0.002  0.031 -0.058  0.032  0.120
N        0.074  0.137  0.008  0.042  0.075  0.000  0.037  0.063  0.042  0.076  0.132  0.045  0.032  0.027  0.022  0.060 -0.015  0.092  0.039  0.003 -0.050
P        0.102  0.077 -0.023  0.040  0.054  0.000 -0.088  0.099  0.076  0.065  0.112  0.041 -0.040  0.061  0.022  0.088  0.055  0.116 -0.019  0.051  0.102
Q        0.047  0.139  0.022  0.046  0.110  0.000  0.073 -0.005  0.058  0.027  0.028 -0.020  0.112  0.047  0.058  0.012 -0.007  0.027 -0.055  0.039  0.111
R        0.085  0.033  0.005  0.042  0.114  0.000  0.076  0.060  0.055  0.051  0.015  0.047  0.035  0.044  0.074  0.018  0.019  0.058  0.062  0.034  0.007
S        0.061  0.132  0.021  0.053  0.012  0.000  0.023  0.120  0.070  0.077  0.125  0.033 -0.013  0.077  0.065  0.057  0.062  0.062 -0.038  0.070  0.040
T        0.025 -0.213  0.005 -0.003 -0.001  0.000 -0.082  0.021  0.004 -0.016  0.040 -0.009 -0.082 -0.031 -0.005  0.068  0.057  0.018  0.054  0.017  0.153
V       -0.006  0.047 -0.038 -0.019  0.016  0.000 -0.064 -0.048 -0.043 -0.015  0.005 -0.042  0.032 -0.056 -0.072 -0.020 -0.048  0.001 -0.082 -0.063 -0.064
W       -0.064 -0.185 -0.009 -0.179 -0.277  0.000 -0.223 -0.165 -0.182  0.000 -0.203 -0.120 -0.193 -0.111 -0.116 -0.083 -0.046  0.000  0.051 -0.256  0.000
Y       -0.053 -0.064 -0.076 -0.166  0.067  0.000 -0.081 -0.116 -0.128 -0.108 -0.111 -0.119 -0.099 -0.120 -0.079 -0.072 -0.037 -0.124  0.044 -0.034 -0.037
X       -0.048  0.000 -0.083 -0.127  0.008  0.000  0.142 -0.026  0.092 -0.008  0.077 -0.080  0.091 -0.168 -0.036 -0.059 -0.054  0.011  0.346  0.158  0.105
