i-1/i     A      C      D      E      F      G      H      I      K      L      M      N      P      Q      R      S      T      V      W      Y      X
A        0.006  0.158 -0.089  0.085  0.035  0.007 -0.075  0.031  0.083 -0.011  0.082  0.037  0.000  0.121  0.048 -0.006  0.035 -0.021 -0.234 -0.000 -0.002
C       -0.080  0.000  0.090  0.038  0.025 -0.291  0.073  0.112  0.047  0.184  0.136 -0.217  0.000  0.033 -0.195 -0.123 -0.047  0.024 -0.123  0.366  0.000
D        0.043 -0.199  0.069  0.135  0.193  0.114  0.024 -0.016  0.036  0.000 -0.067  0.009  0.000  0.064  0.070  0.022  0.062 -0.287 -0.382  0.188  0.000
E       -0.026  0.266  0.106  0.135 -0.117  0.098 -0.035  0.102  0.071  0.040  0.003  0.056  0.000  0.081  0.080  0.135  0.014  0.047  0.023  0.044  0.181
F       -0.005 -0.025 -0.108 -0.105  0.003  0.121 -0.083 -0.133  0.077 -0.068  0.029 -0.068  0.000  0.183 -0.005  0.137  0.068 -0.044 -0.234 -0.130  0.097
G        0.075 -0.100  0.018  0.143  0.194 -0.065 -0.263 -0.034  0.027  0.073  0.106 -0.095  0.000  0.027  0.124 -0.020  0.090 -0.015 -0.021  0.143  0.000
H        0.058 -0.140  0.003 -0.001  0.151 -0.258  0.187  0.004  0.057 -0.046 -0.015 -0.004  0.000 -0.082 -0.050  0.064  0.001 -0.075 -0.340 -0.011 -0.189
I        0.054 -0.079 -0.053 -0.159  0.015  0.002 -0.054 -0.073  0.054 -0.001  0.108 -0.021  0.000 -0.067  0.015  0.133  0.014 -0.009  0.001  0.005 -0.207
K        0.079 -0.192  0.059  0.100  0.177  0.039  0.005  0.110  0.066  0.122  0.049 -0.007  0.000  0.042  0.095  0.029  0.071  0.066  0.103  0.069  0.060
L        0.003  0.069 -0.015 -0.090  0.041  0.100 -0.038 -0.023 -0.014 -0.015 -0.020 -0.026  0.000 -0.050  0.019 -0.067 -0.006  0.004  0.023  0.007  0.039
M       -0.022 -0.223 -0.222  0.087  0.095 -0.084 -0.222  0.121  0.067  0.031 -0.036 -0.106  0.000 -0.071 -0.006 -0.091 -0.011  0.038  0.081 -0.070 -0.164
N        0.038 -0.201  0.138  0.108 -0.056  0.035 -0.069  0.156  0.155  0.042  0.060  0.105  0.000  0.164  0.006 -0.116 -0.011 -0.104  0.046 -0.088 -0.212
P        0.200  0.000  0.012  0.076  0.000  0.037  0.000 -0.186  0.188  0.041  0.000 -0.433  0.000  0.007 -0.284  0.016 -0.024 -0.109  0.000  0.000  0.000
Q        0.071  0.227  0.096  0.145  0.046  0.070  0.036  0.135  0.107  0.069  0.026  0.018  0.000  0.073 -0.017  0.011  0.017  0.105  0.057  0.005  0.555
R        0.054  0.344  0.006  0.105  0.081  0.118 -0.066  0.134  0.120  0.102  0.017 -0.015  0.000  0.096  0.032  0.020  0.033  0.085  0.060  0.135 -0.178
S        0.084  0.191  0.109  0.134  0.137 -0.026  0.166  0.011  0.143  0.011  0.018  0.038  0.000  0.061  0.070  0.124 -0.034  0.122  0.073  0.212  0.000
T        0.137 -0.153  0.052  0.091 -0.029 -0.091  0.434  0.083  0.083  0.183  0.151  0.097  0.000 -0.104  0.104  0.066  0.088  0.080 -0.058  0.036  0.004
V        0.036  0.034 -0.053 -0.084  0.055 -0.031  0.183  0.006 -0.012  0.090  0.051  0.056  0.000 -0.004  0.088  0.142  0.163  0.186  0.060  0.046  0.288
W       -0.004 -0.104  0.065 -0.221  0.214 -0.159 -0.190  0.007 -0.091 -0.022  0.022 -0.103  0.000 -0.186 -0.205  0.136 -0.010 -0.157  0.059 -0.237  0.000
Y        0.013 -0.066 -0.108 -0.061  0.007  0.042 -0.035 -0.039 -0.073 -0.034  0.055  0.007  0.000  0.020  0.063  0.011 -0.020 -0.065  0.007  0.003  0.000
X        0.168  0.000 -0.096  0.023 -0.313  0.275  0.000  0.147 -0.028 -0.303 -0.062  0.237  0.000  0.155  0.214 -0.032 -0.369  0.000  0.449  0.000 -0.269
