i-1/i     A      C      D      E      F      G      H      I      K      L      M      N      P      Q      R      S      T      V      W      Y      X
A        0.011  0.117 -0.023 -0.026  0.006  0.004 -0.081 -0.001  0.065  0.036  0.069 -0.033  0.000  0.011  0.143  0.000  0.049 -0.007  0.023  0.041  0.047
C        0.032  0.246 -0.154  0.166  0.006  0.083  0.000 -0.019 -0.122  0.050  0.016  0.249  0.000 -0.106  0.031  0.029 -0.037 -0.016  0.018  0.181  0.000
D        0.232  0.054  0.180  0.326  0.099  0.289  0.231  0.107  0.122  0.076  0.186  0.116  0.000  0.179  0.070  0.080  0.155  0.139 -0.070  0.157 -0.134
E        0.103 -0.029  0.119  0.263  0.011  0.072  0.038  0.085  0.160  0.069  0.175  0.067  0.000  0.168  0.109  0.102  0.187  0.121  0.146  0.119  0.007
F       -0.073 -0.120 -0.120 -0.123 -0.135 -0.054 -0.208 -0.073 -0.123 -0.129 -0.191 -0.021  0.000 -0.023 -0.093 -0.101 -0.003 -0.197 -0.087 -0.227 -0.155
G        0.250 -0.509  0.251  0.374  0.311  0.154  0.487  0.203  0.286  0.227  0.307  0.098  0.000  0.274  0.182  0.093  0.065  0.221  0.355  0.152 -0.058
H        0.138  0.053  0.087  0.161  0.031  0.181  0.350  0.162  0.072  0.044  0.135  0.022  0.000  0.232 -0.052 -0.061  0.110  0.224  0.220  0.206 -0.244
I       -0.185 -0.050 -0.170 -0.270 -0.235 -0.115 -0.307 -0.160 -0.262 -0.212 -0.254 -0.199  0.000 -0.202 -0.169 -0.106 -0.117 -0.173 -0.157 -0.244  0.325
K        0.101  0.220  0.077  0.033  0.173  0.022 -0.059  0.022  0.123  0.059  0.090  0.074  0.000  0.069  0.073 -0.050  0.011  0.058  0.006  0.091  0.313
L       -0.126 -0.026 -0.138 -0.221 -0.170 -0.123 -0.140 -0.180 -0.159 -0.164 -0.162 -0.148  0.000 -0.153 -0.187 -0.117 -0.040 -0.202 -0.045 -0.175 -0.140
M       -0.119 -0.049  0.033 -0.136  0.027 -0.115 -0.311 -0.116 -0.100 -0.072 -0.066 -0.021  0.000 -0.257 -0.138 -0.031 -0.036  0.019  0.085  0.080 -0.127
N        0.200  0.156  0.217  0.186  0.175  0.058  0.189  0.148  0.151  0.141  0.188  0.199  0.000  0.196  0.183  0.213  0.003  0.365  0.032  0.311 -0.077
P        0.015  0.071 -0.048  0.003  0.063  0.032 -0.102  0.081  0.175  0.060 -0.053  0.078  0.000  0.108  0.161 -0.113  0.006  0.034  0.246  0.190  0.093
Q        0.043  0.121  0.140  0.094  0.207  0.116  0.022  0.052  0.114  0.087  0.053  0.068  0.000  0.037  0.049  0.123  0.023  0.054  0.143  0.171 -0.202
R        0.098  0.096 -0.015 -0.002  0.147 -0.018  0.010 -0.017  0.056  0.032  0.088 -0.035  0.000  0.057  0.079  0.093 -0.010 -0.038  0.006  0.094  0.128
S        0.250 -0.002  0.211  0.278  0.243  0.022  0.205  0.146  0.203  0.241  0.142  0.201  0.000  0.168  0.164  0.122  0.073  0.132 -0.037  0.245  0.095
T        0.184 -0.093  0.137  0.176  0.007  0.055  0.227  0.262  0.192  0.185  0.122  0.118  0.000  0.219  0.161  0.202  0.144  0.227  0.102  0.087  0.035
V       -0.169 -0.180 -0.229 -0.235 -0.231 -0.099 -0.361 -0.109 -0.231 -0.158 -0.168 -0.159  0.000 -0.181 -0.205 -0.124 -0.084 -0.110 -0.112 -0.292  0.074
W       -0.051  0.000  0.048 -0.174 -0.086  0.143 -0.204 -0.102 -0.062  0.036  0.179  0.025  0.000 -0.072 -0.177  0.048 -0.026 -0.226  0.038 -0.110  0.000
Y       -0.139 -0.190 -0.001 -0.209 -0.074 -0.052 -0.151 -0.074 -0.092 -0.049 -0.202  0.105  0.000  0.131 -0.027  0.023 -0.043 -0.154 -0.349 -0.063 -0.374
X        0.040  0.000 -0.322 -0.004 -0.033 -0.021  0.164 -0.168  0.251 -0.137  0.074 -0.092  0.000 -0.157  0.066  0.091 -0.144 -0.372  0.546 -0.309 -0.289
