i-1/i     A      C      D      E      F      G      H      I      K      L      M      N      P      Q      R      S      T      V      W      Y      X
A        0.016 -0.001 -0.060  0.037 -0.017 -0.003  0.105  0.018  0.083 -0.011 -0.009 -0.116  0.000  0.003  0.046 -0.064 -0.104  0.020  0.001 -0.019  0.010
C        0.109 -0.477  0.072  0.091  0.401 -0.012  0.008  0.238  0.421  0.201  0.389  0.217  0.000  0.145  0.246 -0.013  0.284  0.147 -0.302 -0.016  0.000
D       -0.078  0.021  0.056 -0.141 -0.332 -0.065  0.020 -0.225 -0.028 -0.161 -0.124  0.093  0.000 -0.117 -0.069  0.207  0.337 -0.253  0.074 -0.165 -0.042
E       -0.078 -0.135  0.042 -0.016 -0.189  0.003 -0.210 -0.126 -0.072 -0.035 -0.070 -0.020  0.000 -0.068 -0.113  0.005  0.148 -0.223 -0.108 -0.037 -0.006
F        0.077 -0.172  0.112  0.222  0.326  0.052  0.059  0.094  0.183  0.163  0.123  0.001  0.000  0.232  0.248  0.067 -0.008  0.104  0.123  0.235  0.331
G       -0.025 -0.124 -0.120 -0.020  0.090  0.003 -0.212 -0.060 -0.078 -0.016 -0.036 -0.056  0.000 -0.008  0.088 -0.113 -0.182 -0.084 -0.122 -0.130 -0.096
H        0.089  0.080 -0.166  0.025 -0.005 -0.117 -0.211  0.152  0.023 -0.103 -0.033  0.096  0.000 -0.076  0.062  0.118 -0.002  0.132  0.109  0.002 -0.168
I        0.123  0.081  0.074  0.213  0.128  0.073  0.110  0.070  0.200  0.063  0.056  0.011  0.000  0.136  0.110  0.002  0.064  0.132 -0.191  0.182  0.041
K       -0.069  0.018 -0.088 -0.100 -0.064 -0.021 -0.088 -0.115 -0.088 -0.063 -0.067  0.052  0.000 -0.093 -0.110  0.001 -0.103 -0.217 -0.134 -0.202 -0.066
L        0.176  0.156  0.096  0.194  0.066  0.034 -0.060  0.071  0.186  0.113  0.139  0.075  0.000  0.190  0.166  0.137  0.049  0.121  0.058  0.107 -0.041
M        0.073 -0.063 -0.090  0.159  0.077  0.089 -0.001  0.162  0.115  0.094  0.099  0.011  0.000  0.083  0.053  0.027 -0.054  0.248  0.080  0.065  0.083
N       -0.037  0.007 -0.027 -0.079 -0.030 -0.105  0.045 -0.083 -0.135 -0.101 -0.105 -0.047  0.000 -0.131 -0.170 -0.158 -0.054 -0.127 -0.015 -0.165 -0.368
P       -0.407 -0.461  0.114 -0.358 -0.388 -0.124  0.000 -0.208 -0.216 -0.457  0.000  0.000  0.000  0.000 -0.386 -0.250  0.000  0.000  0.000 -0.416 -0.210
Q       -0.101  0.380 -0.044 -0.007 -0.174  0.039  0.007 -0.048 -0.035 -0.050 -0.084  0.054  0.000 -0.018 -0.063  0.067  0.112 -0.074 -0.054 -0.070  0.506
R       -0.043 -0.133 -0.055 -0.069 -0.013  0.019 -0.262 -0.032 -0.028 -0.089  0.010  0.016  0.000  0.034 -0.081 -0.043 -0.141 -0.094  0.001 -0.037  0.038
S       -0.045  0.188 -0.041 -0.034 -0.104  0.040 -0.129 -0.000 -0.049 -0.018 -0.073  0.008  0.000  0.002 -0.038  0.069 -0.155 -0.043 -0.031  0.011 -0.009
T        0.079 -0.179 -0.019  0.055  0.165 -0.067  0.083  0.102  0.079  0.059  0.036 -0.039  0.000 -0.081  0.090  0.079  0.001  0.275  0.219  0.057 -0.414
V        0.121  0.088  0.053  0.220  0.208  0.104  0.211  0.198  0.103  0.118  0.161 -0.002  0.000  0.077  0.132 -0.004  0.007  0.119  0.149  0.108  0.141
W        0.034  0.000  0.171  0.381 -0.093  0.147  0.340 -0.214 -0.042 -0.016  0.112  0.091  0.000  0.119 -0.035  0.116 -0.256 -0.054  0.137  0.036 -0.123
Y       -0.034 -0.015 -0.013  0.080  0.139 -0.016  0.190  0.073  0.182  0.054  0.099 -0.008  0.000 -0.074  0.081 -0.126 -0.023  0.014 -0.097  0.146  0.032
X        0.171  0.000  0.314  0.047 -0.183  0.386 -0.022  0.202  0.096  0.171  0.040  0.204  0.000  0.375  0.252  0.167  0.234  0.547 -0.376 -0.101 -0.168
