i-1/i     A      C      D      E      F      G      H      I      K      L      M      N      P      Q      R      S      T      V      W      Y      X
A       -0.100 -0.005 -0.015 -0.262 -0.009 -0.052 -0.110  0.001 -0.154 -0.055 -0.103 -0.119  0.000 -0.099 -0.129 -0.161 -0.055 -0.058 -0.026  0.033 -0.066
C       -0.132  0.000 -0.484  0.229 -0.258 -0.255  0.322  0.059  0.204  0.129 -0.283 -0.262  0.000 -0.098 -0.025  0.101 -0.339 -0.147 -0.256  0.080  0.000
D       -0.181 -0.126 -0.184 -0.319 -0.152 -0.186 -0.175 -0.089 -0.104 -0.158  0.119 -0.001  0.000 -0.071 -0.091 -0.140 -0.079 -0.276 -0.051 -0.159 -0.171
E       -0.187 -0.148 -0.065 -0.274 -0.125 -0.193 -0.144 -0.103 -0.114 -0.132 -0.206 -0.033  0.000 -0.132 -0.077 -0.108  0.048 -0.184 -0.143 -0.063 -0.235
F        0.283 -0.306 -0.061 -0.102  0.146 -0.060 -0.079 -0.030  0.089 -0.029 -0.118 -0.213  0.000  0.138  0.003 -0.119 -0.041 -0.015  0.524  0.159 -0.036
G       -0.090 -0.311 -0.065 -0.304 -0.012 -0.130 -0.207 -0.225 -0.170 -0.144 -0.174 -0.161  0.000 -0.063 -0.118 -0.168 -0.089 -0.244  0.153 -0.053  0.081
H       -0.047  0.000  0.066 -0.222  0.109 -0.323 -0.065 -0.171 -0.030 -0.118 -0.111 -0.404  0.000 -0.153 -0.106 -0.108 -0.147 -0.142  0.183  0.142  0.000
I        0.270  0.224  0.087  0.144  0.111  0.058  0.105  0.162  0.257  0.243  0.252  0.203  0.000  0.321  0.274  0.095  0.266  0.333  0.250 -0.014  0.110
K       -0.195 -0.107  0.276 -0.112 -0.136 -0.318 -0.179 -0.008 -0.227 -0.095 -0.046 -0.028  0.000 -0.109 -0.201 -0.095  0.076 -0.181 -0.039 -0.056 -0.209
L        0.150  0.259  0.015 -0.055  0.216  0.084  0.075  0.210  0.191  0.185  0.141  0.093  0.000  0.131  0.103 -0.040  0.113  0.233  0.274  0.199  0.178
M        0.131  0.341 -0.017 -0.013  0.065 -0.068  0.009  0.209  0.061  0.222  0.065  0.070  0.000  0.237  0.016 -0.030 -0.058  0.236  0.339  0.192 -0.171
N       -0.120 -0.357 -0.097 -0.192 -0.012 -0.177  0.090 -0.281 -0.108 -0.175 -0.168 -0.116  0.000 -0.137 -0.130 -0.207 -0.025 -0.174 -0.061 -0.030 -0.140
P       -0.125 -0.128 -0.208 -0.302 -0.122 -0.180 -0.097 -0.364 -0.148 -0.233 -0.260 -0.110  0.000 -0.162 -0.184 -0.170 -0.111 -0.285 -0.274 -0.126 -0.331
Q       -0.120 -0.083  0.317 -0.137 -0.095 -0.139 -0.106 -0.111 -0.104 -0.126 -0.098  0.052  0.000 -0.132 -0.107 -0.096 -0.033 -0.062 -0.056 -0.104 -0.364
R       -0.145 -0.100  0.138  0.046 -0.112 -0.192 -0.253 -0.066 -0.138 -0.037 -0.032  0.084  0.000 -0.099 -0.169 -0.126  0.020 -0.074 -0.064  0.008 -0.285
S       -0.094 -0.152 -0.208 -0.257 -0.033 -0.195 -0.149 -0.053 -0.146 -0.178 -0.119 -0.138  0.000 -0.103 -0.044 -0.181 -0.005 -0.157 -0.094 -0.128 -0.079
T        0.003  0.124  0.049 -0.089  0.006 -0.156 -0.027  0.001  0.016  0.029 -0.013 -0.059  0.000  0.020  0.040 -0.113  0.042  0.066 -0.018 -0.110 -0.283
V        0.161  0.111 -0.136  0.102  0.022 -0.186  0.180  0.161  0.229  0.205  0.121  0.062  0.000  0.200  0.142  0.050  0.121  0.415  0.167  0.116  0.000
W        0.152 -0.214 -0.288 -0.205  0.135 -0.127 -0.236  0.053 -0.025  0.053  0.219 -0.306  0.000 -0.108 -0.076 -0.124 -0.089  0.212  0.088  0.211 -0.513
Y        0.260 -0.143  0.051 -0.070  0.112 -0.280 -0.149 -0.085 -0.014 -0.041  0.143 -0.093  0.000 -0.035 -0.047  0.141 -0.087  0.044  0.051  0.096  0.000
X       -0.058  0.000  0.000  0.132  0.312  0.000  0.277 -0.107 -0.050  0.080  0.244  0.000  0.000  0.000 -0.053  0.000  0.085 -0.017  0.000  0.228  0.174
