i-1/i     A      C      D      E      F      G      H      I      K      L      M      N      P      Q      R      S      T      V      W      Y      X
A       -0.056 -0.131 -0.095 -0.072 -0.018 -0.072 -0.020 -0.073 -0.011 -0.056 -0.017 -0.054  0.000 -0.046 -0.082 -0.031 -0.085 -0.073 -0.032 -0.063  0.042
C        0.004 -0.001 -0.088 -0.038  0.060  0.356  0.204  0.113  0.098  0.124  0.160  0.029  0.000  0.225 -0.016 -0.033  0.236 -0.121  0.000  0.362  0.000
D       -0.048  0.074 -0.095 -0.035  0.022 -0.053 -0.186 -0.086 -0.052 -0.175 -0.142 -0.073  0.000 -0.005 -0.070  0.066 -0.037 -0.135  0.028 -0.039 -0.229
E       -0.047 -0.109 -0.120 -0.132 -0.007 -0.080 -0.173 -0.109 -0.113 -0.039 -0.063 -0.096  0.000 -0.174 -0.165 -0.077 -0.016 -0.096  0.047 -0.096 -0.188
F        0.219  0.067  0.193  0.263  0.171  0.135  0.002  0.230  0.247  0.226  0.215  0.187  0.000  0.106  0.210  0.215  0.212  0.298  0.043  0.109  0.072
G        0.030 -0.043 -0.082 -0.038 -0.016  0.046  0.168  0.031  0.016 -0.002  0.040 -0.032  0.000 -0.083 -0.072 -0.058 -0.046 -0.034 -0.091  0.012  0.008
H        0.111  0.517  0.101 -0.060 -0.210  0.283  0.039  0.009 -0.112  0.124  0.008 -0.030  0.000 -0.012  0.245  0.116  0.101 -0.087 -0.302  0.100  0.199
I        0.051 -0.054  0.003  0.008  0.068  0.023  0.077  0.069  0.043  0.018  0.024  0.010  0.000  0.019  0.043 -0.056  0.032  0.000  0.084  0.150 -0.108
K       -0.132 -0.097 -0.133 -0.156 -0.139 -0.196 -0.121 -0.101 -0.156 -0.086 -0.139 -0.092  0.000 -0.154 -0.170 -0.113 -0.137 -0.125 -0.210 -0.189 -0.055
L        0.038 -0.028  0.104 -0.036  0.056 -0.088  0.073  0.034  0.094  0.007  0.083  0.092  0.000  0.060  0.047 -0.020  0.017  0.036  0.116  0.059  0.137
M        0.009 -0.096  0.070  0.073  0.043  0.084  0.078  0.041  0.010  0.020  0.106 -0.058  0.000  0.013  0.002  0.019  0.043  0.026 -0.012  0.006  0.000
N       -0.039  0.211  0.001  0.074 -0.090 -0.003  0.024  0.163 -0.025  0.078 -0.016  0.096  0.000  0.131  0.030 -0.043  0.070  0.057  0.011  0.042 -0.080
P        0.108 -0.251  0.103  0.406 -0.310  0.220  0.105 -0.414  0.063 -0.080 -0.463  0.121  0.000  0.197  0.243  0.099 -0.144 -0.248 -0.262 -0.275 -0.204
Q       -0.072  0.002 -0.027 -0.083 -0.010 -0.040 -0.088 -0.011 -0.051 -0.012  0.012 -0.036  0.000 -0.038 -0.083 -0.025  0.025 -0.046  0.062 -0.022 -0.185
R       -0.075 -0.136 -0.026 -0.074 -0.064 -0.097 -0.180 -0.021 -0.135  0.013  0.011 -0.032  0.000 -0.084 -0.017 -0.128 -0.135 -0.012 -0.108 -0.009 -0.138
S        0.021  0.045  0.106  0.004  0.121  0.096  0.118  0.047  0.003 -0.053 -0.056 -0.064  0.000  0.035  0.061  0.065  0.095  0.050  0.206  0.057  0.119
T        0.097 -0.100  0.109  0.268  0.156  0.023  0.027  0.059  0.170  0.040  0.090  0.158  0.000  0.211  0.179  0.045 -0.025  0.157 -0.177  0.091 -0.177
V        0.013 -0.130 -0.025 -0.031 -0.127  0.032 -0.048  0.024 -0.009 -0.001 -0.058 -0.156  0.000 -0.005  0.012 -0.042 -0.024  0.028  0.078 -0.005 -0.126
W        0.211  0.518  0.111  0.307  0.416  0.043  0.000  0.396  0.171  0.383  0.411  0.117  0.000  0.175  0.192  0.253  0.219  0.369  0.152  0.207 -0.169
Y        0.208  0.233  0.087  0.170  0.078  0.076  0.153  0.155  0.155  0.186  0.154  0.130  0.000  0.191  0.045  0.102  0.051  0.135  0.120  0.197 -0.100
X        0.121  0.000 -0.007  0.223  0.034  0.472 -0.012  0.071  0.133  0.147 -0.022  0.176  0.000  0.045  0.199  0.189  0.083  0.494 -0.340 -0.275  0.297
