i-1/i     A      C      D      E      F      G      H      I      K      L      M      N      P      Q      R      S      T      V      W      Y      X
A        0.116 -0.205 -0.108 -0.297 -0.148 -0.128 -0.440  0.505 -0.137  0.012  0.704  0.150  2.704 -0.047 -0.133  0.213 -0.165  0.061 -0.600 -0.594 -1.887
C        0.252  0.000  1.056  0.484  0.383 -1.944 -0.911 -0.149  1.471  0.293  1.838  1.076  0.000  1.011  1.014 -1.011 -0.044  0.524  0.133 -0.258  0.000
D       -0.034 -1.794  0.144 -0.224 -0.503  0.772 -0.386 -0.190  0.312 -0.210 -0.644 -0.546  0.000  0.736  0.374 -0.539 -0.856 -1.236 -1.233 -1.043  0.000
E       -0.181  0.695  0.040 -0.231 -1.012  0.231 -0.700  0.103  0.366  0.018  0.101  0.073  0.000  0.706  0.552  0.031 -0.476 -0.085 -0.503 -0.463  1.160
F        0.727 -0.783 -0.218  0.120 -0.602  1.386 -0.039  0.508  0.064  0.542 -0.031 -0.057  0.000  0.329 -0.021  0.282 -0.074  0.407 -0.141  0.173 -0.105
G        0.010  0.260 -0.481 -0.098  0.559 -0.313 -0.055  0.799 -0.622 -0.433 -1.044 -0.342  0.000 -0.552 -0.211 -0.348 -0.676  0.255  0.076 -0.814  0.000
H       -0.213 -0.626 -0.222  0.198 -0.144  0.667 -0.039  0.484 -0.318  0.134  0.110 -0.224  0.000 -0.003 -0.563 -0.007  1.446 -0.234 -0.319  0.445 -2.176
I        0.318  0.635  0.726  0.559  0.835  0.283  0.296  0.237  0.341  0.820  0.748  0.208  0.000  0.720  0.490  0.415  0.521  0.847  0.197  0.664  0.877
K       -0.473  1.128  0.088 -0.130  0.349 -0.123 -0.123 -0.001 -0.204 -0.002 -0.472 -0.097  0.000 -0.448  0.108 -0.338  0.304  0.468 -0.111 -0.012  0.860
L        0.601  0.969  0.657  0.760  0.635  0.277  0.701  0.414  0.428  0.639  0.899  0.281 -1.131  0.809  0.445  0.401  0.418  0.570 -0.080  0.319 -0.458
M        0.451 -0.851  0.082  0.447  1.062 -0.009  1.320  0.462  0.280  0.747 -0.041  0.135  0.000  0.537  0.259  0.013  0.236  0.650  0.484 -0.060  0.257
N       -0.065 -0.883 -0.268  0.423 -0.263  0.154 -0.193  0.156  0.492  0.161  1.139  0.390  0.000  0.147 -0.109 -0.476  0.435  0.050 -0.950 -0.951  0.000
P        1.101  0.000 -1.089 -1.989  0.000  0.765  0.000 -1.564  0.956 -0.556  0.000  0.000  0.000 -0.829 -2.313  0.466 -2.258  0.337  0.000  0.000  0.000
Q       -0.155 -0.223 -0.318  0.489 -0.498 -0.239  0.275 -0.497  0.148  0.251  0.254 -0.134  0.000 -0.343 -0.001 -0.177  0.077  0.644  0.437  0.435 -1.056
R       -0.235  0.770  0.116  0.077 -0.734 -0.442  0.753  0.329 -0.117  0.120 -0.088  0.059  0.000 -0.453 -0.186  0.199  0.434  0.089  0.495  0.026  0.025
S       -0.156  0.163 -0.280 -0.597 -0.005 -0.805 -0.375  0.138 -0.002 -0.134 -0.496 -0.111  0.000 -0.083 -0.279 -0.329 -0.270 -0.201  0.601  0.409  0.000
T       -0.004 -1.786 -0.245 -0.108 -0.214 -0.502 -0.220 -0.079 -0.222 -0.178  0.545 -0.403  0.000 -0.901 -0.102 -0.188  0.294  0.560 -0.454 -0.431  1.371
V        0.137  1.051  0.439  0.675  1.005  0.497  0.467  0.485  0.326  0.691  0.130  0.714  0.000  0.469  0.042  0.321  0.756  0.477  0.705  0.563  0.074
W        0.627 -1.808  0.902  0.106  0.568 -1.266  0.719  0.141  0.205  0.155  0.485  0.707  0.000  0.028  0.201  0.093  0.827  0.236 -1.305 -0.423  0.000
Y        0.520  0.371  0.123  0.648 -0.313  0.732 -0.183  0.031  0.005  0.203  0.873  0.666  0.000  0.070  0.878  0.522  0.676  0.532 -0.817 -0.347  0.498
X        0.526  0.000  0.376  0.320  1.323  0.709  0.000  0.231 -0.028  0.216  0.000  0.000  0.000  0.275  1.683 -1.465 -2.111  0.804  0.000  1.195 -0.402
