i-1/i     A      C      D      E      F      G      H      I      K      L      M      N      P      Q      R      S      T      V      W      Y      X
A       -0.079 -0.155 -0.075  0.134  0.038 -0.283 -0.373  0.038 -0.114  0.078  0.076  0.033  0.000  0.075  0.185 -0.104  0.128  0.361  0.263  0.020 -0.942
C        0.222  0.018 -0.229  0.394  0.565 -0.366  0.000  0.193  0.190  0.778  0.915 -0.100  0.000 -1.389 -0.248  0.143  1.078 -0.253  1.325  0.435  0.000
D       -0.261  0.373  0.315  0.050 -0.517  0.232 -0.014  0.409  0.390  0.154  0.566 -0.791  0.000  0.557  0.378 -0.381  0.155  0.280 -0.520 -0.119  0.357
E       -0.063 -0.390 -0.289 -0.048 -0.339 -0.390 -0.863  0.200  0.178 -0.007  0.294 -0.117  0.000  0.054 -0.138 -0.018  0.180  0.045  0.025 -0.135 -0.264
F        0.200 -1.177  0.460  0.326  0.283 -0.155 -0.974  0.409  0.075  0.060  0.553  0.099  0.000  0.159 -0.457 -0.002  1.055 -0.008  0.964 -0.498  0.000
G       -0.009  1.485  0.362  0.089  0.349 -0.682  2.097 -0.219  0.100  0.134 -0.176  0.254  0.000  0.061 -0.137  0.012 -0.456  0.644 -0.201  0.885 -0.358
H       -0.543 -1.277 -0.118 -0.389  0.364  0.667  0.732 -0.064 -0.302 -0.546 -0.789 -0.178  0.000 -1.207 -0.733 -0.345  0.282 -0.045 -0.704  0.276  0.497
I        0.395 -0.473  0.290  0.138  0.247  0.451 -0.422  0.368  0.349  0.270  0.010  0.286  0.000  0.187  0.324  0.669  0.603  0.537 -0.485  0.284  0.301
K        0.148 -1.263 -0.601 -0.310  0.032 -0.377  0.045  0.065 -0.084  0.058 -0.350 -0.096  4.281 -0.184 -0.529 -0.654 -0.327  0.097 -0.282 -0.076 -0.683
L        0.272  0.921  0.457  0.220  0.647  0.035  0.449  0.451  0.033  0.335  0.765  0.220 -6.490  0.180  0.100  0.059  0.896  0.356  0.780  0.341  0.282
M        0.187 -0.402  0.979  0.264  0.861 -0.572 -1.618 -0.004 -0.210  0.249  0.011  0.761  0.000 -0.577 -0.229 -0.289  0.095  0.154  0.045  1.051 -0.152
N       -0.062 -0.449  0.009 -0.258 -0.013 -0.515  0.454 -0.455  0.306 -0.020  0.305 -0.013  0.000  0.202  0.327  0.383 -1.050  0.749 -0.005  0.119  0.535
P        0.591  1.532  1.066  0.973 -1.533  0.201 -0.954 -0.288  1.015  0.637  0.044  0.483  0.000  1.774  0.673 -0.156  0.677 -0.170  1.183  0.258  0.000
Q       -0.386  0.405 -0.441 -0.155 -0.111 -0.463 -0.078 -0.185 -0.119  0.023 -0.399 -0.278  5.337 -0.108 -0.336 -0.190  0.009 -0.219  0.005 -0.248 -1.357
R       -0.215 -0.814 -0.571 -0.095 -0.307  0.008  0.324 -0.002 -0.113 -0.081 -0.160  0.139  0.000 -0.257  0.189 -0.304 -0.088 -0.228 -0.886 -0.197 -0.267
S       -0.096 -0.732  0.420 -0.295 -0.814 -0.569  0.227 -0.393 -0.234 -0.289 -0.570  0.281  0.000 -0.025  0.254 -0.294 -0.505 -0.047 -0.327  0.184  0.391
T       -0.524  0.058 -0.315 -0.147 -0.954 -0.622 -0.154 -0.174 -0.189 -0.692 -1.040  0.066  0.000 -0.251 -0.235 -0.101 -0.477  0.216 -0.899 -0.344 -0.107
V        0.127  0.279 -0.112  0.148  0.930  0.164  0.010  0.545 -0.213  0.188 -0.090  0.024  0.000  0.092 -0.176 -0.138 -0.352  0.282  0.155  0.128  1.056
W        0.151  0.000  0.620 -0.173  0.526 -0.385  0.476  0.286  0.179  0.712  0.238  0.524  0.000 -0.069  0.302  0.885 -0.500  0.129 -0.333  0.286  0.000
Y       -0.336 -0.246  0.173 -0.247  0.240 -0.530 -0.081 -0.052 -0.395  0.006  1.454  0.326  0.000  1.085 -0.050  0.197 -0.588 -0.536  0.099  0.101  0.000
X        0.217  0.000 -0.498 -0.290 -0.111  1.974  0.283 -0.201  1.223  1.379  0.575  0.327  0.000  0.601  1.270  1.389  0.456  0.267  0.000  0.208 -0.214
