i-1/i     A      C      D      E      F      G      H      I      K      L      M      N      P      Q      R      S      T      V      W      Y      X
A        0.465  0.818  0.567  0.412  0.354  0.484  1.268  0.455  0.507  0.593  0.507  0.590  0.000  0.614  0.496  0.024  0.408  0.603  0.066  0.622  0.314
C        0.456  1.863  0.715  1.192  1.112  0.372 -1.155 -0.027  1.597  0.984  1.322  0.323  0.000  0.763  1.090 -0.547  1.291  0.741 -0.866 -0.015  2.453
D       -0.335 -0.107 -0.242 -0.453  0.078 -0.686 -0.131 -0.191 -0.143  0.034  0.707 -0.200  0.000 -0.188 -0.424  0.357  0.706 -0.195 -0.393 -0.361  0.544
E       -0.220 -0.579  0.149 -0.020  0.315 -0.250 -0.824  0.225  0.034  0.214  0.398 -0.293  0.000  0.017 -0.550 -0.142  0.128 -0.225 -0.174  0.294 -1.113
F        0.489  0.092  0.382  0.103  0.619 -0.073 -0.647  0.174  0.334  0.750  0.373  0.094  0.000  0.358  0.571 -0.041 -0.184  0.412  0.227  0.030  1.469
G        0.679 -0.506  0.384  0.850  1.154  0.294  0.354  0.456  1.203  0.660  0.801  0.119  0.000  0.724  0.781  0.156 -0.416  0.581  0.630  0.777 -1.767
H        0.901  1.239 -0.309 -0.064  1.806  0.082 -0.100  1.263  0.053  0.127 -0.009  0.610  0.000  0.399  0.847  1.555  0.267  0.523  0.462  0.263  1.326
I       -0.449 -1.056 -0.002 -0.506 -0.716 -0.472  0.233 -0.441 -0.485 -0.601 -0.930 -0.536  0.000 -0.526 -0.355 -0.531 -0.924 -0.358 -0.416 -0.629  1.196
K       -0.016 -0.684 -0.027 -0.099  0.206 -0.038  0.523  0.011 -0.208  0.592 -0.174  0.309  0.000  0.332  0.322  0.012  0.679  0.252  0.573 -0.005  2.347
L       -0.025 -0.026  0.067 -0.251 -0.281 -0.462 -0.372 -0.438 -0.255 -0.135 -0.209 -0.068  6.115 -0.213  0.024 -0.344 -0.295 -0.104 -0.734 -0.444  0.000
M       -0.183 -0.421 -0.189 -0.345  0.179  0.486 -0.455  0.069  0.098  0.303  0.349  0.243  0.000 -0.362  0.044  0.183  1.091  0.448 -0.598  0.000 -2.048
N        0.333  0.770 -0.187 -0.143  0.356  0.840  0.709  0.160  0.149  0.358  0.016 -0.348  0.000  0.321  0.126 -0.474  0.317  0.573  0.173  0.016 -1.800
P       -1.182 -2.780 -1.185 -1.755  0.000 -0.260 -1.901 -2.311  0.000 -1.641  0.000  0.000  0.000 -1.667 -2.275 -1.450 -0.239  0.000  0.000  0.000  0.000
Q       -0.096  0.343 -0.161  0.362 -0.086 -0.184 -0.024  0.906  0.352  0.612  0.552  0.358  0.000  0.353  0.254  0.394  0.580  0.371 -0.192  0.068  0.489
R        0.167  0.733  0.154  0.321 -0.127  0.002 -0.225  0.109  0.137  0.267  0.702  0.150  0.000  0.122  0.261  0.019  0.423  0.477 -0.387  0.583 -0.302
S        0.973  1.364  0.960  0.862  1.375  1.261  0.874  1.631  1.042  1.126  1.962  0.594  0.000  0.973  1.102  0.677  0.594  1.370  1.676  0.979  1.238
T        1.397  0.000  0.342  1.216  1.819  0.257  0.525  1.672  1.690  1.630  1.396  0.626  0.000  1.246  1.840  0.286  0.821  0.000  1.904  1.797  1.263
V       -0.500 -0.199 -0.136 -0.274 -0.005 -0.522 -0.092  0.306 -0.664 -0.363 -0.412 -0.300  0.000 -0.737 -0.249 -0.571 -0.581 -0.186 -0.307 -0.716 -0.408
W        0.287  0.000 -0.048  0.357 -0.414  0.149 -0.661 -0.333  0.134  0.517  0.612 -0.038  0.000  0.493 -0.458 -0.713 -0.271  0.814 -0.194 -1.006 -0.310
Y        0.136 -0.961 -0.318 -0.094  0.141  0.122  0.688  0.921  0.458  0.504  0.153  0.730  0.000 -0.005  0.018  0.064 -0.668  0.438  0.239  0.644  1.015
X        0.048  0.000  0.171  1.039  0.000  1.689 -0.636  1.831  0.896  1.358  0.106  0.250  0.000  1.340 -0.818  1.450 -2.401  0.687  0.000  0.763 -0.098
