i-1/i     A      C      D      E      F      G      H      I      K      L      M      N      P      Q      R      S      T      V      W      Y      X
A       -0.286 -0.106  0.280 -0.088 -0.028 -0.019 -0.292 -0.280  0.032 -0.093 -0.058 -0.016  0.000 -0.186 -0.172 -0.343  0.630 -0.210 -0.195  0.263 -0.898
C        0.110  0.000 -0.586 -0.133 -2.273 -2.426  0.329  0.017  0.134 -0.163  0.588  0.201  0.000 -0.613 -0.755  0.578 -0.839 -0.210 -0.779 -0.369  0.000
D       -0.162 -0.460 -0.011 -0.237  0.062 -0.235 -1.111  0.041 -0.188  0.089  0.214 -0.165  0.000 -0.292 -0.390 -0.242  0.040 -0.103 -0.229  0.446 -0.778
E       -0.195 -0.312  0.198 -0.298  0.431 -0.777 -0.507  0.380 -0.355  0.109 -0.126  0.105  0.000 -0.424 -0.221 -0.320  0.475 -0.171 -0.383 -0.191 -1.174
F        0.023 -0.311  0.012  0.024  0.024 -0.177 -1.341 -0.463 -0.216  0.090 -1.162 -0.854  0.000 -0.240 -0.458  0.068 -0.780 -0.556  0.483  0.059  1.229
G       -0.254 -2.048  0.088 -0.436  0.433  0.025 -0.020 -0.497 -0.507  0.023  0.221  0.038  0.000  0.000 -0.307 -0.270  0.015 -0.398 -0.163 -0.180  0.000
H       -0.508  0.200  0.037  0.247  0.384 -1.179  0.091 -0.580 -0.653  0.119 -0.396 -0.967  0.000 -0.254 -0.546 -0.697 -1.064 -0.831  0.496 -0.014  0.000
I        0.341 -0.844  0.327 -0.152 -1.166 -0.156  0.371 -0.315 -0.366 -0.563  0.015  0.329  0.000 -0.780 -0.014 -0.044 -1.017  0.026  0.084 -1.186 -0.202
K       -0.383  0.202  0.514 -0.476 -0.061 -1.096 -0.292  0.102 -0.230 -0.054 -0.580 -0.670  0.000 -0.294 -0.540 -0.286  0.093 -0.294  0.583  0.352 -0.864
L        0.048 -0.858  0.266 -0.061 -0.626 -0.265 -0.290  0.085 -0.374 -0.791 -0.407 -0.069  0.000 -0.257 -0.340 -0.143 -0.382 -0.141  0.477 -0.438  0.362
M       -0.010  0.579 -0.439 -0.370 -0.915 -0.776  0.591  0.173 -0.732 -0.597 -0.795 -0.541  0.000  0.981 -0.185 -0.461 -0.968 -0.086 -0.318  0.152  0.000
N       -0.170 -1.294  0.098 -0.365  0.799  0.097 -0.440 -0.037  0.161 -0.008 -0.384 -0.172  0.000 -0.534 -0.260 -0.263  0.079 -0.234  1.171 -0.202  0.000
P       -0.772  1.478 -0.568 -0.734 -0.452 -1.254  0.441 -0.411 -0.584 -0.188 -0.515 -0.164  0.000 -0.356 -0.282 -0.837 -0.855  0.177 -0.360  0.720  0.814
Q       -0.182 -0.241  0.441 -0.263 -0.360 -0.284  0.299 -0.234 -0.033 -0.092 -0.057  0.409  0.000 -0.024 -0.244 -0.026  0.476 -0.012  0.697 -0.333 -2.065
R       -0.292  0.936  0.198 -0.245 -0.234 -1.160 -0.838 -0.253 -0.169 -0.363 -0.271 -0.031  0.000 -0.561 -0.311 -0.190  0.225 -0.213 -0.172  0.194  0.625
S        0.266  0.368 -0.064 -0.149  0.457 -0.523 -0.777  0.143 -0.165  0.136  0.493  0.124  0.000 -0.137 -0.123 -0.020 -0.075  0.130  0.411 -0.145 -0.138
T        0.253  0.402  0.412  0.039  0.418 -0.930 -0.491  0.194 -0.628  0.096 -0.128 -0.109  0.000 -0.339 -0.152  0.311  0.198 -0.002  0.302  0.323  0.036
V        0.084 -0.999 -0.872 -0.377 -0.817 -0.980  0.664 -0.143 -0.171 -0.569 -0.204  0.218  0.000 -0.402  0.146 -0.132  0.038  0.517 -0.003 -0.757  0.271
W       -0.218 -1.668 -1.441  1.205  0.470 -1.112  0.000 -0.353  0.026 -0.168 -0.673 -0.607  0.000 -1.316  1.444 -0.805  0.196 -0.141 -0.706  0.263  0.000
Y        0.474 -2.278 -0.627 -0.245 -0.049 -1.744 -0.082 -0.503  0.647 -0.355 -0.463  0.436  0.000 -0.622 -0.604 -0.267 -1.805 -0.333  0.556  0.772 -1.170
X        0.447  0.000  0.000  0.215  1.360  0.000  0.045  0.305  0.674 -0.429 -0.227  0.000  0.000  0.000 -0.207  0.000  1.949  0.167  0.000 -0.144 -0.557
