i-1/i     A      C      D      E      F      G      H      I      K      L      M      N      P      Q      R      S      T      V      W      Y      X
A       -1.387 -1.499 -1.536 -1.431 -1.446 -1.384 -1.390 -1.554 -1.567 -1.537 -1.318 -1.649  0.000 -1.355 -1.593 -1.774 -1.300 -1.554 -1.170 -1.133 -1.199
C       -0.175 -0.690  0.172  0.185 -0.068  0.721  0.910  0.221  1.105 -0.232  0.278  1.001  0.000  0.385 -0.155 -0.234 -0.376  0.424  0.000  0.675  0.000
D        0.583  1.188  0.027  0.653  1.281  0.775  0.019  0.776  0.524  0.495  0.930  0.462  0.000  0.320  0.645  0.660  0.729  0.760  1.055  0.641  0.795
E        0.080  0.085  0.097 -0.108  0.191  0.290 -0.371  0.076 -0.402  0.180  0.297 -0.151  0.000 -0.392 -0.373 -0.300  0.331 -0.089  0.080  0.365  0.095
F       -0.476 -0.374 -0.282 -0.537 -0.935 -0.265 -0.908 -0.374 -0.344 -0.811 -1.235 -0.199  0.000 -0.601 -1.011 -0.050 -0.505 -0.651 -1.132 -1.831 -1.073
G        2.094  1.616  1.807  1.885  2.401  1.978  0.000  2.290  1.835  1.926  0.000  0.000  0.000  0.000  1.528  2.263  1.016  1.920  1.197  1.593  1.729
H       -0.038  2.003 -0.666 -0.186 -0.208 -0.972 -0.462 -0.593 -0.468 -0.324 -0.743 -0.495  0.000  0.327 -0.170 -0.317 -0.490 -0.391 -0.426 -0.468  2.259
I        0.074 -0.555  0.465  0.046 -0.190  0.018  0.747 -0.316  0.475 -0.500 -0.834  0.522  0.000  0.420  0.280  0.256  0.661 -0.107  0.371 -0.122 -1.887
K       -0.457 -0.385 -0.305 -0.546 -0.251 -0.835 -0.938 -0.235 -0.384 -0.163 -0.294 -0.326  0.000 -0.699 -0.420 -0.274 -0.221 -0.158 -0.602 -0.658 -0.415
L       -0.677 -1.436 -0.817 -0.570 -1.152 -0.927 -0.625 -0.772 -0.539 -0.892 -0.667 -0.258  0.000 -0.528 -0.488 -0.785 -0.716 -0.786 -1.132 -1.081 -2.023
M       -0.112 -1.446 -0.132  0.233 -1.122 -0.408  0.033 -0.335 -0.049 -0.303 -0.374 -0.432  0.000  0.092 -0.146 -0.472 -0.100 -0.048  0.257 -0.405  0.569
N        0.740  1.760  0.299  1.005  1.221  0.954  0.256  0.721  0.995  1.225  0.869  0.469  0.000  1.175  1.309  1.105  0.580  1.454  0.213  1.786  1.126
P       -1.388  0.000 -1.683 -1.165 -1.572 -1.367 -1.572 -0.689 -1.438 -0.667 -1.597 -0.178  0.000 -0.542 -0.887 -1.533 -0.698 -0.718 -2.094 -1.377 -2.324
Q       -0.074  0.667  0.140 -0.101  0.480 -0.264 -0.008  0.214 -0.195  0.279  0.224  0.041  0.000 -0.296 -0.276  0.232  0.237  0.156  0.323  0.163 -0.065
R       -0.500 -0.374 -0.260 -0.516  0.163 -0.633 -0.372 -0.163 -0.543 -0.098  0.143 -0.477  0.000 -0.811 -0.408 -0.533 -0.434 -0.097 -0.348  0.617 -0.396
S        2.165  0.000  2.227  0.000  2.619  2.373  2.429  0.000  2.295  2.311  0.000  0.000  0.000  0.000  0.000  2.212  2.470  2.166  2.102  2.277  0.000
T        2.009  2.511  1.864  2.066  1.969  1.468  1.685  1.653  2.020  1.829  2.267  0.000  0.000  2.320  2.252  2.238  2.081  1.604  2.117  1.751  1.213
V       -0.014  0.081  0.423 -0.035 -0.581 -0.307 -0.613 -0.082  0.101 -0.541 -0.441 -0.323  0.000  0.025  0.102 -0.095 -0.515 -0.082 -0.315 -0.332 -1.857
W       -0.941 -0.653 -0.772 -0.873 -0.943 -1.507 -0.034 -0.141 -0.703 -0.818 -0.425 -0.962  0.000 -0.054 -0.523 -1.208 -0.971 -0.110 -1.877 -1.380  0.000
Y       -0.652 -1.048 -0.840 -0.563 -1.726 -1.011 -0.999 -0.530 -0.268 -0.921 -1.017 -0.487  0.000 -0.571 -0.650 -0.667 -0.652 -0.881 -1.170 -0.953 -2.562
X        1.056  0.000  1.397  1.178  1.479  0.000  2.120  2.419  0.888  1.688  0.901  0.333  0.000  0.008  1.648  0.314  1.719  0.000  0.000  1.868  0.382
