i-1/i     A      C      D      E      F      G      H      I      K      L      M      N      P      Q      R      S      T      V      W      Y      X
A       -0.241 -0.583  0.451  0.279  0.381  0.114 -0.290 -0.175 -0.089  0.131 -0.041  0.099  0.282 -0.111  0.257  0.305 -0.146  0.601 -0.060 -0.247  0.000
C        0.442  0.139  0.585  0.000  0.000  0.550  0.000 -1.167 -0.758  0.730  0.000  0.000  0.177  0.000  0.660  0.890  0.105 -0.533  0.000 -1.502  0.000
D       -0.449  0.000  0.362  0.096 -0.223  0.213 -0.550  0.201  0.411 -0.237  0.778  0.143  0.033 -0.128 -0.053  0.148 -0.823 -0.063  1.107  1.176 -1.075
E        0.033  0.000  0.016 -0.170  0.235  0.012  0.036  0.287 -0.046  0.140  0.591  0.286  0.164  0.059 -0.492 -0.334  0.290  0.324 -0.749  0.070  0.553
F        0.038  0.000  0.120 -0.564 -0.002 -0.318  0.516 -1.009  0.234 -0.285 -0.060  0.465 -0.101 -0.063  0.194  0.153 -0.209 -1.407  0.000 -0.534  0.000
G       -0.054  0.000 -0.087  0.139 -0.291 -0.038 -0.656 -0.062  0.052  0.278  0.302  0.370  0.244 -0.177  0.036  0.123 -0.100 -0.003  0.000 -0.424 -1.150
H       -0.003  0.000 -0.140 -0.003  0.000 -0.268  0.305  0.100 -0.512  0.197 -0.017  0.172  0.590  0.354 -0.457  0.044 -0.273  0.033  0.075  1.556  0.000
I       -0.215  0.000 -0.415 -0.568 -1.560 -0.176  0.000 -0.204 -0.074  0.087 -0.282  0.154  0.042 -0.051 -0.498  0.239  0.194 -1.004 -0.083  0.470  0.000
K       -0.040  0.218 -0.078 -0.239  0.592 -0.083 -0.198 -0.280  0.145  0.028 -0.728 -0.288  0.142 -0.279  0.041  0.140  0.309  0.294  1.333  0.563  0.000
L        0.607  0.000 -0.244 -0.202  0.947 -0.064 -0.328  0.269  0.103 -0.498  0.331 -0.093  0.540 -0.419 -0.513 -0.043  0.654 -0.840 -0.899 -0.320  0.284
M        0.296 -0.040  0.115  0.093  0.000  0.690  0.000  1.069  0.117  0.489  0.796 -0.820 -0.878  0.975  0.300  0.185  0.000  0.000  0.000  1.287 -0.646
N        0.145  0.000 -0.232  0.321  1.371  0.238  0.114  0.471 -0.110  0.025  0.093  0.535 -0.147  0.705  0.111 -0.011  0.048  0.384  0.000  0.000  0.000
P       -0.351 -0.638 -0.056 -0.279  0.844  0.064 -0.268 -0.614 -0.344  0.143 -0.345  0.433 -0.273 -0.521 -0.213  0.110  0.188  0.195 -0.705  0.602  0.000
Q        0.254  0.406  0.260 -0.024  0.599  0.155  0.216  0.519 -0.253  0.663  0.562 -0.173  0.509  0.427  0.292  0.380  0.166  0.625 -0.325  1.054  0.000
R       -0.173  0.000 -0.629  0.159  0.747  0.032  0.294  0.315 -0.499 -0.108 -0.820  0.004  0.189  0.143  0.473  0.582  0.416 -0.024  0.724 -0.294  0.000
S        0.064  0.000 -0.087  0.152  0.185  0.186  0.093  0.873  0.354  0.068  0.298  0.015 -0.217 -0.003  0.035  0.192  0.108 -0.445  0.689  0.430 -0.121
T        0.129  0.349  0.295 -0.167 -0.205  0.377  0.341  0.403 -0.056  0.396 -0.019 -0.334  0.131 -0.478  0.383  0.291  0.345  0.102 -1.499 -0.692  0.000
V        0.025  0.000  0.176 -0.425 -0.048  0.120  0.191 -0.197 -0.239 -0.456 -0.758 -0.040 -0.179 -0.253  0.123  0.131  0.503 -0.196  0.000  0.000  0.908
W       -0.536 -1.356 -0.173  0.087 -0.762 -0.268  0.000  0.000 -0.118 -0.221  0.000  0.000  0.630 -0.521  0.000 -0.916  1.244 -1.483  0.000  0.000  0.000
Y        0.482  0.000  0.049  0.217  0.270 -0.151  0.000 -0.195 -0.036 -0.545  0.617  0.202  0.678 -0.145 -0.006  0.281  0.607  0.014  0.000  0.048  0.000
X        0.083  0.000  0.000 -1.110  0.000 -0.038  0.000  0.000  0.000  0.000  0.000  0.000  0.394  0.207  0.000 -0.867 -0.702 -0.879  0.000  0.000  0.000
