i-1/i     A      C      D      E      F      G      H      I      K      L      M      N      P      Q      R      S      T      V      W      Y      X
A       -0.109  0.000 -0.082  0.223  0.422 -0.194 -0.017 -0.192 -0.126 -0.048 -0.264  0.343 -0.107 -0.067 -0.228  0.063  0.240 -0.102  0.134  0.034  0.261
C       -0.402  0.000  0.000 -0.938  0.000 -0.099  0.784  0.948  0.000 -0.255  0.000  0.000  0.000 -0.853  0.056 -0.252 -0.485  0.000  0.000  0.000  0.000
D        0.011 -0.146 -0.113 -0.193  0.363 -0.049 -0.360 -0.103  0.558 -0.112 -0.316  0.525  0.425  0.191 -0.130 -0.293  0.291 -0.419  0.458 -0.363  0.618
E        0.052 -0.055 -0.023 -0.040  0.080  0.190 -0.061 -0.236 -0.218 -0.393  0.505  0.151 -0.007 -0.343  0.139 -0.177 -0.127  0.025 -0.034  0.149  0.000
F       -0.182 -0.675 -0.234 -0.415  0.000  0.178 -0.030 -0.033 -0.303 -0.516 -0.771 -0.172  0.175 -0.556 -0.081 -0.464 -0.584 -0.301  0.000 -1.269  0.000
G       -0.294  0.044  0.137 -0.198 -0.074 -0.240 -0.172 -0.468 -0.325 -0.449 -0.090  0.118 -0.089 -0.587 -0.009 -0.051 -0.268 -0.105 -0.194 -0.193 -0.207
H        0.138  0.000 -0.132 -0.778  0.000 -0.446  0.428 -0.285 -0.128  1.168  0.041  0.079  0.599  0.230  0.444 -0.000  0.217 -0.019 -0.149  0.525  0.000
I       -0.303 -0.849 -0.372 -0.062 -0.889 -0.154 -0.250  0.128 -0.176  0.228 -0.902 -0.229  0.024 -0.533 -0.350 -0.445 -0.331  0.126  0.000 -0.466  0.000
K       -0.410 -0.511 -0.081 -0.255 -0.475  0.041  0.041 -0.252  0.117 -0.192  0.812 -0.231 -0.367 -0.078  0.097 -0.066 -0.405 -0.285  0.247 -0.033  0.326
L       -0.000  0.000 -0.143 -0.028 -0.337  0.394 -0.028 -0.201 -0.470  0.235  0.332 -0.251 -0.219  0.252 -0.043 -0.328 -0.374 -0.300  0.764 -0.270  0.000
M        0.029  0.000  0.083 -0.381 -0.084 -0.221  0.534  0.925  0.381 -0.385 -0.543 -0.133  0.200 -0.084 -0.065 -0.285 -0.205  0.294 -0.425  0.000  0.000
N       -0.061 -0.526  0.168  0.248 -0.055  0.219  0.000 -0.183  0.115 -0.043 -0.085  0.464  0.535 -0.285 -0.188  0.100  0.226  0.047  0.000  0.332 -0.411
P       -0.094 -0.749  0.114  0.029 -0.866 -0.264  0.003  0.799  0.030 -0.104  0.073 -0.570 -0.220 -0.184  0.000  0.302 -0.157  0.150 -0.319  0.842  0.204
Q        0.039 -0.203  0.083 -0.009  0.537  0.111  0.111 -1.224  0.002 -0.147  0.008 -0.274  0.124  0.442 -0.260 -0.120 -0.200 -0.696  1.210  0.172  0.000
R       -0.240  0.313  0.175 -0.254 -0.242 -0.236  0.075  0.411 -0.008 -0.339 -0.685  0.094 -0.282 -0.182 -0.393 -0.195 -0.001 -0.560 -0.301 -0.313  0.000
S        0.119  0.224  0.334  0.133 -0.522  0.111  0.100 -0.067 -0.337 -0.205 -0.507  0.288  0.017  0.003 -0.090  0.169  0.169  0.078 -0.348  0.268  1.345
T        0.074  0.318 -0.039  0.166  0.444  0.081  0.203  0.613  0.160 -0.011 -0.385  0.509 -0.022 -0.050 -0.282 -0.208 -0.099  0.328  1.200  0.072 -0.377
V       -0.148  0.699 -0.354 -0.165 -0.420 -0.090 -0.570 -0.422 -0.268 -0.435  0.046 -0.430  0.096  0.000  0.209 -0.055 -0.010  0.040  1.189 -0.059  0.000
W        0.000  0.000 -0.621  0.675  0.000 -0.233  0.185 -0.570 -0.624 -1.149  0.000 -0.783  0.324 -0.726  0.000  0.190 -0.411 -0.103  0.000  0.000  0.000
Y       -0.328  0.000 -0.395 -0.423 -0.063  0.003  0.308  0.502 -0.764 -0.370  0.000  0.095  0.069 -0.065 -0.463 -0.164  0.040 -0.848  0.613  0.000  0.000
X        0.000  0.000  0.916 -0.134  0.000  0.000  0.000  0.000  0.000  0.000  0.000  0.000 -0.103 -0.487 -0.046  0.000  0.187  0.000  0.000  0.000  0.000
