i-1/i     A      C      D      E      F      G      H      I      K      L      M      N      P      Q      R      S      T      V      W      Y      X
A        0.108  0.000  0.185 -0.028  0.031  0.000 -0.265  0.570  0.499  0.330  0.980  0.716  0.038  0.108 -0.013  0.079 -0.220  0.212  0.000 -0.041  0.331
C        0.073  0.000  0.000 -0.929  0.000  0.000  0.680  0.770 -0.308  0.774  0.000  0.418 -0.068  0.014  0.279 -0.265 -0.944  0.000  0.000  0.000  0.000
D        0.151  0.174 -0.219  0.024  0.082  0.000 -0.158  0.119  0.147 -0.145 -0.160 -0.407 -0.042  0.173  0.220  0.067  0.058  0.298 -0.380  0.673  0.754
E        0.063 -1.017 -0.084  0.108 -0.608  0.000 -0.226  0.200  0.321  0.033  0.053 -0.022  0.142  0.240  0.942 -0.368 -0.308  0.219 -0.163  0.467  0.000
F       -0.255  0.304  0.290  0.030 -0.956  0.000  0.027  0.000  0.000  0.768  0.649  0.569  0.295  0.356  0.211  0.340  0.000  0.708  0.000  0.439  0.000
G        0.296  0.247 -0.119  0.183  0.413  0.000 -0.040 -0.034  0.663  0.310  0.157  0.792  0.246  0.579  0.500  0.055  0.232 -0.130 -0.048  0.542 -1.086
H        0.140  0.000 -0.185  0.586  0.383  0.000 -0.200  0.800  0.199  0.019  0.134  0.541 -0.153 -0.235  0.824  0.104 -0.156 -0.477  0.000 -0.242  0.000
I        0.340 -1.134  0.225  0.182  1.022  0.000 -0.074  0.378  1.210  0.225  0.798  0.524  0.021  0.547  0.322  0.451  0.338  0.139  0.000  0.497  0.000
K        0.111 -0.064  0.017  0.139  1.097  0.000  0.072 -0.253  0.051  0.074  0.536  0.351  0.038  0.295  0.073  0.076  0.154  0.065 -0.276  0.508  2.372
L        0.190  1.325 -0.032 -0.069  0.000  0.000  0.593  0.571  0.714  0.515  0.210 -0.346 -0.048 -0.249  0.276  0.309  0.250 -0.162 -0.226 -0.064  0.720
M        0.156  0.000  0.031  0.230  1.281  0.000  0.269  0.369  0.093  0.593  0.946  0.611  0.208  0.884  0.458 -0.086 -0.059 -0.056  0.000  0.000  0.000
N        0.092  0.758 -0.161  0.129  0.496  0.000  0.000  0.266  0.167  0.109  0.846 -0.182 -0.254  0.162  0.240 -0.098  0.094  0.322 -0.539  0.069  0.803
P       -0.160  0.806  0.227 -0.087  0.452  0.000  0.409  0.057  0.073  0.060  0.024 -0.096 -0.508  0.130  0.358  0.167  0.146  0.309  0.186 -0.397 -2.848
Q        0.255  1.124  0.315  0.083 -0.163  0.000  0.000 -0.018  0.117  0.210  0.133  0.052  0.112  0.213 -0.154  0.434  0.485  0.301 -0.346 -0.021  0.000
R       -0.122  0.000 -0.137  0.150  0.479  0.000  0.314  0.343 -0.047  0.233  1.045  0.065  0.022  0.129  0.004  0.348  0.094  0.693 -0.161  0.161  0.000
S       -0.140 -1.154 -0.207 -0.159  0.265  0.000  0.040  0.870 -0.016  0.152  0.720 -0.180 -0.099 -0.166  0.103  0.027 -0.089 -0.079  0.000  0.289 -1.782
T        0.040  0.040 -0.031  0.074 -0.708  0.000  0.608  0.083  0.299  0.250 -0.224  0.152 -0.049 -0.310  0.269  0.323  0.187 -0.046  0.323  0.455  0.293
V        0.489  1.092 -0.034  0.347  0.103  0.000  0.615  0.382  0.106  0.040  0.414 -0.278  0.077 -0.099  0.339  0.104  0.323  0.163 -0.490 -0.814  0.000
W        0.000  0.000  0.504 -0.519 -0.035  0.000  0.000  0.204  0.325  0.000  0.000  0.429 -0.296 -0.442  0.000 -0.354  0.654  0.698  0.000  0.000  0.000
Y       -0.268  0.000  0.398  0.483  0.653  0.000  0.708  0.767  0.970 -0.188  0.000  0.825 -0.041 -0.405  0.597  0.385  0.360  0.000  0.000  0.918  0.000
X        0.000  0.000  0.060  0.110  0.000  0.000  0.000  0.000  0.000  0.000  0.000 -0.034  0.080 -0.055  0.000  0.000  0.000  0.000  0.000  0.000  0.000
