i-1/i     A      C      D      E      F      G      H      I      K      L      M      N      P      Q      R      S      T      V      W      Y      X
A        0.059 -0.188  0.003 -0.048 -0.244 -0.182 -0.543  0.086 -0.312  0.112 -0.283  0.252 -0.101 -0.267 -0.269 -0.266 -0.247 -0.667  0.000 -0.193  0.000
C        0.000  0.000 -0.588 -1.042  0.000  0.654  0.000  0.141  0.227 -0.148  0.000  0.225  0.226  0.955  0.198  0.000  0.001  0.000  0.000  0.000  0.000
D       -0.182  0.869 -0.446 -0.307 -0.718 -0.728  0.241 -0.674 -0.505 -0.304 -0.352  0.009 -0.632 -0.052 -0.427 -0.170 -0.537 -0.467  0.000  0.066 -1.246
E        0.474  0.021 -0.135  0.019 -0.135 -0.276 -0.577  0.110  0.264  0.229  0.577 -0.350 -0.061 -0.478  0.080 -0.135  0.058  0.069  1.034  0.085  0.564
F       -0.247  0.000 -0.356 -0.052  0.774 -0.037 -0.215  0.383 -0.462 -0.959  0.000 -0.936 -0.786 -1.249  0.113 -0.938 -0.831 -0.153  0.000  0.218  0.000
G        0.167  0.000  0.283  0.433  1.085  0.445  0.638  0.687  0.763  0.820  0.397  0.709  0.423  0.653  0.501  0.456  0.625  0.561 -0.604  0.675  0.280
H        0.019  0.000  0.150  0.178  0.392  0.130 -0.655 -0.841 -0.971 -0.152  0.000  0.000 -0.084 -0.087  0.470 -0.321 -0.643  0.000  0.000  0.000  0.000
I        0.129  0.000 -0.617 -0.177 -0.889 -0.085  0.186  0.777 -0.680 -0.388  0.000 -0.317 -0.041 -0.200 -0.517 -0.023 -0.183  0.140 -1.122  0.385  0.000
K        0.544  0.945  0.179  0.113  0.378 -0.302 -0.195 -0.022  0.084 -0.105  0.280 -0.355 -0.129  0.044  0.008 -0.156 -0.162 -0.124 -0.071 -0.467  0.000
L        0.139 -0.673 -0.286 -0.156 -0.821  0.206  1.247  0.053  0.242  0.394 -0.411 -0.031  0.221 -0.131 -0.101 -0.280 -0.604 -0.065  0.086 -0.013  0.000
M       -0.269  0.000 -0.172  0.008  0.000 -0.083  0.685  0.794  0.070  0.229 -0.534 -0.162  0.000  0.181  0.632 -0.355  0.436 -0.475  0.000  0.000  0.000
N       -0.309 -1.190  0.312  0.032 -0.828 -0.100 -0.245 -0.197 -0.207 -0.450 -0.664 -0.099 -0.408 -0.320 -0.318 -0.164 -0.303 -0.253  0.394 -0.110  0.638
P        0.000  0.000 -0.566  0.000 -1.330  0.000  0.169  0.000  0.000  0.000 -0.178  0.000 -0.839  0.000 -1.051 -1.178 -1.448 -0.793  0.000  0.000  0.000
Q        0.793  0.754 -0.077 -0.140  0.593 -0.089 -0.533  0.000  0.171 -0.463  0.433  0.385  0.014  0.096  0.061 -0.134  0.412 -0.116  1.147  1.129  1.293
R        0.112 -0.369  0.312 -0.231 -0.242  0.101 -0.365  0.223 -0.102  0.103 -0.137 -0.334 -0.018 -0.354  0.153 -0.129 -0.340  0.296  0.000 -0.192  0.000
S        0.278 -1.207 -0.019  0.163 -0.728 -0.160  0.187 -0.158  0.300  0.376  0.281 -0.127  0.181  0.403  0.221 -0.050 -0.140  0.007 -0.641  0.969  0.080
T        0.158  1.458  0.517 -0.034  0.525  0.136  0.685  0.122  0.468  0.188 -0.536  0.293  0.120  0.479  0.077  0.180  0.065  0.443  0.282  0.937  0.768
V        0.060  0.000 -0.222 -0.300  1.009 -0.060  0.106 -0.089  0.080  0.303  0.143 -0.118  0.093  0.121 -0.612 -0.258 -0.472 -0.047 -0.983 -0.731  0.000
W       -0.986  0.000  0.377 -0.188  0.000  0.237 -1.189  0.000  0.067 -0.825 -0.002  0.000  0.530 -0.682 -1.089 -1.047 -0.829  0.348  0.000 -0.433  0.000
Y       -0.344  0.000 -0.407 -0.195 -0.207 -0.244  0.000  0.377 -0.656  0.067  0.000 -0.633 -0.286  0.180 -0.477 -0.114 -0.467  0.206  0.000  0.000  0.000
X        0.160  0.000 -0.059  0.000  0.000 -0.584  0.000  0.000 -1.227  0.000  0.000 -0.373 -0.989  0.000  0.000  0.000 -0.891  0.000  0.000  0.000  0.000
