i-1/i     A      C      D      E      F      G      H      I      K      L      M      N      P      Q      R      S      T      V      W      Y      X
A        0.005  0.078 -0.030 -0.001 -0.004  0.000  0.067 -0.009  0.087  0.048  0.088 -0.016  0.024  0.031  0.034  0.008 -0.051 -0.056  0.117  0.051 -0.001
C        0.162  0.000  0.083  0.035  0.000  0.000 -0.106 -0.151  0.218  0.000  0.000  0.220 -0.014  0.000 -0.046  0.064 -0.226  0.000  0.000  0.000  0.000
D        0.015  0.183  0.036  0.018 -0.078  0.000  0.095  0.023 -0.038  0.068  0.063 -0.048 -0.038  0.008  0.021 -0.011 -0.016  0.077 -0.039  0.009  0.151
E        0.018 -0.165  0.012  0.022  0.032  0.000 -0.024  0.041  0.081  0.070 -0.054 -0.022  0.031  0.051  0.020 -0.045  0.046 -0.041  0.076  0.018  0.000
F       -0.022  0.000  0.039  0.008  0.000  0.000  0.086  0.119 -0.009  0.069  0.000  0.109 -0.101  0.020 -0.023 -0.001  0.177 -0.203  0.000 -0.003  0.000
G        0.053  0.211 -0.059  0.035  0.039  0.000  0.134  0.032  0.103  0.040  0.039  0.097  0.017  0.105  0.094  0.041  0.097  0.022  0.056  0.107  0.201
H       -0.065  0.000  0.059  0.040 -0.220  0.000 -0.038  0.094  0.116  0.011 -0.075 -0.046  0.045 -0.157  0.076 -0.082 -0.068  0.123  0.023  0.000  0.000
I        0.172  0.067  0.045  0.053  0.233  0.000  0.212 -0.034  0.036 -0.004  0.139  0.129 -0.017  0.041  0.145  0.098  0.116  0.038  0.000  0.147  0.000
K        0.026  0.184  0.067  0.007  0.046  0.000 -0.065  0.071  0.028  0.030 -0.053 -0.038  0.010  0.026  0.015  0.051  0.048  0.000 -0.013 -0.035  0.213
L        0.057  0.191 -0.015 -0.012  0.064  0.000  0.071 -0.054  0.047  0.032 -0.099 -0.055  0.038 -0.037  0.033 -0.054  0.112  0.004  0.026  0.045 -0.275
M       -0.010  0.000  0.019  0.131  0.184  0.000  0.012  0.000  0.019 -0.023  0.083  0.054  0.084  0.184 -0.025  0.041  0.056 -0.011  0.107  0.000  0.000
N        0.033  0.298  0.012  0.020  0.000  0.000  0.000  0.084  0.044  0.097  0.123  0.040 -0.013  0.051  0.026  0.048 -0.008  0.011  0.065  0.011  0.186
P        0.004  0.206 -0.039 -0.011  0.080  0.000 -0.024 -0.007  0.007  0.071  0.036  0.072 -0.073  0.032  0.019 -0.072  0.032  0.023 -0.133 -0.120 -0.235
Q        0.013 -0.133  0.053 -0.070  0.076  0.000  0.320  0.132 -0.012  0.068  0.008  0.131  0.013 -0.052  0.050  0.007  0.100  0.018 -0.182  0.043  0.000
R        0.032 -0.126  0.045  0.089  0.061  0.000 -0.067 -0.029  0.078  0.066  0.003  0.003 -0.017  0.125  0.013  0.006  0.063  0.112  0.234  0.036  0.000
S        0.046 -0.104  0.056  0.061  0.198  0.000 -0.014  0.208  0.087  0.004  0.148  0.040  0.051  0.039  0.071  0.021  0.008  0.072  0.000 -0.010 -0.155
T        0.000  0.096  0.046 -0.030  0.002  0.000 -0.109  0.075  0.024  0.080  0.083 -0.073  0.009  0.028  0.095  0.022  0.065 -0.063 -0.070  0.006  0.155
V        0.042 -0.055 -0.020  0.076  0.043  0.000  0.172  0.095  0.069  0.074  0.048  0.086  0.054 -0.010  0.049  0.001  0.041  0.036 -0.093 -0.031  0.000
W        0.000  0.000  0.118 -0.014  0.000  0.000 -0.285 -0.045  0.184  0.000  0.000  0.182 -0.037  0.000  0.000  0.023 -0.034 -0.028  0.091  0.000  0.000
Y        0.073  0.000  0.012  0.112 -0.101  0.000  0.030  0.096  0.037 -0.054  0.000  0.053  0.053  0.071  0.200 -0.012  0.031 -0.105 -0.195  0.000  0.000
X        0.000  0.000 -0.121  0.012  0.000  0.000  0.000  0.000  0.000  0.000  0.000 -0.057 -0.021 -0.093  0.000  0.000 -0.112  0.000  0.000  0.000  0.110
