i-1/i     A      C      D      E      F      G      H      I      K      L      M      N      P      Q      R      S      T      V      W      Y      X
A        0.003 -0.175  0.016  0.042 -0.137 -0.022 -0.181  0.225 -0.077  0.100 -0.048 -0.003  0.000  0.210  0.125  0.009  0.010  0.018  0.000  0.105  0.000
C       -0.308  0.000  0.105 -0.139 -0.664  0.034  0.000  0.000  0.201  0.382  0.000 -0.035  0.000  0.236  0.087  0.000 -0.226  0.064  0.000  0.000  0.000
D       -0.039 -0.142  0.115 -0.004 -0.021  0.052 -0.178 -0.038  0.033  0.246  0.213  0.005  0.000  0.069 -0.164 -0.119  0.012  0.092 -0.099 -0.049  0.000
E        0.028  0.234  0.129 -0.022 -0.110  0.040 -0.079  0.159  0.154  0.156  0.215 -0.184  0.000  0.100  0.121 -0.003  0.032  0.147  0.406  0.500  0.165
F       -0.048  0.000 -0.140  0.135  0.213 -0.169  0.082 -0.111  0.154  0.228  0.252  0.019  0.000  0.129  0.051 -0.273 -0.160 -0.054  0.278  0.013  0.000
G        0.077  0.171  0.012  0.072  0.580  0.024 -0.102  0.102  0.036  0.286  0.139 -0.055  0.000 -0.029  0.096  0.114  0.057 -0.014  0.278  0.246 -0.154
H        0.027 -0.160  0.117 -0.011  0.264 -0.061  0.237 -0.402  0.040  0.227 -0.185  0.000  0.000  0.169 -0.140 -0.060 -0.449  0.251  0.394 -0.012  0.000
I       -0.178  0.453 -0.046  0.088 -0.156 -0.219  0.263  0.268 -0.085  0.273  0.053 -0.134  0.000  0.233 -0.159 -0.032  0.172  0.064  0.247  0.363  0.000
K       -0.149 -0.220 -0.059  0.100  0.322  0.016  0.352  0.122 -0.051  0.067 -0.210 -0.074  0.000 -0.098  0.006 -0.069  0.084 -0.002  0.055  0.222  0.000
L       -0.138  0.183  0.097  0.082 -0.130 -0.123  0.045  0.037 -0.084 -0.084  0.204  0.008  0.000 -0.067 -0.027 -0.114  0.034  0.202  0.139  0.405  0.000
M        0.111  0.000 -0.187 -0.026  0.415 -0.033  0.332  0.345 -0.057  0.492  0.138  0.121  0.000  0.050  0.000 -0.056  0.100  0.027  0.000  0.000  0.000
N        0.238  0.000  0.137 -0.076 -0.215  0.072 -0.303  0.252  0.131  0.005  0.121 -0.076  0.000  0.167  0.055  0.176  0.004  0.103 -0.067  0.128  0.059
P       -0.023  0.257 -0.078 -0.114 -0.195 -0.063  0.157 -0.001 -0.097 -0.030 -0.158  0.188  0.000  0.025 -0.106 -0.206 -0.057  0.103  0.175  0.088  0.025
Q        0.178 -0.427  0.057  0.018 -0.025  0.077 -0.161  0.271 -0.035  0.147 -0.147  0.117  0.000 -0.052  0.094 -0.066  0.001  0.092  0.560 -0.302 -0.200
R        0.152  0.100  0.131  0.048  0.008 -0.058  0.290  0.051  0.105  0.158  0.167  0.030  0.000 -0.126 -0.027  0.042 -0.094  0.104 -0.243  0.111  0.000
S        0.037 -0.209  0.053  0.085  0.233  0.171  0.036  0.121  0.036  0.163  0.088  0.266  0.000 -0.083 -0.064  0.029  0.114  0.108 -0.452  0.252  0.353
T        0.080  0.105  0.077  0.028  0.070  0.028  0.113  0.199  0.044 -0.049 -0.152  0.222  0.000  0.035  0.212  0.011  0.147  0.061  0.282  0.267  0.000
V        0.093  0.000  0.129 -0.125  0.262 -0.212  0.090  0.459  0.010  0.129  0.219  0.038  0.000 -0.238 -0.052 -0.018  0.016  0.061  0.068  0.252  0.000
W        0.000  0.000  0.431 -0.076  0.000 -0.143  0.000  0.000  0.080  0.000  0.000 -0.031  0.000  0.086 -0.187  0.063 -0.061  0.366 -0.356  0.000  0.000
Y        0.320  0.000 -0.025 -0.089  0.186 -0.308 -0.132  0.190 -0.284  0.054  0.000 -0.008  0.000 -0.050  0.137  0.020 -0.167 -0.100  0.000  0.147  0.000
X        0.280  0.000  0.076  0.000  0.000  0.376  0.000  0.000  0.032 -0.129  0.000 -0.161  0.000  0.000  0.000  0.130  0.086  0.000  0.000  0.000 -0.175
