i-1/i     A      C      D      E      F      G      H      I      K      L      M      N      P      Q      R      S      T      V      W      Y      X
A       -0.001  0.012 -0.249 -0.471 -0.841 -0.060  1.026 -0.011 -0.546 -0.560  0.198 -0.014 -0.247  0.077 -0.488 -0.195 -0.229 -0.239 -1.790 -0.293 -0.159
C       -0.036  0.336  0.925  0.425  1.037  0.037  0.536  1.023  0.720  0.795 -2.597  0.393  0.032  0.563  0.301 -0.206  1.814  2.109 -1.446  1.413  0.479
D       -0.290 -0.743 -0.014 -0.524 -0.015  0.060 -0.117 -0.394 -0.119 -0.060  0.012 -0.044 -0.137 -0.023  0.304  0.387  0.816 -0.302  0.576 -0.021  0.618
E       -0.422 -0.666  0.410 -0.535 -0.368  0.003 -0.075 -0.033 -0.390 -0.098  0.463  0.195 -0.542  0.056  0.080 -0.346  0.231 -0.009  0.010  0.254 -0.331
F       -0.046 -0.636 -0.053 -0.297 -0.310  0.182  0.667 -0.539 -0.319  0.094  0.069  0.123  0.536 -0.102 -0.595 -0.210  0.191 -1.148  0.000 -0.989  0.468
G       -0.257  0.923 -0.181 -0.185 -0.295  0.143 -0.750 -0.242 -0.550 -0.158 -0.215 -0.030 -0.335 -0.212 -0.559 -0.261 -0.163 -0.631  0.922 -0.275  0.073
H       -0.271  3.113 -0.309  0.119  1.477 -0.273 -0.732 -0.393  0.338 -0.279  0.207  0.424 -0.283  0.748  0.756 -0.396 -0.397 -0.710  1.952 -2.194 -1.289
I       -0.112  1.816  0.401 -0.003  0.511 -0.069 -0.601  0.752  0.005  0.638 -0.148  0.361 -0.188  0.015 -0.172 -0.127  0.479 -0.274 -0.262  0.113  3.062
K       -0.253  0.137  0.195  0.092 -0.640 -0.054  0.179 -0.129 -0.488 -0.103 -0.040  0.183 -0.048 -0.432 -0.064 -0.056 -0.024 -0.181 -0.820 -0.926  0.214
L       -0.188  0.321 -0.086 -0.391 -0.392  0.023 -0.338  0.158 -0.105  0.277  0.070 -0.001 -0.081  0.002  0.008 -0.137 -0.528 -0.001 -1.770 -0.479  0.000
M       -0.089 -1.924  0.095 -0.641  0.000 -0.024 -0.081  0.652 -0.308 -0.577 -0.129  0.058  0.374  0.466 -0.179  0.215  0.508 -0.324  0.000 -0.428  0.000
N       -0.199 -0.393  0.013 -0.093 -0.477  0.033 -0.399  0.163 -0.450 -0.221 -0.140  0.157 -0.344 -0.289 -0.144  0.319 -0.519 -0.386 -0.333 -0.766  0.209
P       -0.398  0.693 -0.239 -0.332 -0.537 -0.274  0.875 -0.130 -0.917 -0.353 -0.239 -0.266 -0.305 -0.162 -0.906  0.109 -0.252  0.104 -0.783  0.097  0.057
Q       -0.762 -0.526  0.019  0.308  0.043 -0.084 -0.434 -0.654 -0.642  0.118  0.229  0.072 -0.151  0.023  0.061 -0.608 -0.759 -0.208 -0.286  0.496 -1.065
R        0.132  0.936 -0.205 -0.012  0.022 -0.029  0.724 -0.276  0.173 -0.428  1.325 -0.111 -0.552  0.113 -0.518  0.006 -0.314 -0.091  0.845 -1.514 -0.679
S        0.063  0.262  0.047 -0.025 -0.643 -0.031 -0.523 -0.595 -0.461 -0.011 -0.384 -0.329 -0.443  0.295 -0.195 -0.144 -0.204 -0.453  0.406  0.523 -0.878
T       -0.060 -0.320  0.214  0.089  0.040  0.018 -0.911 -0.272  0.208  0.392 -0.008 -0.263 -0.258 -0.200 -0.224 -0.018 -0.212 -0.516 -1.333  0.242 -0.935
V       -0.205 -0.470 -0.070 -0.363  0.083 -0.197  0.306 -0.420  0.072 -0.187  0.703 -0.294 -0.097  0.018  0.330  0.752 -0.265 -0.703 -0.421  0.645 -0.353
W       -0.349  0.481 -0.444  0.278  0.057 -0.729  0.000  0.539 -0.117  1.004 -0.333  0.527 -0.259 -0.365  0.275 -0.599 -0.862  0.471  0.000  0.109 -1.102
Y       -0.271  0.927  0.230  0.248  0.074 -0.239  0.743  1.108  0.300  0.245 -0.954  0.220  0.109  0.402 -0.381  0.678 -0.128 -1.784 -1.443 -1.769 -1.461
X        1.581  0.000 -0.213 -0.647 -0.775  0.747  0.000  0.000 -0.176  1.703  0.000  0.211  1.407 -0.652  0.000  0.233 -0.614  0.084  0.000  0.483  2.363
