i-1/i     A      C      D      E      F      G      H      I      K      L      M      N      P      Q      R      S      T      V      W      Y      X
A       -0.407 -0.150 -0.017 -0.386 -0.133  0.000  0.211 -0.455 -0.384 -0.250  0.011 -0.349 -0.075 -0.062  0.095  0.050 -0.212 -0.347  0.955 -0.185  1.436
C       -0.413 -1.863  0.518  0.023 -0.024  0.000 -0.971  0.746 -0.178 -1.242  0.439  0.302 -0.123 -0.797 -0.621 -0.118 -0.352  0.229 -0.060 -1.944  0.000
D        0.152 -0.662 -0.355 -0.023 -0.050  0.000  0.092 -0.126  0.210 -0.241  0.042  0.408  0.075  0.538  0.493 -0.123  0.249 -0.208  0.151  0.185  0.075
E       -0.155 -3.052  0.220  0.088 -0.041  0.000  0.274  0.220 -0.096 -0.005 -0.054 -0.022  0.090  0.609 -0.079  0.208  0.450 -0.216 -0.351  0.419 -0.677
F       -0.445 -1.045  0.209 -0.083 -0.295  0.000 -0.206  0.040 -0.419 -0.272  0.000 -0.069 -0.501 -0.905 -0.800 -0.259  0.090 -0.140  2.446 -0.618  0.213
G       -0.095  0.677  0.164  0.168 -0.297  0.000  0.762 -0.041  0.574 -0.028 -0.204  0.222 -0.190  0.165  0.346 -0.133 -0.374  0.085 -0.454 -0.191  0.584
H       -0.244 -0.883  0.243  0.046  0.091  0.000 -0.395 -0.197 -0.182 -0.109 -0.120  0.502 -0.000 -0.181  0.561  0.417  0.225 -0.531  0.000  0.516 -0.591
I       -0.887 -0.399 -0.193 -0.639 -1.052  0.000  0.359 -0.537 -0.155  0.085 -0.201  0.225 -0.296  0.026 -0.629 -0.265  0.092 -0.048 -0.050  0.636  0.000
K       -0.130 -1.393  0.138 -0.254  0.120  0.000  0.223 -0.319 -0.285 -0.109 -0.794  0.060  0.171  0.194 -0.221 -0.231  0.230 -0.116 -0.373 -0.302 -1.991
L       -0.446 -0.065 -0.052 -0.272 -0.750  0.000  0.666 -0.248 -0.277 -0.282 -0.632 -0.349 -0.235  0.009 -0.325 -0.219 -0.062  0.084 -0.929 -0.021 -3.711
M       -0.346 -4.037 -0.082 -0.249 -0.668  0.000 -0.208  0.013 -0.382  0.686  1.057  0.845 -0.200 -0.508 -0.810 -0.230 -0.184  0.083 -0.012 -0.969  0.000
N        0.327  0.451 -0.020  0.283  0.139  0.000  0.529  0.075  0.191  0.024 -0.273  0.310  0.078 -0.192 -0.112  0.027 -0.292 -0.179 -0.264 -0.277 -0.491
P        0.751 -0.815 -0.074  0.181 -0.487  0.000  0.130 -0.245  0.567  0.473 -0.790  0.137  0.114  0.564  0.181  0.019 -0.154  0.527  0.520  0.247  0.911
Q       -0.445 -0.377  0.355 -0.168 -0.374  0.000  0.616 -0.045 -0.075  0.326  0.154 -0.409 -0.173  0.328 -0.312  0.024  0.166 -0.432 -0.110 -0.382 -2.985
R        0.023  1.346  0.328 -0.149  0.255  0.000  0.160 -0.264 -0.139 -0.425  1.050  0.042  0.077 -0.101 -0.204 -0.004 -0.312  0.081 -0.431 -0.436 -0.159
S       -0.461 -0.297  0.227  0.068  0.086  0.000  0.333 -0.316  0.004 -0.442 -0.106 -0.353 -0.074 -0.103 -0.031  0.098  0.085 -0.329  0.089  0.201  1.142
T        0.189 -2.042  0.105 -0.078  0.320  0.000 -0.992  0.460  0.065 -0.237 -0.195  0.064 -0.230  0.251  0.314  0.022  0.063 -0.190 -0.046  0.836  0.422
V       -0.015 -0.871 -0.019 -0.016 -0.160  0.000 -0.302  0.607 -0.224  0.605  0.815  0.119 -0.112 -0.234 -0.024 -0.049 -0.093 -0.623 -0.001  0.465  1.852
W        0.941 -1.484  0.216 -0.656  0.000  0.000  0.000 -1.419 -0.222 -2.824  0.000 -0.069 -0.498 -0.678 -0.645 -0.448 -0.611 -0.335  0.000  1.217  0.000
Y       -0.582  0.376  0.062 -0.312 -0.071  0.000 -1.257 -1.726  0.599 -0.252  2.622  0.051 -0.052 -0.603 -0.409 -0.194 -0.595  0.116  0.683 -1.069 -1.994
X       -0.722 -3.447 -0.301 -0.443  0.973  0.000 -2.912  0.583 -0.256  0.000  0.000 -0.710 -0.087 -0.027  0.288 -0.141 -0.634 -0.048 -0.981 -0.513  2.495
