i-1/i     A      C      D      E      F      G      H      I      K      L      M      N      P      Q      R      S      T      V      W      Y      X
A        0.483 -0.810 -0.036  0.477 -0.186  0.028  0.279 -0.230  0.091  0.064  0.293  0.238 -0.487  0.253 -0.014  0.010 -0.065  0.079 -0.064  0.647 -1.126
C       -0.910 -1.889 -0.241 -1.790 -1.837 -0.623 -0.945 -0.916  0.150 -0.377  0.000 -0.646  0.618  0.223 -0.101  0.064 -0.084 -0.192  0.000 -0.176  0.000
D        0.209 -0.482 -0.072 -0.099  0.248  0.115 -0.133 -0.217  0.181 -0.041  0.301 -0.041  0.118 -0.316 -0.220 -0.220 -0.089 -0.118 -0.359  0.145 -0.638
E       -0.292  0.004 -0.058  0.081  0.631  0.098 -0.093  0.301 -0.180 -0.120 -0.443 -0.051 -0.170  0.338 -0.078 -0.011  0.069  0.051 -0.046  0.027  1.507
F       -0.067 -1.060 -0.036  0.179  0.621 -0.098 -0.601 -0.542 -0.329 -0.197 -1.877  0.194 -0.037 -0.869  1.050  0.020  0.628 -0.586  0.078 -1.026 -0.911
G        0.082  0.291 -0.047 -0.091  0.111 -0.200  0.127 -0.389 -0.392 -0.044 -0.140  0.161  0.147  0.145 -0.103 -0.067 -0.139 -0.679 -0.678  0.371  0.662
H       -0.210 -0.205  0.047  0.176 -0.635 -0.050 -0.947 -0.344 -0.325  0.082  0.063  0.242  0.069 -0.656 -0.368 -0.282 -0.597 -0.125  0.044 -0.253 -0.256
I       -0.551 -0.060 -0.119 -0.419 -0.153  0.240  0.614  0.109  0.304  0.434  0.325  0.405  0.067  0.136 -0.564 -0.378 -0.264  0.253 -0.624  1.009 -0.526
K       -0.102  0.227 -0.259 -0.136 -0.017  0.002 -0.287  0.229 -0.029 -0.285 -0.245 -0.103 -0.179 -0.045  0.065  0.035  0.090  0.328 -0.156  0.166 -0.570
L       -0.089 -0.154  0.130 -0.039 -0.088  0.233  0.324  0.073 -0.072 -0.156  0.912  0.472  0.046 -0.115  0.104  0.484 -0.020  0.301  0.818 -1.160 -0.412
M        0.177 -0.138 -0.165 -0.247 -0.941  0.125 -0.150  0.789 -0.462 -1.160 -0.805 -0.443 -0.131 -0.384  0.325 -0.695  0.070  0.648  0.000  0.759  0.000
N       -0.412 -0.767 -0.371  0.164 -0.617 -0.103 -0.647 -0.387 -0.536 -0.519 -0.533 -0.165  0.085 -0.284  0.028 -0.202 -0.201 -0.345 -0.315 -0.313 -0.313
P        0.252  0.606 -0.091  0.032  0.185  0.015  0.045 -0.101  0.145  0.092  1.126 -0.113 -0.098  0.430  0.312  0.485  0.002  0.285 -0.095  0.283  1.073
Q       -0.450  0.379 -0.092 -0.474 -0.352 -0.019 -0.157 -0.130  0.101 -0.110  0.156 -0.327 -0.013 -0.114  0.239 -0.143 -0.721 -0.033  1.031 -0.250  0.000
R       -0.178 -0.524 -0.051  0.162 -0.183  0.124  0.488 -1.213 -0.011 -0.171 -0.121 -0.473 -0.058 -0.178 -0.510  0.095 -0.298 -0.148 -0.157 -0.550 -0.740
S        0.660 -0.010 -0.195 -0.006 -0.517 -0.194  0.121  0.688 -0.005 -0.340 -0.254 -0.337 -0.323 -0.075  0.086 -0.359  0.134  0.062 -0.061 -0.162  1.492
T       -0.014 -0.377  0.410  0.270  0.019 -0.066 -0.467 -0.251 -0.347 -0.106  0.324 -0.088 -0.210 -0.192 -0.236 -0.420 -0.188  0.076  0.168 -0.235 -0.102
V        0.168  0.357 -0.116 -0.040  0.090  0.163 -0.314 -0.878  0.107 -0.252 -0.672 -0.103  0.301  0.536  0.201  0.168  0.325  0.330  0.441  0.483  0.000
W       -0.345 -1.179 -0.202  0.258 -0.732  0.359 -1.257 -0.093 -0.049 -0.643  0.000 -0.599 -0.044  0.033 -0.966  0.634  0.395 -1.116  0.000  1.009 -0.283
Y        1.717  0.770 -0.040  0.020 -0.251 -0.077  0.404 -0.157  0.462  0.119 -1.201  0.002 -0.639  0.232  0.082  0.035 -0.523 -0.152 -0.587 -0.021  0.000
X       -1.182  0.000 -1.025  0.142  0.000  0.099 -0.389  0.000  1.010  0.020  0.000  0.488 -0.763  0.290 -0.649 -0.153  0.361  0.000  0.000  0.000  0.000
