i-1/i     A      C      D      E      F      G      H      I      K      L      M      N      P      Q      R      S      T      V      W      Y      X
A       -0.062 -0.012 -0.060 -0.061 -0.158  0.000  0.083 -0.169 -0.013 -0.096 -0.225  0.074 -0.045 -0.117  0.068  0.025 -0.081  0.007 -0.290 -0.054  0.092
C       -0.142 -0.010 -0.015 -0.096  0.007  0.000 -0.142 -0.132 -0.081 -0.071  0.338 -0.276 -0.022 -0.095  0.018 -0.150 -0.369 -0.172 -0.090 -0.079  0.000
D        0.004 -0.116  0.005 -0.016  0.072  0.000 -0.071  0.017 -0.000 -0.002 -0.021  0.096 -0.028 -0.015  0.058  0.018  0.001 -0.141  0.083 -0.151 -0.008
E       -0.050  0.032  0.037 -0.030 -0.057  0.000  0.053  0.026 -0.000 -0.130 -0.069  0.069  0.003  0.108 -0.043  0.045  0.033  0.027 -0.142 -0.271  0.080
F       -0.080 -0.192 -0.005 -0.113 -0.071  0.000 -0.046  0.043 -0.057 -0.094 -0.055 -0.106 -0.081 -0.182 -0.112  0.036 -0.085  0.065 -0.180 -0.215 -0.062
G       -0.001  0.079 -0.024  0.053  0.040  0.000  0.087  0.008  0.078  0.048 -0.058  0.031  0.035  0.077  0.070  0.019 -0.061  0.076 -0.022  0.001  0.006
H       -0.007  0.067  0.021 -0.000  0.036  0.000 -0.071 -0.306 -0.118  0.066 -0.035  0.017  0.100  0.063  0.048 -0.024 -0.159  0.008  0.000  0.231 -0.219
I       -0.094 -0.049 -0.048 -0.106 -0.061  0.000 -0.043 -0.037 -0.099 -0.012 -0.213 -0.060  0.118 -0.060 -0.116 -0.074 -0.133  0.006 -0.137  0.005  0.237
K       -0.084 -0.097 -0.028  0.004 -0.286  0.000  0.023 -0.084 -0.020 -0.030  0.043 -0.098 -0.007  0.125  0.007 -0.056  0.140  0.012  0.018 -0.055  0.025
L       -0.043 -0.139 -0.092 -0.087 -0.034  0.000 -0.040 -0.009 -0.073 -0.157 -0.017 -0.067 -0.138 -0.002 -0.062  0.002  0.001  0.016  0.031 -0.095 -0.191
M       -0.008 -1.023 -0.110 -0.039 -0.172  0.000 -0.008 -0.027 -0.055 -0.008 -0.081  0.029 -0.083 -0.109 -0.025 -0.045 -0.074 -0.081  0.026 -0.087  0.336
N       -0.032 -0.143  0.005  0.047 -0.053  0.000 -0.034  0.056 -0.004  0.089 -0.111  0.043  0.022 -0.023 -0.051 -0.005 -0.054 -0.107 -0.291 -0.048 -0.020
P        0.050  0.087  0.006  0.077  0.045  0.000  0.215  0.056  0.093 -0.037 -0.050  0.004 -0.066  0.060  0.031 -0.024 -0.116  0.099  0.149  0.042 -0.062
Q       -0.138 -0.024  0.006 -0.010 -0.247  0.000  0.001 -0.048 -0.094 -0.005 -0.035 -0.025 -0.103 -0.027 -0.104 -0.007  0.125 -0.076 -0.454 -0.084  0.056
R       -0.005 -0.125 -0.015 -0.019  0.066  0.000 -0.097 -0.143 -0.090 -0.037  0.037  0.102 -0.023 -0.109 -0.060 -0.065  0.075 -0.012 -0.007 -0.095 -0.069
S       -0.027  0.100  0.069 -0.000 -0.171  0.000 -0.031  0.017 -0.028 -0.018  0.033  0.078  0.022  0.089 -0.047  0.013  0.049 -0.043 -0.112  0.055 -0.085
T       -0.019 -0.081 -0.034 -0.046  0.019  0.000  0.102  0.117  0.013 -0.156  0.131 -0.030 -0.057 -0.010  0.024 -0.031  0.025  0.097 -0.064  0.112  0.016
V       -0.093 -0.311 -0.019 -0.055  0.020  0.000 -0.051 -0.058 -0.032  0.049  0.068 -0.068  0.000 -0.001 -0.045 -0.038  0.046  0.056  0.095 -0.171  0.054
W       -0.031 -0.243 -0.073 -0.159  0.000  0.000 -0.029 -0.006 -0.029 -0.095  0.000 -0.102 -0.106 -0.036 -0.027  0.130 -0.415  0.186  0.162  0.160  0.000
Y       -0.055 -0.156 -0.040 -0.038 -0.005  0.000 -0.174 -0.468 -0.004 -0.056 -0.052 -0.060  0.041 -0.095 -0.197 -0.155  0.017 -0.325 -0.147 -0.231 -0.451
X       -0.053 -0.227  0.131 -0.045 -0.135  0.000 -0.813  0.138  0.057 -0.272  0.000 -0.126  0.031 -0.069  0.145 -0.074 -0.105 -0.274  0.245 -0.104  0.037
