i-1/i     A      C      D      E      F      G      H      I      K      L      M      N      P      Q      R      S      T      V      W      Y      X
A        0.110  0.177  0.127  0.005 -0.021 -0.050 -0.057 -0.118 -0.073 -0.021  0.319 -0.056  0.000 -0.129  0.014  0.042  0.270  0.022  0.317 -0.107  0.106
C        0.428 -0.001  0.358  0.266  0.701  0.191 -0.284  0.417  0.272  0.207  0.361  0.204  0.000 -0.034  0.305  0.721  0.700  0.221  1.053  0.846  0.000
D        0.176 -0.191 -0.030  0.084  0.041 -0.132 -0.036  0.098  0.127  0.141 -0.006  0.041  0.000  0.066  0.051  0.065  0.053  0.181  0.701  0.239  0.153
E        0.103  0.096  0.050  0.135 -0.175 -0.000 -0.049  0.079  0.114  0.019  0.280 -0.146  0.000 -0.052 -0.005  0.063  0.120  0.304  0.208  0.185  0.182
F       -0.032 -0.168 -0.032  0.089  0.239 -0.009 -0.154 -0.209 -0.037 -0.060  0.070  0.125  0.000 -0.080 -0.037 -0.093 -0.035  0.325  0.361 -0.142 -0.604
G        0.213  0.163  0.227  0.163  0.122 -0.047 -0.085  0.203  0.217  0.144 -0.035  0.186  0.000  0.180  0.108  0.095  0.106  0.218  0.037  0.253  0.329
H       -0.227  0.350 -0.089 -0.028  0.336  0.164  0.024  0.212  0.130  0.150  0.034  0.246  0.000  0.388 -0.055  0.253  0.114  0.304  0.000 -0.036 -0.113
I        0.071  0.149  0.134  0.032 -0.109 -0.011  0.014 -0.052 -0.137  0.000 -0.235 -0.211  0.000 -0.027  0.111 -0.039 -0.100  0.092  0.277 -0.166 -0.158
K       -0.022  0.186  0.200 -0.018 -0.020 -0.024  0.173 -0.155  0.049  0.071  0.226  0.080  0.000  0.061  0.019  0.037  0.108  0.165  0.088  0.081  0.146
L        0.076  0.043  0.081  0.055 -0.035 -0.173  0.170  0.140  0.104  0.088  0.074  0.071  0.000 -0.031  0.018  0.141  0.155 -0.031  0.111 -0.063  0.356
M       -0.231 -0.846  0.167  0.081  0.033  0.075  0.107 -0.243 -0.047 -0.082  0.246  0.207  0.000  0.104  0.110  0.076  0.286  0.173 -0.317 -0.272 -0.251
N        0.086  0.163 -0.072  0.167  0.064 -0.074  0.150  0.028  0.058  0.134 -0.087  0.054  0.000  0.110  0.041  0.066  0.063 -0.127 -0.161 -0.069 -0.040
P       -0.198  0.023  0.028 -0.164 -0.086  0.003  0.245 -0.145 -0.074  0.009 -0.021 -0.070  0.000 -0.034 -0.172 -0.067 -0.085 -0.075  0.124 -0.031 -0.332
Q        0.242  0.092  0.000  0.072  0.372  0.019  0.021  0.467 -0.001  0.118 -0.128  0.121  0.000  0.184  0.105  0.245  0.153 -0.023  0.536  0.016 -0.186
R        0.169  0.240  0.136  0.126  0.057  0.010  0.350 -0.012  0.045 -0.006  0.227  0.030  0.000 -0.039 -0.020  0.128  0.080  0.114 -0.345  0.111 -0.105
S        0.251  0.312  0.068  0.122  0.287 -0.019 -0.208  0.172  0.111  0.283  0.306  0.013  0.000  0.138  0.125  0.051  0.160 -0.099  0.113  0.117  0.068
T        0.212  0.203 -0.023  0.105  0.260  0.083  0.026  0.261  0.088  0.216  0.274  0.241  0.000 -0.136  0.170  0.005  0.132 -0.014 -0.146  0.072  0.337
V        0.091  0.172  0.039  0.130  0.114 -0.033  0.257  0.294  0.058 -0.203  0.105 -0.082  0.000  0.132 -0.024 -0.155  0.109 -0.142  0.101  0.269 -0.191
W       -0.449 -0.478  0.081  0.301  0.000 -0.196  0.620  0.110 -0.079 -0.005  0.000 -0.042  0.000  0.206  0.435  0.416 -0.074 -0.091  0.563 -0.819  0.000
Y       -0.071  0.333  0.006  0.126  0.081  0.007 -0.169 -0.010 -0.193 -0.202 -0.767 -0.195  0.000  0.026  0.084  0.149  0.076  0.519 -1.085 -0.020 -0.046
X        0.136  0.000  0.021  0.091 -0.135  0.048 -0.393  1.139 -0.015  0.034  0.543 -0.142  0.000 -0.028 -0.129  0.184  0.577  0.109 -0.320  0.450  0.014
