i-1/i     A      C      D      E      F      G      H      I      K      L      M      N      P      Q      R      S      T      V      W      Y      X
A        0.104 -0.720 -0.065  0.095  0.380  0.028 -0.011  0.501  0.161  0.260  0.223  0.181  0.078  0.139  0.170  0.022  0.360 -0.203  0.309 -0.977  0.000
C       -0.875  0.000  0.153  0.000 -0.096 -0.152  0.452  0.833  0.568  0.000  0.275  0.837 -0.152  0.000  0.741  0.256  0.860  0.184  1.687  0.254  0.000
D       -0.002  0.000  0.433  0.041  0.059  0.083  0.074  0.243 -0.092 -0.150  0.276  0.337  0.034  0.332  0.141 -0.032 -0.295 -0.013  0.000  0.369  0.000
E        0.130  0.000  0.287 -0.032 -0.387  0.227  0.243  0.103  0.471  0.205  0.308  0.531 -0.139  0.039  0.291  0.071  0.139  0.169  1.065  0.065 -0.322
F        0.336  0.000 -0.345 -0.142  0.027  0.107  0.076 -0.728  0.264  0.233 -0.303 -0.288  0.009 -0.163  0.247  0.347  0.277  0.275  0.000  0.386  0.000
G        0.142  0.169  0.021  0.262  0.081 -0.027 -0.656  0.499  0.010  0.245  0.076  0.438  0.204  0.109 -0.030  0.147  0.149  0.159  0.853  0.794  0.000
H        0.109  0.000  0.054  0.325  0.724  0.007  0.329  0.205  0.583  0.449 -0.426  1.013  0.044  0.511  0.076 -0.149  0.326  0.305 -0.976  0.000  0.000
I       -0.017  0.000  0.147 -0.340 -0.837 -0.232  0.169 -0.470 -0.008 -0.541  0.177  0.363 -0.286 -0.257 -0.213  0.177  0.561 -0.499  0.389  0.098 -0.995
K        0.308  0.000  0.040 -0.152 -1.068 -0.055  0.336 -0.150  0.045  0.068 -0.194  0.052 -0.090  0.377  0.213  0.027 -0.053  0.381  0.131 -0.157  0.000
L        0.277  1.238  0.420 -0.217 -0.265  0.105 -0.009 -0.176 -0.035 -0.195  0.261  0.081 -0.068  0.171  0.100  0.162  0.365 -0.096 -0.828  0.288  1.480
M        0.729  0.000 -0.242  0.633  0.000 -0.055  0.614 -1.155  0.544  0.126  1.110  0.361 -0.328  0.486 -0.643  0.356  0.318 -0.413  0.000  0.559  0.000
N        0.176  0.000 -0.125  0.074  0.863  0.071 -0.305  0.182  0.163  0.030  0.144  0.529 -0.014  0.356  0.071  0.222  0.329  0.089  0.173 -0.645  0.000
P       -0.309  0.206  0.023 -0.146 -0.204  0.027 -0.328 -0.446 -0.397 -0.317 -0.249 -0.108 -0.058 -0.590 -0.184  0.075  0.308 -0.278  0.441 -0.017 -1.020
Q       -0.243  0.263  0.324  0.484  0.388  0.060  0.322  0.075 -0.019 -0.363  0.520  0.173  0.098  0.182  0.405  0.320  0.119  0.287  0.000 -0.026  0.000
R        0.073 -0.069  0.197 -0.258  0.665  0.027  0.277 -0.173  0.165 -0.342 -0.772  0.203  0.034  0.007  0.351  0.239  0.288 -0.118 -0.685 -0.219  0.000
S        0.232 -0.650 -0.095  0.120  0.890 -0.126  0.184  0.080 -0.048  0.384  0.083  0.087  0.254  0.266  0.137  0.071  0.277  0.148  0.338 -0.481  0.000
T        0.185  0.000  0.032 -0.092 -0.523  0.226  0.122  0.182  0.166 -0.271 -0.759 -0.492 -0.015  0.054  0.260 -0.075  0.432  0.101 -0.808  0.008  0.000
V       -0.177  0.434  0.400 -0.286  0.102 -0.005 -0.297 -0.192 -0.101 -0.546 -0.433 -0.172 -0.063  0.003 -0.470  0.190  0.637 -0.193 -1.424  0.238 -0.700
W       -0.031  0.000  0.000  0.531  1.010  0.288  0.000  0.050 -0.890  0.554  0.000 -0.030 -0.435  0.000  0.797  0.137  0.452  0.239  0.000  0.519  0.000
Y       -0.239 -0.752  0.070  0.181 -0.822 -0.046 -1.057 -1.109  0.260  0.142  0.823  0.790  0.072  0.324  0.309  0.357  1.116  0.038  0.000  1.061  0.000
X        0.276  0.000  0.000 -0.810  0.000  0.000  0.000  0.000  0.000 -0.650  0.000  0.000 -0.225  0.000  0.000  0.000 -0.135  0.000  0.000  0.000  0.000
