i-1/i     A      C      D      E      F      G      H      I      K      L      M      N      P      Q      R      S      T      V      W      Y      X
A       -0.003  1.113 -0.084 -0.162 -0.130  0.000  0.264 -0.188 -0.226 -0.144  0.017  0.260 -0.066  0.051  0.144 -0.060 -0.127  0.002 -0.213 -0.797  0.000
C        0.752  0.000  0.000 -0.457  0.000  0.000  0.000  0.000  0.000 -0.546 -0.383 -0.001 -0.176  0.000  0.000  0.183  0.000 -0.026  0.000  0.000  0.000
D        0.081 -0.907 -0.185 -0.208 -0.502  0.000 -0.068 -0.088 -0.101 -0.136 -0.280 -0.250  0.006  0.064  0.370 -0.124 -0.348 -0.046 -1.009 -0.887  0.000
E        0.004  0.000  0.016  0.161  0.029  0.000 -0.097  0.307  0.205  0.308  0.441 -0.505 -0.001  0.143 -0.083  0.035  0.225 -0.076  0.518  0.105 -2.392
F        0.127  0.000 -0.117  0.249  0.478  0.000 -0.303  0.278 -0.128  0.352 -1.437  0.350 -0.231 -0.068  0.276 -0.117  0.104  0.718  0.335 -0.320  0.000
G       -0.099 -0.373  0.114 -0.193 -0.158  0.000 -0.236  0.001 -0.152 -0.047 -0.021  0.323  0.090  0.032 -0.098  0.000 -0.143 -0.172 -0.150  0.219  0.602
H       -0.196  0.000  0.119 -0.232  0.269  0.000 -0.384  0.169  0.089 -0.023 -0.022 -0.587  0.183  0.109  0.502  0.061 -0.046  0.084  0.000 -0.939  0.000
I        0.179 -0.797  0.161  0.099  0.806  0.000 -0.040  0.423  0.264 -0.276  1.136  0.446 -0.274 -0.329  0.197  0.329  0.113  0.207  0.000  0.405  0.000
K       -0.024  0.000  0.189 -0.010  0.117  0.000  0.038  0.064 -0.099 -0.080  0.574  0.043  0.021 -0.025 -0.051  0.073  0.149  0.294 -0.085 -0.225  0.000
L       -0.040  0.000 -0.162  0.004  0.475  0.000 -0.207 -0.360 -0.025  0.039  0.757  0.241 -0.062 -0.016  0.090  0.013  0.124 -0.069 -0.399  0.497  0.000
M       -0.010  0.146  0.154  0.010  0.360  0.000  0.304 -0.655  0.203 -0.097 -0.125 -0.060  0.318 -0.122 -0.904 -0.038 -0.229  0.303  0.000 -0.250  0.000
N        0.074  0.000 -0.177  0.087 -0.247  0.000  0.256  0.251 -0.210 -0.462 -0.018 -0.380  0.056 -0.260 -0.176  0.037  0.831  0.164 -0.694 -0.432  0.000
P        0.051 -0.639 -0.066  0.005 -0.115  0.000 -0.419  0.190  0.128  0.008  0.413 -0.111  0.115  0.377 -0.012  0.127  0.092  0.077  0.000 -0.125  0.000
Q        0.357  0.000  0.034  0.151 -0.051  0.000  0.362  0.168  0.304  0.331 -0.314 -0.124  0.057 -0.077 -0.189  0.022  0.195 -0.038 -0.502  0.029  0.000
R        0.097  1.426  0.016  0.119  0.202  0.000  0.385 -0.120 -0.117 -0.492 -1.139  0.114  0.177  0.186  0.104 -0.093  0.011  0.191 -0.486 -0.720  0.000
S       -0.140 -0.021  0.142 -0.062 -0.123  0.000  0.110  0.148  0.051 -0.228  0.243 -0.046  0.085  0.086  0.077 -0.031 -0.071 -0.066  0.144 -0.204  0.000
T        0.138  0.601  0.357  0.059  0.428  0.000  0.042  0.283  0.173  0.217  0.118 -0.019 -0.143  0.472  0.541  0.031 -0.104 -0.036 -0.344  0.397  1.299
V       -0.001  1.429  0.064  0.213  0.151  0.000  0.338 -0.225  0.214  0.340 -0.427 -0.117 -0.010  0.210 -0.110  0.159 -0.165  0.072  0.060  0.704  0.000
W       -0.221  0.000 -0.268 -0.256  1.256  0.000  0.000  1.332 -0.308  0.257  0.000  0.000  0.056  0.000  0.000 -0.165  0.000  0.873  0.000  0.000  0.000
Y        0.232  0.000  0.227 -0.288  0.663  0.000  1.198 -0.250 -0.009 -0.078 -0.611 -0.518  0.038  0.202 -0.202  0.108 -0.292 -0.599 -0.087  0.332  0.000
X        0.000  0.000  0.000 -0.650  0.000  0.000  0.000  0.000  0.000  0.000  0.000  0.000  0.000  0.000  0.000  0.000  0.000  0.580  0.000 -0.205  0.000
