i-1/i     A      C      D      E      F      G      H      I      K      L      M      N      P      Q      R      S      T      V      W      Y      X
A        0.106  1.239  0.152 -0.145 -0.028  0.000 -0.040 -0.111  0.038 -0.090 -0.000  0.120 -0.030  0.081  0.174  0.167  0.090  0.235 -0.196 -0.050  0.000
C        0.000  0.000 -0.136  0.460 -0.335  0.000  0.618  0.290  0.567  0.681  0.000  0.464  0.008  0.045  0.959  0.663 -0.036 -0.559  0.000  1.250  0.000
D        0.190 -0.114  0.015 -0.053  0.231  0.000  0.304  0.607  0.015  0.397  0.045  0.215  0.002  0.319  0.111  0.179  0.062  0.073 -1.026 -0.110  1.819
E        0.265 -0.204 -0.031 -0.096 -0.023  0.000  1.264  0.145  0.020 -0.022  0.063 -0.103  0.133  0.424  0.126  0.088  0.736  0.117 -0.406 -0.512  0.000
F       -0.065  0.000  0.098  0.099  0.113  0.000 -0.466  0.534  0.099  0.697  0.227  0.467 -0.068 -0.107  0.399  0.172 -0.324  0.358  0.072  0.006  0.000
G        0.122 -0.069 -0.077 -0.099 -0.033  0.000  0.403  0.178  0.070 -0.337 -0.106  0.340 -0.002 -0.148  0.097  0.027 -0.026 -0.367  0.118  0.066  0.000
H        0.153  0.000  0.167  0.018  0.139  0.000 -0.323  0.344 -0.132 -0.170  0.810  0.490 -0.027  0.261  0.394 -0.117 -0.196 -0.268  0.000 -1.010  0.000
I        0.077  0.760 -0.170 -0.077  0.494  0.000 -0.363 -0.476 -0.026 -1.023 -1.437 -0.159  0.086  0.036  0.060  0.075 -0.084  0.103 -0.235 -0.120  0.000
K        0.060  0.000  0.027  0.102 -0.009  0.000 -0.290 -0.439  0.080  0.079 -0.116 -0.114  0.169  0.412 -0.018 -0.057  0.362 -0.008  0.154 -0.094  0.022
L       -0.002 -0.486 -0.135  0.033 -0.342  0.000 -0.061 -0.604 -0.143 -0.064 -0.042 -0.474  0.022 -0.088  0.068  0.141  0.040  0.034 -0.281  0.164  0.000
M       -0.225  0.000  0.218  0.040  0.873  0.000 -0.010 -0.025 -0.106  0.052  0.000  0.055  0.006 -0.113  0.067 -0.071 -0.266 -0.234  0.000  0.000  0.000
N        0.145 -0.936  0.079  0.058  0.033  0.000  0.435 -0.104  0.175  0.185 -0.734  0.117 -0.015  0.361  0.133  0.025 -0.361  0.126  0.150  0.978  0.000
P       -0.752  0.196  0.052 -0.395  0.146  0.000  0.156  0.192 -0.396 -0.632 -0.919  0.053 -0.611 -0.504 -0.853 -0.537 -0.659 -0.142  0.205 -0.960 -1.094
Q        0.052  0.000  0.021 -0.000 -0.492  0.000  0.091  0.304  0.046 -0.412 -0.082 -0.326  0.093 -0.005  0.327 -0.071 -0.143  0.033  0.204  0.651 -1.473
R       -0.031  0.310  0.017  0.133 -0.385  0.000  0.486 -0.137 -0.058  0.009  0.871 -0.132  0.216 -0.174  0.101 -0.329 -0.034  0.285  0.675 -0.266  0.000
S        0.227 -0.107  0.154  0.061  0.051  0.000 -0.167  0.169  0.266  0.147  1.116  0.026  0.127 -0.045  0.219  0.050 -0.006  0.154 -0.058  0.310 -1.660
T        0.153 -0.437 -0.103  0.210  0.171  0.000  0.077 -0.025  0.186  0.480  0.200 -0.028  0.070  0.145  0.105  0.048 -0.224 -0.064  0.039  0.192  0.000
V        0.185 -0.004  0.057  0.028 -0.212  0.000 -0.068 -0.318 -0.130  0.061 -0.165 -0.241  0.120  0.016 -0.032  0.007 -0.141  0.213 -0.436  0.049  0.000
W        0.000  0.000 -0.164  0.092 -0.603  0.000  0.000 -1.325  0.134  0.198  0.030 -0.520 -0.433 -0.223 -0.444  0.054 -0.114 -0.631  0.000 -0.311  0.000
Y        0.293  0.000  0.150  0.027  0.178  0.000  1.097  0.363  0.428  0.021 -1.437 -0.345 -0.006  0.197  0.139  0.109  0.138 -0.272  0.611  0.096  0.000
X        0.000  0.000 -0.102  0.000  0.000  0.000  0.000  0.000  0.231  0.000  0.000  0.000  0.000  0.000  0.118 -0.176 -0.145 -0.186  0.000  0.000  0.000
