i-1/i     A      C      D      E      F      G      H      I      K      L      M      N      P      Q      R      S      T      V      W      Y      X
A       -0.009 -1.179  0.337  0.335  0.171  0.136 -0.934  0.541  0.187  0.120  0.166  0.324 -0.092 -0.085 -0.152 -0.119 -0.180  0.104  1.490 -0.358  0.000
C        0.000  0.000  0.037  0.000 -1.320 -0.877  0.000 -0.887  0.367  0.000 -0.149  0.000 -0.703  0.000  0.000  0.457 -0.568 -0.215 -0.894 -0.720  0.000
D        0.113  0.000 -0.105 -0.109 -0.239  0.364 -0.252  0.349 -0.552  0.576 -0.331  0.326 -0.234  0.085  0.334  0.059 -0.309  0.091  0.000  0.404  0.000
E        0.210  0.000  0.128  0.090  0.192  0.411  0.152  0.133  0.517  0.193  0.160  0.338  0.175 -0.110  0.178  0.102  0.145 -0.096 -0.172  0.496  0.000
F        0.669  0.000  0.028 -0.152  0.045 -0.347  0.000 -0.664 -0.455 -0.176 -0.801 -0.425 -0.216 -0.604 -0.619  0.051 -0.477 -0.175  0.000  0.000  0.000
G        0.187  0.002  0.108  0.273  0.108  0.092  0.488  0.486  0.260  0.049  0.378 -0.015  0.231  0.146  0.096  0.193  0.204  0.297  0.000  0.482  0.000
H        0.195  0.000 -0.111  0.015  0.036  0.218 -0.113 -0.365 -0.002  0.498 -0.611  0.801 -0.010  0.000  0.156 -0.141  0.032  0.400  0.000  0.000  0.000
I        0.145  0.000 -0.167 -0.299  0.081  0.205  0.000 -1.036  0.165 -0.417 -0.180 -0.006 -0.467 -0.431  0.114 -0.016 -0.380 -0.494  0.790  0.164  0.000
K        0.103  0.000  0.099 -0.094 -0.164  0.192 -0.217  0.185  0.114 -0.067 -0.143  0.114 -0.195  0.393  0.307  0.026 -0.284  0.043  0.978  0.880  0.000
L       -0.344  0.208 -0.051 -0.383  0.035  0.205  0.469 -0.382 -0.074 -0.269  0.196  0.107 -0.245 -0.113 -0.021 -0.072 -0.275 -0.350  0.382  0.390  1.298
M        0.667  0.000  0.000  0.267  0.000  0.187  0.000  0.314 -0.092 -0.449  0.517 -0.313 -0.406  0.139 -0.200  0.165 -0.005 -0.006  0.000 -0.261  0.000
N        0.413  0.000  0.236  0.104  0.501  0.502 -0.635  0.343 -0.106  0.090  0.090  0.126 -0.144  0.093 -0.099  0.227 -0.281  0.057  0.000 -0.667  0.000
P       -0.441  0.271 -0.488 -0.244 -0.685 -0.209 -0.711 -0.499 -0.260 -0.331 -0.511 -0.587 -0.238 -0.197 -0.061 -0.228 -0.506 -0.079 -1.648 -0.912  1.682
Q        0.085  0.873 -0.144  0.654  0.094  0.339  0.743 -0.120 -0.338 -0.504  0.570  0.593  0.142  0.411  0.551  0.094  0.147  0.273  0.000  0.432  0.000
R        0.373  0.000 -0.032  0.362 -0.130  0.141  0.207  0.320  0.081 -0.166  0.462 -0.077 -0.006 -0.109  0.122 -0.033 -0.385 -0.385  1.037 -0.460  0.000
S        0.099  0.045  0.030  0.063  0.822 -0.693  0.006 -0.020 -0.037  0.353  0.395 -0.382  0.611  0.181  0.131  0.219  0.020  0.317  0.189  0.467  0.000
T        0.440  0.000  0.057  0.072 -0.323  0.556 -0.366  0.086 -0.093 -0.358  0.038 -0.894  0.053  0.202  0.158 -0.158 -0.530 -0.184  0.000  0.000  0.000
V        0.078  0.000 -0.484  0.056  0.998  0.344 -0.383 -0.102 -0.239 -0.199  0.176 -0.080  0.052  0.045 -0.498 -0.142 -0.070 -0.132 -1.774  0.187 -1.682
W       -0.318  0.000  0.000 -0.066 -0.094 -0.504  0.000  0.000 -0.426  0.000  0.000  0.254 -0.819  0.000  0.337  0.000  0.296  0.325  0.000  0.339  0.000
Y        0.093  0.000 -0.421  0.020  0.000 -0.132  0.000 -0.448 -0.168 -0.088  0.572  0.545 -0.987 -0.460 -0.628 -0.139 -0.684 -0.013  0.000 -0.145  0.000
X        0.000  0.000  0.000  0.000  0.000  0.000  0.000  0.000  0.000  0.000  0.000  0.000 -0.733  0.000  0.000  0.000  0.000  0.000  0.000  0.000  0.000
