i-1/i     A      C      D      E      F      G      H      I      K      L      M      N      P      Q      R      S      T      V      W      Y      X
A        0.252  0.000  0.092  0.238  0.251  0.289 -0.070  0.588  0.418  0.335 -0.090  0.063 -0.076  0.360  0.301  0.108 -0.199 -0.070  0.000 -0.154  0.000
C        0.703  0.000  0.000  0.000  0.000 -0.236  0.000  0.000  0.969  0.638  0.000  0.000 -0.234  0.000 -0.322 -0.064  0.286 -0.115  0.000  0.000  0.000
D       -0.035 -0.087  0.020 -0.275  0.626  0.330  0.228 -0.040 -0.030  0.207 -0.553  0.211  0.497 -0.267  0.032  0.373  0.134  0.051 -0.370 -0.309  0.000
E        0.287 -0.095 -0.103  0.010  0.025  0.216 -0.229  0.099 -0.418 -0.246 -0.219 -0.186 -0.022 -0.142 -0.408  0.010 -0.203 -0.044  0.421  0.246  0.000
F       -0.452  0.000  0.050 -0.657 -0.314  0.111  0.051 -0.205 -0.795 -0.271 -0.519 -0.051 -0.752 -0.021 -0.358 -0.491  0.080 -0.697  0.000  0.010  0.000
G        0.112 -0.254  0.332  0.170 -0.016  0.284  0.035 -0.032  0.358 -0.050  0.186  0.199  0.517 -0.096  0.127  0.068  0.034 -0.159 -0.118 -0.010  0.000
H       -0.102 -0.713 -0.166 -0.148  0.581 -0.118 -0.148 -0.137  0.261  0.235  0.329 -0.122  0.203 -0.124 -0.488  0.290  0.151 -0.166  0.000 -0.596  0.000
I       -0.001  0.000 -0.291  0.161 -0.283 -0.384 -0.103  0.088 -0.087 -0.152  0.715 -0.095 -0.566 -0.019  0.002 -0.043  0.177 -0.273  0.000 -0.623  0.000
K        0.274  0.000 -0.075  0.088  0.438 -0.177  0.739  0.186  0.115  0.200  0.230 -0.028 -0.115  0.274  0.111 -0.222  0.051 -0.093 -0.641  0.032  1.153
L       -0.171  0.000 -0.216  0.017 -0.502 -0.027  0.054  0.294  0.131 -0.185 -0.264  0.271 -0.168  0.116 -0.084  0.160  0.497  0.083 -0.872  0.700  0.000
M       -0.250  0.000  0.012 -0.112  0.000  0.131  0.800 -0.249 -0.215 -0.028 -0.266 -0.380 -0.102  0.195  0.407 -0.164  0.121 -0.010  0.122 -0.711  0.000
N       -0.242  0.250 -0.089  0.007  0.113 -0.105 -0.173 -0.012  0.453 -0.079  0.881  0.287  0.329  0.013 -0.063 -0.180  0.046  0.203  0.702  0.485  0.000
P        0.176 -0.483  0.391  0.060 -0.109  0.525  0.676  0.008  0.440  0.355 -0.175 -0.026 -0.034  0.086  0.396  0.097 -0.102  0.396 -1.507  0.083  0.000
Q        0.281  0.000 -0.196 -0.043  0.073  0.301 -0.108 -0.182  0.078 -0.043  0.453 -0.486  0.041 -0.047  0.459 -0.001 -0.097  0.110  1.774 -0.749  0.000
R       -0.303  0.000  0.016  0.091 -0.166  0.198  0.074  0.182  0.123  0.048  0.145  0.001 -0.298  0.068  0.019  0.011 -0.217 -0.042  0.117 -0.827  0.206
S        0.091  0.000  0.149  0.214  0.720 -0.461 -0.145  0.054 -0.064 -0.070  0.471  0.082  0.014  0.408 -0.201 -0.014 -0.183  0.267 -0.034  0.331 -0.660
T        0.052  0.031  0.195  0.238 -0.641  0.076 -0.200 -0.195 -0.070 -0.045 -0.287 -0.462 -0.080 -0.104  0.050 -0.176 -0.254 -0.021 -0.163 -0.143 -0.793
V       -0.293  0.000  0.036 -0.145 -0.090  0.381 -0.418  0.082 -0.129 -0.304 -0.381 -0.267  0.129 -0.292 -0.138 -0.257 -0.089  0.216 -0.178 -0.132  0.000
W        0.000  0.000  0.528  0.021 -0.820 -0.462  0.000 -0.995 -0.329  0.000  0.000  0.000  0.119  0.741  0.037 -0.263  0.478 -0.956  0.000 -0.402  0.000
Y       -0.390  0.000 -0.303 -0.738 -1.320  0.013  0.483 -0.664 -1.098  0.028  0.000 -0.257  0.245 -0.872 -0.322 -0.155 -0.196 -0.593  0.000  0.000  0.000
X        0.000  0.000 -0.159  0.000  0.000  0.000  0.000  0.000  0.000  0.000  0.000  0.000 -0.058  0.000  0.000  0.000  0.000  0.000  0.000  0.000  0.000
