i-1/i     A      C      D      E      F      G      H      I      K      L      M      N      P      Q      R      S      T      V      W      Y      X
A        0.008  0.109 -0.015  0.011 -0.042  0.000 -0.009 -0.085  0.008 -0.072 -0.061 -0.028 -0.039  0.003  0.002 -0.002 -0.039 -0.016 -0.043  0.214  0.000
C        0.161  0.000 -0.031  0.000 -0.026  0.000 -0.115  0.000 -0.126  0.000  0.032 -0.027 -0.066  0.000 -0.020 -0.002 -0.037  0.067 -0.083 -0.037  0.000
D        0.019  0.000 -0.063 -0.015  0.036  0.000 -0.035  0.040  0.003  0.092 -0.040 -0.057  0.005  0.021 -0.030 -0.013  0.025 -0.007  0.000 -0.002  0.000
E       -0.008  0.000  0.006 -0.014  0.328  0.000 -0.031 -0.032 -0.039  0.001 -0.038  0.024  0.082  0.023  0.020  0.000 -0.029  0.002 -0.095  0.005  0.164
F       -0.022  0.000  0.072 -0.057 -0.168  0.000 -0.143 -0.223 -0.110 -0.068 -0.080 -0.089 -0.041 -0.039 -0.032 -0.092 -0.074 -0.117  0.000 -0.131  0.000
G       -0.005  0.009 -0.003  0.003 -0.083  0.000  0.129  0.021  0.011 -0.018  0.080 -0.007 -0.004  0.027  0.061  0.031 -0.009  0.020 -0.305 -0.065  0.000
H       -0.163  0.000 -0.048 -0.097 -0.083  0.000 -0.099  0.027 -0.041 -0.062  0.162 -0.090 -0.082  0.009 -0.018 -0.032 -0.056 -0.028 -0.046  0.000  0.000
I        0.011  0.000 -0.004  0.073  0.126  0.000 -0.076  0.053 -0.002  0.015  0.014 -0.075 -0.027  0.036  0.025 -0.022 -0.069  0.021  0.004 -0.081  0.224
K        0.004  0.000  0.021 -0.019  0.184  0.000  0.065  0.043  0.004  0.002 -0.027 -0.009  0.044 -0.042 -0.030 -0.017 -0.028 -0.086 -0.015  0.088  0.000
L       -0.037 -0.238 -0.019  0.022 -0.098  0.000 -0.011  0.056  0.014  0.046 -0.047 -0.035 -0.000  0.003 -0.021 -0.018 -0.045  0.039  0.202  0.036 -0.129
M       -0.006  0.000  0.143 -0.118  0.000  0.000 -0.126  0.094 -0.019 -0.065 -0.055  0.022 -0.026  0.067 -0.021 -0.045 -0.043  0.190  0.000 -0.137  0.000
N       -0.022  0.000  0.021  0.019 -0.200  0.000  0.032 -0.081 -0.015  0.050  0.003 -0.038 -0.010 -0.056 -0.034  0.013 -0.079 -0.047 -0.173 -0.082  0.000
P        0.015  0.066 -0.006  0.002 -0.009  0.000  0.026  0.047  0.021  0.045 -0.017 -0.014 -0.005  0.035  0.029 -0.015 -0.056  0.028 -0.099  0.016  0.083
Q        0.018 -0.124 -0.038 -0.024 -0.171  0.000  0.009  0.028  0.023  0.054 -0.105 -0.016  0.007  0.017 -0.001 -0.025 -0.052 -0.017  0.000 -0.041  0.000
R        0.012 -0.303 -0.041  0.018 -0.216  0.000  0.030 -0.040 -0.053  0.003  0.158  0.032 -0.015  0.021 -0.058 -0.018 -0.080  0.047  0.017 -0.097  0.000
S       -0.009  0.041  0.043  0.021 -0.033  0.000  0.052  0.028  0.032 -0.029 -0.004  0.028  0.040  0.035  0.017  0.023 -0.034 -0.029 -0.094  0.020  0.000
T       -0.056  0.000 -0.004 -0.016 -0.017  0.000  0.027 -0.034  0.008  0.034  0.101  0.063  0.026  0.004 -0.028  0.029 -0.014  0.043  0.290 -0.016  0.000
V        0.011  0.102  0.026  0.041 -0.053  0.000  0.045  0.107  0.019  0.039  0.090  0.060  0.009 -0.003  0.093  0.019 -0.046 -0.005  0.234  0.044  0.158
W       -0.021  0.000  0.000  0.026 -0.173  0.000  0.000  0.000  0.000 -0.112  0.000 -0.044  0.015  0.000 -0.180 -0.032  0.000 -0.189  0.000 -0.217  0.000
Y       -0.163 -0.006 -0.013 -0.040  0.024  0.000 -0.012 -0.204 -0.051 -0.054 -0.105 -0.066 -0.100 -0.053 -0.027 -0.061 -0.157 -0.036  0.000 -0.161  0.000
X       -0.036  0.000  0.000  0.026  0.000  0.000  0.000  0.000  0.000  0.050  0.000  0.000 -0.163  0.000  0.000  0.000  0.014  0.000  0.000  0.000  0.000
