i-1/i     A      C      D      E      F      G      H      I      K      L      M      N      P      Q      R      S      T      V      W      Y      X
A       -0.033 -0.478 -0.070  0.018 -0.198  0.002  0.106  0.224  0.048  0.053  0.086  0.033  0.000  0.031 -0.054 -0.020 -0.059 -0.026 -0.394 -0.025  0.000
C        0.274  0.000  0.000  0.144  0.000  0.265  0.000  0.000  0.000  0.145  0.004  0.130  0.000  0.000  0.000  0.061 -0.324 -0.020  0.000  0.000  0.000
D       -0.046 -0.104  0.088 -0.037 -0.094  0.117  0.137 -0.065  0.163 -0.013  0.106  0.051  0.000  0.034 -0.099 -0.044  0.079  0.006 -0.270 -0.025  0.000
E       -0.044  0.000  0.066 -0.033  0.268 -0.022 -0.029  0.161  0.069  0.074  0.155  0.098  0.000 -0.083  0.009  0.010 -0.060  0.089  0.434  0.093 -0.125
F       -0.127  0.205  0.066  0.029  0.171 -0.220  0.216  0.114 -0.214 -0.047  0.253 -0.086  0.000 -0.034 -0.108 -0.088  0.002  0.072  0.125 -0.190  0.000
G        0.142  0.006  0.051  0.163 -0.082  0.111  0.195  0.108  0.134  0.008  0.137  0.131  0.000  0.134  0.106  0.157 -0.012  0.104  0.192  0.095  0.065
H        0.052  0.000 -0.026  0.148  0.320  0.142  0.198  0.317 -0.034  0.093 -0.189  0.078  0.000  0.020  0.188  0.047  0.093 -0.028  0.000  0.028  0.000
I        0.114 -0.402 -0.098  0.016  0.624  0.079 -0.045 -0.003  0.054  0.059  0.143 -0.069  0.000 -0.216 -0.014 -0.042 -0.157 -0.153  0.000  0.084  0.000
K       -0.018  0.000  0.078  0.080 -0.129  0.008  0.145  0.077  0.070  0.057  0.067  0.135  0.000 -0.091  0.033  0.067  0.246  0.024  0.173  0.002  0.000
L        0.012  0.000  0.106 -0.014 -0.115  0.053  0.044 -0.017 -0.023 -0.048  0.074 -0.072  0.000  0.115 -0.149 -0.097 -0.072  0.001  0.328 -0.087  0.000
M        0.051 -0.599  0.025  0.107  0.192  0.121 -0.108  0.274  0.085  0.233  0.064  0.086  0.000  0.257  0.239  0.001  0.011  0.022  0.000  0.006  0.000
N       -0.012  0.000 -0.008 -0.061 -0.156  0.060  0.050  0.028  0.051  0.075 -0.071 -0.066  0.000  0.052 -0.053  0.058  0.500 -0.102 -0.149 -0.096  0.000
P        0.049  0.191  0.053  0.025 -0.113  0.007  0.306 -0.558  0.060  0.104 -0.194 -0.048  0.000 -0.084 -0.019 -0.020 -0.049 -0.177  0.000  0.025  0.000
Q        0.117  0.000  0.116  0.076  0.034  0.060  0.116 -0.053  0.019  0.196  0.082  0.006  0.000  0.104  0.083  0.087  0.154  0.069  0.315  0.003  0.000
R        0.024  0.031 -0.017  0.004 -0.063  0.035 -0.134  0.221 -0.018  0.137  0.066  0.011  0.000  0.115  0.025  0.038  0.021  0.106  0.668  0.291  0.000
S        0.033  0.391 -0.053 -0.042 -0.290  0.051 -0.008 -0.110  0.034 -0.023 -0.029  0.034  0.000 -0.070 -0.092 -0.033 -0.088  0.002 -0.178  0.095  0.000
T        0.052 -0.185  0.034 -0.092 -0.102 -0.037  0.135  0.081  0.004 -0.029 -0.027  0.121  0.000  0.058 -0.013  0.065  0.026 -0.048  0.172 -0.083  0.198
V        0.035  0.180  0.067 -0.010 -0.023  0.075 -0.007  0.141  0.071  0.011  0.195  0.044  0.000  0.058  0.144 -0.155  0.082  0.143 -0.091 -0.029  0.000
W       -0.119  0.000 -0.128 -0.139 -0.552  0.000  0.000  0.258 -0.284 -0.135  0.000  0.000  0.000  0.000  0.000 -0.156  0.000 -0.044  0.000  0.000  0.000
Y       -0.048  0.000 -0.150  0.019 -0.049 -0.326 -0.389 -0.180  0.018  0.195  0.140 -0.173  0.000 -0.040 -0.114 -0.118 -0.092  0.037 -0.593  0.021  0.000
X        0.000  0.000  0.000  0.240  0.000  0.000  0.000  0.000  0.000  0.000  0.000  0.000  0.000  0.000  0.000  0.000  0.000 -0.105  0.000 -0.123  0.000
