i-1/i     A      C      D      E      F      G      H      I      K      L      M      N      P      Q      R      S      T      V      W      Y      X
A        0.022 -0.546 -0.083  0.008 -0.088 -0.011  0.154  0.019  0.002 -0.113 -0.063 -0.268  0.000  0.064  0.084 -0.048 -0.056 -0.090 -0.319  0.149  0.000
C        0.000  0.000 -0.004  0.037 -0.222  0.073 -0.115 -0.479 -0.003  0.089  0.000 -0.144  0.000  0.267  0.047 -0.145 -0.146 -0.020  0.000 -0.260  0.000
D       -0.070  0.118 -0.038  0.043 -0.226  0.035 -0.006  0.056  0.023 -0.020  0.140 -0.042  0.000  0.062 -0.076 -0.034  0.179  0.007  0.089  0.055 -0.449
E        0.056  0.174  0.043 -0.022 -0.029  0.054 -0.374  0.135  0.066  0.030  0.008  0.040  0.000 -0.037 -0.016  0.001  0.305 -0.070  0.024 -0.018  0.000
F       -0.033  0.000 -0.014  0.004 -0.173 -0.203  0.001 -0.397 -0.165 -0.179 -0.026  0.088  0.000  0.053 -0.242 -0.134  0.015 -0.201 -0.013  0.368  0.000
G        0.036 -0.090  0.041  0.121  0.218  0.084  0.076  0.124  0.051  0.113  0.060 -0.017  0.000 -0.074  0.052  0.029 -0.065  0.089  0.102  0.000  0.000
H       -0.048  0.000 -0.100 -0.021 -0.064  0.023  0.025 -0.558 -0.066 -0.004 -0.338  0.041  0.000  0.126 -0.201  0.055  0.054  0.013  0.000  0.339  0.000
I       -0.093 -0.158  0.056  0.034 -0.209 -0.041  0.174  0.256  0.056  0.150  0.151  0.008  0.000  0.094  0.088  0.095  0.040  0.018 -0.398  0.266  0.000
K       -0.051  0.000  0.077 -0.091 -0.058  0.102  0.064 -0.039 -0.007  0.056 -0.184 -0.043  0.000 -0.083  0.023  0.030  0.005 -0.031 -0.008  0.045 -0.012
L       -0.022  0.134  0.029  0.033  0.015 -0.024  0.019  0.098  0.039 -0.092 -0.112  0.072  0.000 -0.000  0.019 -0.066 -0.050  0.027  0.487 -0.062  0.000
M        0.189  0.000 -0.086  0.028 -0.342 -0.046  0.135  0.087 -0.179 -0.057  0.000  0.020  0.000  0.028  0.001 -0.098  0.060  0.147  0.000  0.000  0.000
N        0.033 -0.210 -0.045 -0.129 -0.121  0.066  0.059  0.163 -0.019 -0.001 -0.059  0.020  0.000 -0.168  0.066  0.010 -0.021  0.007 -0.024 -0.190  0.000
P        0.010  0.478 -0.015  0.003 -0.210 -0.071 -0.116  0.121 -0.013  0.007 -0.018  0.082  0.000 -0.068 -0.076 -0.070  0.012 -0.022 -0.189 -0.056  0.134
Q        0.061  0.000 -0.014 -0.002 -0.078  0.059 -0.018 -0.001 -0.016  0.065 -0.051 -0.048  0.000  0.019  0.074 -0.001 -0.016 -0.029 -0.281 -0.312 -0.127
R       -0.013 -0.024 -0.001  0.042 -0.223 -0.022 -0.123 -0.064  0.057  0.039  0.121  0.061  0.000 -0.014 -0.035 -0.002  0.012 -0.015 -0.007 -0.090  0.000
S        0.043 -0.097  0.043  0.067  0.002  0.128  0.153  0.151  0.089 -0.017  0.173  0.042  0.000  0.066 -0.016  0.112 -0.031 -0.013 -0.429 -0.125  0.203
T        0.066  0.059  0.100  0.047  0.169  0.006  0.049  0.083  0.167  0.076 -0.038  0.154  0.000  0.055  0.073 -0.008 -0.066  0.053  0.244 -0.012  0.000
V        0.003 -0.428  0.049  0.021 -0.044 -0.105 -0.097 -0.026  0.086  0.049  0.107  0.014  0.000 -0.026  0.030 -0.116 -0.071  0.038  0.467  0.148  0.000
W        0.000  0.000 -0.019 -0.053 -0.431 -0.194  0.000 -0.023 -0.090 -0.006 -0.013 -0.275  0.000  0.183 -0.134 -0.179 -0.263  0.402  0.000  0.000  0.000
Y       -0.202  0.000 -0.015 -0.093 -0.215 -0.109 -0.045 -0.195 -0.126 -0.111  0.354 -0.170  0.000  0.065 -0.072  0.009 -0.040 -0.168  0.000  0.568  0.000
X        0.000  0.000  0.044  0.000  0.000  0.000  0.000  0.000  0.083  0.000  0.000  0.000  0.000  0.000  0.000 -0.324 -0.500 -0.134  0.000  0.000  0.000
