i-1/i     A      C      D      E      F      G      H      I      K      L      M      N      P      Q      R      S      T      V      W      Y      X
A       -0.153  0.682 -0.453 -0.153  0.291 -0.505  0.565 -0.838  0.348  0.456 -1.294  0.263  0.000 -0.855 -0.691  0.388  0.937 -0.156  0.990 -2.066  0.000
C        0.610  0.000 -1.905  0.000  0.652 -1.076  2.078  0.029 -0.992  0.000  0.274  0.420  0.000  0.000  1.038  0.395  0.190 -0.893  3.559 -0.425  0.000
D        0.179  0.000 -0.396 -0.271 -0.674 -0.300  0.428  0.352  1.052  0.194  0.143  0.327  0.000  0.046  0.114 -0.137 -0.086  0.098  0.000  0.143  0.000
E       -0.245  0.000 -0.051  0.117  0.618  0.295  0.354  0.431  0.297 -0.792 -0.353 -0.184  0.000 -0.665 -0.222 -0.542 -0.691  0.120 -1.079  0.004 -1.235
F       -1.191  0.000  1.669 -0.991 -0.216 -0.656 -0.552  1.393 -0.320 -0.094  0.704 -0.801  0.000 -0.114  1.561 -0.099  0.501  1.341  0.000 -0.767  0.000
G        0.006 -1.130  0.253  0.049  0.361  0.272  0.169 -0.153  0.082  0.279  1.408  0.389  0.000  0.105  0.082 -0.578  0.328 -0.282  0.267  0.370  0.000
H        0.151  0.000  0.357 -0.722 -0.932 -0.489 -0.451  0.473 -0.617 -0.026 -0.427  1.198  0.000  0.000 -0.812 -0.262 -0.715 -0.088  1.295  0.000  0.000
I       -0.055  0.000 -0.191  0.163 -2.458 -0.622 -0.869 -0.933 -0.036 -0.050 -1.158  0.431  0.000  0.045  0.769 -0.496  0.343 -0.757 -0.258 -1.345 -0.550
K       -0.181  0.000  0.069  0.223  1.079  0.259  0.318  0.401  0.263 -0.441  0.826  0.349 -5.376 -0.419  0.360  0.097  0.817  0.738 -1.087 -0.747  0.000
L       -0.735  2.397 -1.785 -0.161 -0.506 -0.153 -0.213  0.087  0.362 -0.312 -1.026 -0.749  0.000 -0.218  0.339 -0.050  0.545 -0.001  0.433  0.135 -1.519
M       -0.926  0.000  1.271  0.734  0.000  0.621  0.000 -0.694  0.474  1.184 -0.985 -1.458  0.000  0.409  2.356 -2.151 -0.433  1.123  0.000  2.884  0.000
N       -0.442  0.000 -0.128  0.342  0.345 -0.088 -2.299  1.014  0.475  0.684 -0.445 -0.278  0.000  0.187 -0.145  0.203  0.071  0.546  1.626 -0.943  0.000
P       -0.007 -0.028 -0.048 -0.331  0.121 -0.184  0.762 -0.249  0.129  0.013  0.050 -0.162  3.848 -1.188  0.148 -0.322  0.612  0.447 -1.377  0.105  0.509
Q        0.316  1.020  0.147 -0.572 -0.375 -0.354 -0.433  0.188  0.121 -0.126  0.332 -0.089  0.000  0.653  0.609  0.030 -0.097 -0.239  0.000 -0.619  0.000
R        0.404  1.761 -0.157  0.102  0.985 -0.138 -0.932 -0.010 -0.698  0.236  0.152  0.483  0.000  0.050  0.155 -0.060  1.454  1.119 -0.847 -0.739  0.000
S        0.023 -0.847  0.540  0.461  0.762  0.512  1.124 -0.022  0.125 -0.531  0.017 -0.409  0.000  0.267 -0.017  0.204 -0.152  0.311  0.010 -2.477  0.000
T        0.161  0.000 -0.112 -0.585  0.460 -0.368 -0.870 -0.049 -0.227  0.274  0.675 -0.774  0.000  0.254 -0.128 -0.035  1.143  0.634 -2.994  1.018  0.000
V        0.269 -0.341 -0.503  0.100  0.487 -0.120 -1.152 -0.416 -0.085  0.179  1.058 -0.581  0.000 -1.161  0.045 -0.227  0.336 -0.042 -0.974 -0.779  1.704
W       -0.114  0.000  0.000 -0.883 -0.871 -1.158  0.000  0.000 -2.540  0.265  0.000  0.985  0.000  0.000  0.563  0.053 -0.867  0.638  0.000 -0.789  0.000
Y        1.623  3.498  0.802 -0.307 -3.130 -0.195  0.546  2.205  0.147 -0.520 -2.011 -0.504  0.000  0.150  1.096  0.790  2.204 -0.228  0.000  2.551  0.000
X       -0.276  0.000  0.000  0.000  0.000 -0.552  0.000  0.000  0.000  2.823  0.000  0.000  0.000  0.000  0.000  0.000  0.812  0.000  0.000  0.000  0.000
