i-1/i     A      C      D      E      F      G      H      I      K      L      M      N      P      Q      R      S      T      V      W      Y      X
A       -0.587 -0.121 -0.730 -0.390  0.271  0.000  0.143 -0.107 -0.094 -0.090  0.293 -0.951  0.078 -0.280  0.133  0.129 -0.006 -0.049 -0.437 -0.271  1.692
C       -0.448 -0.716 -0.569  0.056 -0.098  0.000 -0.396  0.810 -0.381 -1.052  0.967  0.373  0.000 -0.591 -0.414  0.062 -0.049  0.177  0.000 -0.895  0.000
D       -0.440  0.311 -1.364 -0.706 -0.911  0.000  0.572 -0.639 -0.665 -0.422 -1.453  0.338 -0.745 -1.060 -0.233 -0.273  0.161 -0.183  0.281  0.160  0.000
E       -0.399 -0.784 -0.296 -1.137 -0.711  0.000 -0.268 -0.364 -0.818 -0.469  0.228 -0.770  0.098 -0.884 -0.228 -0.330 -0.166 -0.364 -0.497 -0.110 -1.106
F       -0.095 -0.482 -0.464 -0.124 -0.622  0.000  0.017  0.310 -0.405 -0.131 -1.396 -0.044 -0.245 -0.324 -0.236 -0.005  0.051 -0.145 -0.500 -0.535  1.909
G       -0.922  0.271 -0.372  0.024  0.671  0.000 -0.336  0.096  0.311  0.150  0.005 -0.140  0.325 -0.423  0.178  0.107  0.311  0.212 -0.333  0.181  0.135
H       -0.335  0.374 -0.981 -0.428 -0.886  0.000 -1.300 -0.313 -0.601 -0.034  0.054 -0.162 -0.094 -0.317 -0.424 -0.266 -0.118 -0.428  0.486 -0.307 -2.756
I       -0.574 -0.181 -0.397 -0.244 -0.603  0.000 -0.536 -0.430 -0.378 -0.713 -0.057 -0.047 -0.018 -0.542 -0.164 -0.408 -0.341 -0.380 -0.376 -0.211 -0.537
K       -0.324  0.297 -0.665 -1.203 -0.027  0.000  0.151 -0.425 -0.816 -0.407 -0.355 -1.081 -0.118 -1.619 -0.795 -0.543 -0.197 -0.349 -0.463 -0.382 -2.543
L       -0.648  0.085 -0.494 -0.310 -0.162  0.000 -0.222 -0.491 -0.244 -0.317 -0.364 -0.455 -0.414 -0.444 -0.321 -0.556 -0.226 -0.341 -0.609 -0.830  0.000
M       -1.189  0.240 -0.869 -0.262 -0.623  0.000 -1.467 -0.484 -0.090 -1.112 -0.568 -0.619  0.124 -0.189 -0.360 -0.910 -0.291 -0.563  0.117 -0.340 -0.505
N       -0.491 -0.179  0.000  0.896 -0.213  0.000  0.173 -0.293 -1.012 -0.451 -1.110 -0.734 -0.378 -0.200 -0.864 -1.034 -1.141 -0.253 -0.985  0.099  0.000
P        0.317  0.000  0.000 -0.973  0.050  0.000  0.175 -0.531  1.258 -0.547 -0.243  0.000 -0.231 -0.260 -0.298 -0.172  1.108 -0.019 -1.359  0.125  0.000
Q       -0.173  0.688  0.189 -0.949 -0.087  0.000  1.171 -0.481 -1.017 -0.480 -0.019 -0.358 -0.065 -1.251 -0.563 -0.357 -0.869 -0.488  0.150  0.149  2.221
R       -0.455 -0.841  0.000 -0.819 -0.233  0.000  0.996 -0.615 -0.764 -0.574  0.168 -0.069 -0.047 -0.437 -0.335 -0.301 -0.200 -0.357 -0.192 -0.452 -2.867
S       -0.031  0.092 -0.686 -0.541  0.048  0.000 -0.005  0.667 -0.610  0.345 -0.587  0.564  0.088  0.401  0.153 -0.306 -0.257  0.214 -0.000  0.522  1.512
T       -0.540 -0.763 -0.812 -0.577 -0.251  0.000  0.005 -0.049 -0.687 -0.172 -0.655 -0.028  0.065 -0.047 -0.341 -0.367 -0.243 -0.134 -0.049  0.067 -3.595
V       -0.419 -0.164 -0.571 -0.516 -0.561  0.000 -0.363 -0.247 -0.752 -0.497 -0.390 -0.583 -0.054 -0.645 -0.296 -0.470 -0.351 -0.277  0.180 -0.237 -2.879
W       -0.426 -0.097 -0.013  0.299 -0.475  0.000 -0.441  0.586 -0.067  0.193  1.808 -1.422  0.235  0.110  0.293  0.132  0.310  0.886  0.420  0.870 -1.258
Y       -0.101 -0.485  0.024  0.037 -0.205  0.000 -0.702  0.398 -0.268 -0.033  0.286 -0.359  0.058  0.101 -0.442 -0.021 -0.121 -0.197 -0.274 -0.118 -2.731
X        0.748  0.000 -0.532 -0.442  1.080  0.000  0.000  0.079 -0.130 -0.120  0.388  0.292  0.000  0.292 -0.606  0.000  0.294  1.220 -1.476 -0.408  1.686
