i-1/i     A      C      D      E      F      G      H      I      K      L      M      N      P      Q      R      S      T      V      W      Y      X
A       -0.167 -0.100 -0.116 -0.034 -0.003  0.000  0.011 -0.007 -0.090 -0.121 -0.313  0.014 -0.142 -0.069 -0.099 -0.017 -0.050 -0.032 -0.064 -0.076 -0.001
C       -0.081 -0.215 -0.133  0.095 -0.050  0.000  0.038 -0.033  0.112 -0.046 -0.077 -0.009  0.000  0.232 -0.059 -0.011 -0.007 -0.045 -0.407 -0.210  0.000
D       -0.187 -0.080  0.000 -0.267 -0.198  0.000 -0.173 -0.164 -0.330 -0.079 -0.191 -0.267  0.000 -0.121 -0.087 -0.339 -0.200 -0.208 -0.275 -0.092  0.103
E       -0.096 -0.105 -0.291 -0.336 -0.111  0.000 -0.192 -0.130 -0.315 -0.106 -0.264  0.044  0.000 -0.240 -0.225 -0.264 -0.163 -0.046 -0.076  0.044 -0.073
F        0.041  0.148 -0.039  0.038 -0.180  0.000  0.070  0.000 -0.012  0.017  0.142  0.123  0.106  0.059 -0.081 -0.081  0.032 -0.082 -0.111 -0.112  0.305
G       -0.200  0.111 -0.097  0.086 -0.078  0.000 -0.108  0.022 -0.145 -0.176 -0.048 -0.191 -0.081 -0.090 -0.014 -0.083  0.022  0.074 -0.144 -0.019  0.089
H       -0.047 -0.202  0.150 -0.191  0.038  0.000  0.015 -0.104 -0.138 -0.232 -0.098  0.033 -0.258 -0.085  0.027  0.020 -0.278 -0.052 -0.228 -0.071  0.000
I        0.004  0.179 -0.111 -0.081  0.078  0.000  0.053 -0.061  0.029  0.016 -0.009  0.037 -0.031  0.065 -0.002 -0.061 -0.021 -0.074 -0.010  0.043 -0.016
K       -0.091 -0.119 -0.193 -0.301  0.000  0.000 -0.215 -0.116 -0.206 -0.054 -0.099  0.117 -0.270 -0.212 -0.124 -0.262 -0.219 -0.112 -0.051 -0.009 -0.131
L       -0.078  0.092 -0.035 -0.124 -0.093  0.000 -0.016 -0.211 -0.030 -0.079 -0.212 -0.033 -0.196 -0.155 -0.076 -0.105 -0.100 -0.118 -0.067 -0.110 -0.228
M       -0.153  0.000 -0.080 -0.049 -0.134  0.000  0.140  0.025 -0.303 -0.065 -0.240 -0.297 -0.308  0.039 -0.050 -0.081 -0.091 -0.118 -0.090 -0.069  0.000
N       -0.352  0.114 -0.264 -0.250 -0.203  0.000 -0.189 -0.159 -0.140 -0.148 -0.236 -0.233  0.000 -0.199 -0.114 -0.171 -0.336 -0.190 -0.251 -0.073  0.060
P       -0.038  0.000 -0.204 -0.022 -0.246  0.000 -0.377 -0.086 -0.134 -0.067  0.019 -0.030  0.166 -0.007 -0.189 -0.191 -0.152 -0.073 -0.013 -0.252  0.000
Q       -0.010 -0.358 -0.217 -0.248 -0.047  0.000  0.000 -0.076 -0.155 -0.040 -0.161 -0.234 -0.113 -0.224 -0.109 -0.054 -0.083 -0.130 -0.077 -0.014  0.022
R        0.020  0.043 -0.256 -0.138  0.044  0.000 -0.102 -0.028 -0.086 -0.058  0.054 -0.131 -0.050 -0.263 -0.002 -0.103 -0.226  0.033 -0.054 -0.059 -0.127
S       -0.097 -0.079 -0.168 -0.229  0.043  0.000 -0.123  0.051 -0.134 -0.083 -0.090  0.000 -0.300 -0.268 -0.072 -0.127 -0.121 -0.003 -0.099  0.080  0.000
T       -0.114  0.222 -0.168 -0.185  0.007  0.000 -0.096  0.015 -0.159  0.075 -0.043  0.001  0.000 -0.183 -0.120  0.078 -0.117  0.045 -0.144 -0.004 -0.191
V       -0.094  0.137 -0.040 -0.036  0.026  0.000 -0.106 -0.023 -0.039 -0.036 -0.048  0.014 -0.041 -0.040 -0.020 -0.084 -0.069 -0.066  0.077  0.005 -0.042
W       -0.186 -0.009  0.038  0.019 -0.021  0.000 -0.210 -0.014 -0.315 -0.031 -0.096  0.000  0.055  0.012 -0.051  0.031 -0.077  0.022 -0.337 -0.048  0.236
Y       -0.066  0.298 -0.050 -0.096 -0.161  0.000  0.026  0.036 -0.116 -0.002 -0.088  0.118  0.058 -0.055  0.031 -0.136  0.002  0.022 -0.015  0.032  0.066
X       -0.099  0.000  0.051 -0.016 -0.224  0.000 -0.344 -0.169 -0.019 -0.293 -0.207 -0.289  0.000 -0.271 -0.067 -0.031 -0.191  0.023 -0.175 -0.065  0.000
