i-1/i     A      C      D      E      F      G      H      I      K      L      M      N      P      Q      R      S      T      V      W      Y      X
A       -0.126 -0.054 -0.154 -0.074 -0.033  0.000 -0.197 -0.073 -0.043  0.001 -0.042 -0.231 -0.371  0.149 -0.017 -0.049 -0.034 -0.062 -0.101 -0.049 -0.007
C       -0.159  0.213 -0.162 -0.041  0.152  0.000 -0.278 -0.057  0.046 -0.007  0.175  0.143  0.000 -0.067 -0.219 -0.066 -0.267 -0.008 -0.356 -0.433  0.000
D       -0.012  0.248  0.000 -0.094 -0.102  0.000 -0.106 -0.033 -0.075 -0.077  0.050  0.005 -0.181 -0.153 -0.111 -0.166  0.087 -0.135 -0.285 -0.181 -0.275
E       -0.096 -0.023 -0.245 -0.257 -0.142  0.000 -0.254 -0.070 -0.204 -0.175  0.001 -0.172 -0.184 -0.185 -0.182 -0.188  0.021 -0.158 -0.149 -0.174  0.038
F        0.017 -0.144 -0.065 -0.022 -0.136  0.000 -0.004  0.002 -0.090  0.009 -0.123 -0.155 -0.353 -0.175 -0.004 -0.034 -0.066 -0.128 -0.151 -0.070  0.134
G        0.008  0.010 -0.160  0.073  0.088  0.000  0.070  0.062  0.028  0.014  0.188 -0.224 -0.083 -0.178  0.123  0.160  0.088  0.057  0.014  0.198  0.237
H       -0.088 -0.124  0.050 -0.011 -0.122  0.000 -0.035 -0.156 -0.067 -0.034  0.324 -0.069 -0.050  0.018  0.073 -0.059 -0.058 -0.114  0.079 -0.190 -0.029
I       -0.015 -0.088 -0.109 -0.108 -0.097  0.000 -0.005 -0.078 -0.100 -0.133  0.045 -0.067 -0.092 -0.046 -0.024 -0.153 -0.143 -0.088  0.009  0.063 -0.214
K       -0.161  0.062 -0.270 -0.155 -0.047  0.000 -0.072 -0.059 -0.235 -0.037 -0.301 -0.285 -0.201 -0.276 -0.189 -0.216 -0.077 -0.120 -0.256 -0.093 -0.304
L       -0.120 -0.076 -0.071 -0.091 -0.001  0.000 -0.134 -0.031 -0.036 -0.055 -0.130 -0.045 -0.215  0.019 -0.009 -0.139 -0.004 -0.070 -0.174 -0.172  0.177
M       -0.049 -0.241 -0.184 -0.075 -0.058  0.000 -0.072 -0.009  0.120 -0.339  0.008  0.052  0.086  0.180 -0.121 -0.342 -0.237 -0.004 -0.422 -0.153  0.342
N       -0.218 -0.446  0.000 -0.086 -0.092  0.000  0.000 -0.132  0.000 -0.128 -0.138 -0.119  0.000 -0.409 -0.356 -0.057 -0.132 -0.088 -0.238 -0.204 -0.181
P       -0.211  0.000  0.000  0.000 -0.377  0.000 -0.167 -0.317  0.000 -0.353  0.000  0.000 -0.336 -0.032 -0.283 -0.419  0.000 -0.133  0.000 -0.058  0.000
Q        0.068 -0.206 -0.211 -0.146 -0.157  0.000 -0.050 -0.071 -0.095  0.026 -0.355  0.052  0.017 -0.274 -0.162 -0.122 -0.114 -0.152 -0.093 -0.033 -0.112
R       -0.060 -0.125 -0.153 -0.160 -0.094  0.000 -0.076 -0.091 -0.049 -0.115  0.029 -0.102  0.048 -0.085 -0.042 -0.108 -0.032 -0.074 -0.055 -0.001 -0.194
S       -0.166 -0.145 -0.225 -0.235 -0.011  0.000 -0.046 -0.045 -0.269 -0.029 -0.184  0.047 -0.273 -0.044 -0.081 -0.063 -0.038  0.014  0.143 -0.054 -0.176
T       -0.192 -0.066 -0.251 -0.177 -0.117  0.000  0.274 -0.048 -0.285 -0.059 -0.148 -0.217 -0.166 -0.056 -0.155 -0.283 -0.050 -0.038 -0.076 -0.047 -0.172
V       -0.086 -0.102 -0.141 -0.121 -0.101  0.000 -0.029 -0.086 -0.117 -0.095 -0.063 -0.185 -0.289 -0.153 -0.048 -0.110 -0.134 -0.042  0.005 -0.089 -0.171
W        0.009  0.368 -0.043  0.022 -0.196  0.000  0.003 -0.161 -0.026 -0.096  0.228 -0.359  0.000  0.118 -0.152 -0.357 -0.257  0.128  0.044 -0.094 -0.136
Y       -0.011 -0.255 -0.141 -0.067 -0.169  0.000 -0.111 -0.109 -0.134 -0.010 -0.086 -0.191 -0.332 -0.128 -0.137 -0.012 -0.130 -0.091 -0.034 -0.013 -0.207
X       -0.007  0.000  0.325 -0.259 -0.087  0.000  0.000 -0.150 -0.260 -0.116 -0.372  0.196  0.000 -0.024 -0.226  0.000 -0.256  0.023  0.000 -0.151 -0.198
