i-1/i     A      C      D      E      F      G      H      I      K      L      M      N      P      Q      R      S      T      V      W      Y      X
A       -0.157 -0.272 -0.053 -0.161 -0.262 -0.055 -0.350 -0.076 -0.050 -0.040  0.114 -0.177  0.000 -0.006  0.074 -0.169 -0.217 -0.057  0.061  0.076 -0.160
C       -0.239 -0.361  0.000 -0.083 -0.050 -0.066  0.193  0.067 -0.166 -0.035 -0.426 -0.188  0.000 -0.138 -0.043  0.612 -0.088  0.157 -0.066 -0.090  0.000
D       -0.194 -0.111 -0.273 -0.065 -0.160 -0.039 -0.173 -0.115 -0.101 -0.041 -0.347 -0.014  0.000  0.158  0.054 -0.169 -0.204 -0.074 -0.595 -0.129  0.147
E       -0.133 -0.351 -0.059 -0.058 -0.276 -0.195  0.118 -0.116 -0.169 -0.189  0.030 -0.135  0.000 -0.034 -0.266 -0.202 -0.092 -0.141 -0.487 -0.180  0.000
F        0.015  0.000  0.145 -0.081 -0.090 -0.085 -0.243  0.039 -0.111 -0.097 -0.019 -0.462  0.000 -0.134 -0.060 -0.052 -0.085 -0.039  0.238 -0.038  0.018
G       -0.237 -0.570 -0.260 -0.014  0.021 -0.162 -0.265 -0.018 -0.036  0.048 -0.324 -0.281  0.000 -0.122 -0.200 -0.044 -0.029 -0.063  0.078 -0.142  0.000
H       -0.426 -0.250 -0.075  0.058 -0.063 -0.290  0.332 -0.084 -0.047  0.012 -0.205 -0.212  0.000 -0.067 -0.166  0.309  0.046 -0.272 -0.303 -0.169  0.000
I        0.034 -0.096 -0.310 -0.081 -0.054 -0.369  0.007 -0.038 -0.079 -0.012 -0.313 -0.187  0.000  0.046 -0.131 -0.143 -0.077  0.013  0.108  0.038  0.526
K       -0.190 -0.325 -0.055 -0.069 -0.100 -0.242 -0.230 -0.082 -0.060 -0.142  0.067 -0.106  0.000 -0.186 -0.085 -0.226 -0.168 -0.155 -0.221 -0.248 -0.237
L       -0.148 -0.153 -0.253 -0.039 -0.066 -0.190 -0.060  0.009 -0.102 -0.036 -0.076 -0.023  0.000 -0.247 -0.040 -0.240 -0.061 -0.068  0.200 -0.224  0.013
M        0.489  0.152  0.114 -0.135  0.109 -0.482 -0.205 -0.046 -0.122 -0.093 -0.165 -0.109  0.000 -0.516 -0.099  0.148  0.054  0.029 -0.051 -0.181  0.000
N       -0.270  0.214 -0.140 -0.322  0.084  0.034 -0.529 -0.003 -0.188 -0.189 -0.145  0.032  0.000 -0.216 -0.055 -0.328 -0.130 -0.111  0.008  0.154 -0.459
P       -0.058  0.392  0.049 -0.413 -0.120 -0.266 -0.317 -0.204  0.000 -0.330 -0.149 -0.082  0.000 -0.314  0.096 -0.050 -0.187 -0.461 -0.025 -0.207 -0.143
Q       -0.417 -0.566 -0.087 -0.154 -0.062 -0.165 -0.177 -0.372 -0.125  0.007  0.000 -0.089  0.000 -0.131 -0.022 -0.390  0.070 -0.051 -0.184 -0.013  0.108
R       -0.090 -0.263  0.000 -0.025 -0.086 -0.176  0.119 -0.021 -0.150  0.023 -0.016 -0.386  0.000 -0.225 -0.055 -0.339 -0.038 -0.074 -0.189 -0.412 -0.187
S       -0.359 -0.306 -0.155 -0.071 -0.008 -0.256 -0.100 -0.002  0.040 -0.108 -0.035  0.172  0.000  0.025 -0.121 -0.121  0.078 -0.212 -0.173  0.062 -0.283
T       -0.099  0.162 -0.126  0.007  0.063 -0.126 -0.211 -0.134 -0.108 -0.283 -0.077 -0.030  0.000 -0.262 -0.115 -0.093 -0.067 -0.210 -0.364 -0.062  0.020
V        0.072  0.028 -0.273 -0.192  0.040 -0.089 -0.081 -0.060 -0.144 -0.030 -0.059 -0.113  0.000 -0.157 -0.130 -0.209 -0.112  0.001 -0.049 -0.026  0.179
W       -0.142  0.000 -0.169 -0.119 -0.088 -0.146 -0.146  0.249 -0.288 -0.082 -0.253  0.188  0.000  0.085 -0.327 -0.218 -0.461 -0.007 -0.400 -0.304  0.000
Y        0.025 -0.358 -0.262 -0.169 -0.012 -0.046 -0.307 -0.011 -0.216 -0.023 -0.123  0.123  0.000 -0.312 -0.174 -0.016 -0.193 -0.049 -0.015 -0.135  0.010
X       -0.272  0.000  0.000 -0.513 -0.323 -0.254  0.000  0.028  0.182  0.012  0.000  0.000  0.000 -0.426 -0.569 -0.001 -0.076  0.005  0.000  0.123  0.130
