i-1/i     A      C      D      E      F      G      H      I      K      L      M      N      P      Q      R      S      T      V      W      Y      X
A        0.299  0.483  0.295  0.322  0.588  0.067  0.328  0.615  0.540  0.332  0.816  0.540 -0.111  0.539  0.601  0.154  0.659  0.363 -0.063  0.472  0.295
C        0.276 -0.017  0.245  0.007 -0.014  0.798  1.233  0.490  0.379  0.632  1.414  0.768  0.000  0.000  0.927  0.679  0.646  0.573 -0.129  0.976  0.000
D        0.347  0.000  0.241  0.574  0.187  0.113  0.804  0.613  0.323  0.138  0.212  0.578  0.336  0.116  0.050  0.549  0.498  0.527  0.124  0.492  0.000
E        0.244  0.314  0.261  0.442  0.430  0.062  0.426  0.606  0.560  0.514  0.221  0.828  0.244  0.414  0.525  0.340  0.605  0.640  1.182  1.001  0.903
F        0.264 -0.421  0.252  0.027  0.351  0.049  0.228 -0.011  0.282  0.340 -0.077 -0.693 -0.740  0.460  0.103  1.016  0.884  0.481  0.562 -0.365  1.167
G        0.223  0.000  0.325  0.261 -0.116  0.058  0.108  0.528  0.233  0.301 -0.322  0.421  0.288  0.150  0.379  0.352  0.402  0.379 -0.989  0.425  0.000
H        0.204  0.000  0.116  0.404  0.810  0.297  0.789  0.490  0.681  0.469 -1.260  0.915 -0.220  0.433  0.457  0.837  1.783  0.262  0.428  1.065  0.000
I        0.349  1.043  0.240  0.140 -0.116  0.293  0.082  0.158  0.389  0.332  0.152 -0.291 -0.037  0.048  0.384  0.764  1.001  0.480  1.077  0.093  1.297
K        0.219  0.385  0.461  0.285  0.725  0.191  0.204  0.026  0.700  0.524  0.025  0.531  0.181  0.298  0.533  0.362  0.510  0.651  0.213  0.651  1.529
L        0.249  0.850  0.092  0.060  0.183  0.275  0.359  0.243  0.058  0.378  0.376  0.048 -0.127  0.334  0.058  0.661  0.917  0.451 -0.402 -0.090  0.000
M        0.119  0.530  0.537  0.023  0.395  0.866  0.773  0.243  0.419  0.427 -0.208  0.250 -0.102  0.286  0.507  0.761  1.144  0.323 -0.731  0.032  0.725
N        0.298  0.507  0.464  0.350  0.480  0.492  0.649  0.138  0.252  0.493  0.118  0.436  0.153  0.353  0.155  0.378  0.663  0.451  1.066  0.882  0.000
P       -0.061 -0.459 -0.209  0.015  0.000  0.000  0.000  0.000  0.261  0.860  0.000  0.000  0.000  0.000 -0.224 -0.148 -1.665 -0.619  0.000  0.000  0.000
Q        0.264  0.555  0.342  0.391  0.248  0.605  0.430 -0.227  0.503  0.462  0.326  0.556  0.226  0.373  0.345  0.025  0.657  0.583  0.513  0.534  0.000
R        0.295  0.083  0.524  0.452  0.908  0.535  0.524  0.321  0.651  0.352  0.148  0.645  0.162  0.497  0.658  0.471  0.564  0.338  0.747  0.540 -0.167
S        0.308  0.414  0.298  0.418  0.608  0.190  0.521  0.467  0.630  0.277  0.274  0.549  0.228  0.397  0.549  0.530  0.557  0.091  1.431  0.655  0.000
T        0.222  0.774  0.204  0.353  0.919  0.549  0.103 -0.041  0.525  0.345 -0.039  0.692  0.441  0.195  0.079  0.363  0.321  0.270  1.143  0.503  0.450
V        0.374 -0.373  0.287  0.102  0.524  0.079  0.955 -0.303  0.121  0.417  0.700  0.102 -0.094  0.343  0.431  0.685  0.457  0.569  0.408  0.230  0.910
W        0.355  0.248 -0.118  0.038  0.211  0.555  0.884  1.193 -0.076  0.385 -0.439  0.834 -0.212  0.205  0.164  0.682  0.295  0.611  0.677  0.863  0.000
Y        0.249  1.331  0.252  0.210  0.506  0.412  0.327 -0.105 -0.191  0.335 -0.098 -0.075 -0.060  0.330  0.208  0.589  0.113  0.103  0.036  0.427  1.944
X       -0.124  0.000  0.552  0.000 -0.070  0.000  0.000  0.736  0.770 -0.750  0.000  0.000 -0.007  0.473  0.739  0.000  0.000  0.066  0.901  0.248 -0.548
