i-1/i     A      C      D      E      F      G      H      I      K      L      M      N      P      Q      R      S      T      V      W      Y      X
A        0.016  0.574  0.026  0.011 -0.047  0.044  0.055  0.108  0.249  0.134 -0.496  0.148  0.242 -0.037  0.222  0.382  0.641  0.118 -0.291  0.192 -1.886
C        0.058  0.694  0.195  0.280  0.331  0.227 -0.038 -0.167 -0.076  0.480  0.812  0.132 -0.239 -0.128 -0.158  0.326  1.098  0.505  1.760  0.818  0.000
D        0.291 -0.853  0.136  0.271  0.215  0.303  0.934  0.226  0.552  0.263  0.050  0.733  0.296  0.487  0.394  0.192  0.741  0.507 -0.103  0.379 -1.181
E        0.305  1.133  0.391  0.523  0.683  0.317  0.659  0.117  0.526  0.368  0.311  0.542  0.014  0.533  0.419  0.291  0.468  0.489  0.107  0.609 -0.083
F        0.045 -0.662  0.282 -0.145  0.480 -0.089  0.180 -0.105 -0.142  0.203  0.516  0.350  0.200 -0.028 -0.121  0.167  0.249 -0.159  0.852  0.448  1.338
G        0.060 -0.358 -0.091  0.161  0.799  0.110 -0.096  0.162  0.128  0.096 -0.724  0.320  0.341  0.194  0.285  0.013  0.303  0.025 -1.546 -0.340  0.000
H        0.295 -0.577  0.092  0.257  0.989  0.408 -0.066  0.228 -0.067  0.220  0.770  0.532  0.120  0.172  0.218  0.411  0.286  0.365 -0.799  0.365  0.000
I        0.158  0.368  0.348 -0.008  0.267  0.103  0.668  0.451 -0.114  0.340  0.530  0.457 -0.120  0.116  0.031  0.258  0.870  0.236  0.172  0.183  1.684
K        0.181  0.625  0.040  0.141  0.187  0.138  0.458  0.204  0.401  0.204 -0.497  0.144  0.066  0.264  0.483  0.283  0.164  0.431 -0.218  0.181  1.656
L        0.053  0.193  0.139 -0.064  0.254  0.097  0.266  0.140 -0.167  0.244  0.386  0.337  0.190  0.020 -0.257  0.286  0.588 -0.064  0.707 -0.047  0.748
M        0.074  0.081  0.080 -0.187 -0.042  0.068 -0.099  0.052 -0.075  0.435  1.015  0.352 -0.253  0.125  0.087  0.179  0.475  0.223  0.783  0.004  1.589
N        0.107 -0.129 -0.125  0.071  0.536  0.340  0.625  0.061  0.193  0.202  0.245  0.515 -0.095  0.267  0.182  0.318  0.427  0.368  0.106  0.369  1.313
P        0.000  1.390  0.000  0.000  0.000  0.000  0.000  0.000  0.000  0.000  0.872  0.000  0.000  0.000  0.000  0.000  0.000  0.000  0.000  0.047  0.000
Q        0.191  1.332  0.165  0.396  0.506  0.066  0.191  0.030  0.430  0.194  0.358  0.250  0.016  0.269  0.251  0.243  0.487  0.336 -0.430  0.190  0.345
R        0.221 -0.120  0.326  0.308  0.265  0.242  0.571  0.198  0.151  0.171 -0.003  0.151 -0.302  0.225  0.249  0.066  0.613  0.313  0.663  0.393  1.852
S        0.093  0.312  0.080  0.104  0.135  0.174 -0.271  0.163  0.207  0.102 -0.447  0.215  0.206  0.168  0.316  0.127 -0.180  0.413  0.305  0.404  1.263
T        0.271 -0.113 -0.036  0.281 -0.324 -0.078  0.091 -0.310  0.327  0.244 -0.062  0.193 -0.474  0.225  0.221  0.235 -0.710  0.162 -0.283  0.879  1.561
V        0.160  0.640  0.162  0.050  0.291  0.108  0.147  0.159  0.008  0.282  0.317  0.311 -0.014  0.104  0.066  0.220  0.620 -0.005  0.375 -0.036  0.665
W        0.286  0.437  0.475  0.129  0.430  0.537  0.824  0.167 -0.044  0.389  1.029  0.472 -0.217  0.234  0.398  0.234 -0.046  0.305  0.000  0.040  0.000
Y       -0.028  0.856  0.284  0.035  0.672  0.147  0.545 -0.098  0.046  0.114  0.255  0.584  0.269  0.073  0.100  0.382  0.212  0.150 -0.554  0.252  0.000
X       -0.140  0.000  0.295 -0.903  0.000  0.532  0.798  0.755 -0.344  0.108  1.111  0.000  0.140  0.499  0.167  0.021  0.502  0.019  0.000 -0.616  0.000
