i-1/i     A      C      D      E      F      G      H      I      K      L      M      N      P      Q      R      S      T      V      W      Y      X
A        0.054  0.684  0.291  0.169  0.216  0.205  1.376  0.029  0.506  0.418  0.114  0.187 -0.145  0.039  0.250  0.243  0.588  0.460  0.670  0.344 -0.023
C        0.636  1.922  0.730  0.567  0.511 -0.435  0.000  1.102  0.000  0.733  1.211  1.007  0.598  1.023  1.156  1.230  1.603  0.926  0.000  1.348  0.000
D       -0.085 -0.667  0.291  0.058 -0.036  0.166 -0.371 -0.042 -0.198  0.296  1.141  0.244  0.088  0.357 -0.021 -0.024 -0.074 -0.115  0.637 -0.058 -0.302
E        0.024  0.206  0.013  0.078  0.006 -0.034 -0.476  0.211 -0.385  0.273  0.680 -0.128 -0.005  0.235 -0.486  0.080  0.291 -0.208  0.252  0.290  1.300
F        0.516 -0.047  0.583  0.792  0.675  0.505  1.028  0.582  0.951  0.432 -0.378  0.639  0.149  0.794  0.938  0.737  0.797  0.649 -0.031  0.661  0.000
G       -0.192  0.780 -0.241 -0.023  0.230 -0.300 -0.045  0.114 -0.069  0.233  0.728  0.145 -0.432 -0.151  0.142 -0.067 -0.106 -0.161  1.150 -0.012  0.000
H        0.474  0.461  0.408  0.301  1.029  0.244  0.278  0.430  0.401  0.598  1.365  0.945  0.193  0.489  0.024  0.623  0.687  0.606 -0.260  0.402  0.216
I        0.530  1.406  0.535  0.812  0.422  0.393  0.720  0.379  0.938  0.240 -0.236  0.678  0.248  0.582  1.181  0.918  0.947  0.796  0.243  0.779  1.230
K        0.155  0.659  0.209 -0.015  0.531  0.375  0.615 -0.051  0.372  0.294  0.098  0.427 -0.025  0.052  0.216  0.258  0.886  0.255  0.861  0.352  1.953
L        0.564  1.075  0.468  0.769  0.665  0.411  0.962  0.232  1.061  0.441  0.176  0.675  0.240  0.627  0.980  0.969  0.980  0.732  0.018  0.631  2.377
M        0.494  0.436  0.548  0.753  0.837  0.557  0.885 -0.055  0.531  0.396 -0.059  1.293  0.332  0.350  0.475  0.712 -0.002  0.557 -1.007  0.199  0.000
N        0.254  0.460  0.320  0.180  0.925 -0.104  0.247  0.537  0.366  0.560  0.794  0.441 -0.266  0.332  0.362  0.379  1.090  0.221  1.117  0.104  0.000
P        0.000  0.000  0.000 -1.074  0.000 -0.253  0.000  0.000  0.000  0.000 -0.294 -0.361  0.000 -0.697  0.000 -0.437 -1.735  0.000 -0.929 -0.813  0.000
Q        0.066  0.744  0.074  0.293 -0.247  0.093  0.515  0.207 -0.130  0.285  0.299  0.965  0.097  0.360 -0.280  0.187  0.740 -0.005 -0.478  0.175  1.608
R        0.290  0.328  0.313 -0.108  0.604  0.381  0.442  0.258  0.467  0.420  0.546  0.491  0.312  0.164  0.348  0.271  0.866  0.333  0.894  0.395 -1.072
S        0.002 -0.694 -0.027  0.236  0.040 -0.031  0.180  0.240  0.184  0.343  0.142 -0.092 -0.035  0.192  0.065  0.138  0.257  0.028  0.259 -0.109 -1.443
T        0.404  1.102  0.052  0.335  0.697  0.056 -0.119  0.470  0.402  0.424  1.310  0.183 -0.011  0.416  0.444  0.053 -0.155  0.276  0.385  0.029  2.327
V        0.469  1.163  0.321  0.533  0.421  0.455  0.752  0.205  0.618  0.322 -0.184  0.769  0.047  0.280  0.554  0.415  1.079  0.588 -0.462  0.897  2.340
W        0.671  0.000  0.596  0.692  0.996  0.398  1.392 -0.434  0.689  0.649  0.312  0.579  0.328  0.752  0.275  0.881  1.125  0.424  0.315  0.011  0.000
Y        0.570  0.855  0.766  0.561  0.026  0.327  0.247  0.588  0.858  0.375 -0.155  0.561  0.157  0.388  0.668  0.490  1.143  0.546  0.399  0.233  0.000
X        0.904  0.000  0.680  0.000  0.000  0.000  0.000  0.000  0.862  0.955 -0.311  0.000  0.000  0.884  0.011  0.000  0.000  1.427  0.000 -1.539 -0.865
