i-1/i     A      C      D      E      F      G      H      I      K      L      M      N      P      Q      R      S      T      V      W      Y      X
A        0.163  0.844  0.325  0.350  0.472  0.432  0.232  0.085  0.395  0.298  0.437  0.587  0.028  0.292  0.282  0.264  0.747  0.240  0.196  0.159  0.257
C        0.465  0.000  0.682  0.243  0.358  0.559  0.389  0.157  0.152  0.285 -0.724  0.611 -0.218  0.168  0.627  0.819  0.989  0.050  0.053  0.000  0.000
D        0.125  0.010  0.088  0.289  0.116  0.156  0.153  0.337  0.189  0.271  0.389 -0.009  0.099  0.209  0.222  0.350  0.606  0.380  0.517  0.332 -0.321
E        0.302  0.123  0.354  0.228  0.425 -0.000  0.667  0.252  0.334  0.313  0.340 -0.120  0.051  0.332  0.302  0.034  0.819  0.446  0.365  0.538  0.370
F        0.186  0.549  0.310  0.375  0.729  0.070  0.013 -0.014  0.579  0.411 -0.104  0.437  0.468  0.506  0.504  0.462  0.473  0.349 -0.145  0.424  0.000
G        0.178  0.002 -0.291  0.039 -0.346  0.220  0.454  0.211  0.179  0.124  0.217  0.189  0.062 -0.486  0.239  0.244  1.397  0.003  0.976 -0.099  0.000
H        0.449  1.852  0.241  0.137  0.219  0.462  0.463  0.449  0.272  0.497  0.528  0.255  0.469  0.426  0.295  1.020  0.190  0.461  0.590  0.173  0.000
I        0.229  0.298  0.252  0.137  0.885  0.189  0.427  0.190  0.351  0.326  0.369  0.512  0.087  0.313  0.261  0.444  0.400  0.247  0.026  0.610 -0.957
K        0.217  1.144  0.144 -0.031  0.324  0.243  0.335  0.138  0.235  0.329 -0.279  0.377 -0.134  0.230  0.330  0.438  0.554  0.400 -0.073  0.208  0.213
L        0.194  1.248  0.271  0.267  0.276  0.164  0.422  0.123  0.406  0.337  0.350  0.565  0.286  0.328  0.289  0.307  0.627  0.335  0.746  0.481 -0.364
M        0.328  0.511  0.367  0.460  0.465  0.273  0.214  0.502  0.247  0.136  0.209  0.859  0.169  0.271  0.436  0.501  0.691  0.304  0.701  0.738  0.000
N        0.204 -0.105 -0.043  0.190  0.357  0.107  0.465  0.073  0.129  0.382  0.163  0.028  0.094  0.476  0.328  0.426  0.486  0.194  0.513  0.003  0.857
P       -0.604  0.000  0.000 -1.075  0.549 -0.745  0.000  0.000 -0.046 -0.932  0.000  0.148 -0.852  0.000 -0.062  0.830 -1.360 -0.484  0.000  0.339  0.000
Q        0.226  0.554  0.197  0.163  0.593  0.614  0.792  0.309  0.566  0.430  0.218 -0.032  0.100  0.267  0.389  0.398  0.619  0.615  0.307  0.516  1.159
R        0.278  0.845  0.115  0.252  0.470  0.230  0.700  0.207  0.174  0.314  0.304  0.106 -0.101  0.382  0.273  0.729  0.752  0.233  0.132  0.263 -0.073
S        0.217  0.562 -0.114  0.100  0.403  0.448 -0.257  0.398  0.029  0.417  0.259  0.162 -0.173  0.343  0.160  0.113  0.373  0.391 -0.095  0.091  1.561
T        0.200  0.483  0.212  0.290  0.659  0.043  0.609  0.405 -0.052  0.449  0.208  0.669 -0.012  0.067  0.459  0.790 -0.356  0.177  0.175  0.092  1.911
V        0.163  0.109  0.173  0.262  0.359  0.142  0.124 -0.301  0.291  0.186  0.147  0.501  0.005  0.302  0.215  0.344  0.540  0.286  0.457  0.482  0.738
W        0.134 -1.883  0.015  0.302 -0.830  0.252  0.870 -0.565  0.731  0.688 -0.135  0.335  0.305  0.511  0.619  0.567  1.155  0.524  0.000  0.471  0.000
Y        0.346  0.078  0.466  0.230  0.398  0.104  1.092  0.814  0.421  0.568  0.024  0.401 -0.079  0.258  0.417  0.296  0.970  0.659 -0.680  0.171  0.000
X        0.248  0.000 -0.342  0.289  0.000  0.000  0.328  1.371 -0.794  0.300  0.000 -0.092  0.491  0.442 -0.550  0.000  1.086  0.482  0.669 -0.635  0.000
