i-1/i     A      C      D      E      F      G      H      I      K      L      M      N      P      Q      R      S      T      V      W      Y      X
A       -0.155 -0.423 -0.163 -0.148 -0.026 -0.122  0.181  0.166 -0.049 -0.140  0.015 -0.216  0.026  0.005 -0.134 -0.145  0.167  0.157 -0.091  0.114 -1.266
C       -0.124 -0.539  0.014 -0.025 -1.112 -0.224  0.654  0.840  0.114  0.080  0.000  0.607 -0.631  0.338  0.163 -0.857 -0.746  0.221  1.506  1.012  0.000
D       -0.218 -0.483  0.131 -0.181  0.381 -0.230 -0.143  0.023 -0.481 -0.036  0.234 -0.194 -0.659 -0.088 -0.152  0.236 -0.552 -0.093  0.339  0.142  0.563
E       -0.007  0.091  0.032 -0.110  0.062 -0.125 -0.275  0.039 -0.453  0.033  0.292 -0.176  0.169 -0.109 -0.379 -0.081  0.092 -0.070  0.303 -0.216 -0.079
F        0.195  0.787  0.279  0.322  0.243  0.205  0.160  0.199  0.309  0.053 -0.440  0.316  0.753  0.505  0.337  0.343  0.015  0.336  0.026 -0.116  0.000
G       -0.344 -0.068 -0.282 -0.278 -0.079  0.090 -1.035 -0.393 -0.291 -0.103 -0.274  0.154 -0.253 -0.613 -0.441 -0.672  0.235 -0.085  0.229 -0.142 -1.586
H        0.147  0.357  0.206 -0.112 -0.399  0.076  0.261  0.444 -0.046  0.320 -0.720  0.439  0.000 -0.324  0.343 -0.006 -0.392  0.250 -0.073  0.176  1.013
I        0.430  0.839  0.371  0.270  0.328  0.281  0.236  0.245  0.492  0.197 -0.077  0.388  0.532  0.417  0.613  0.280  0.558  0.659  0.307  0.221  0.674
K       -0.142 -0.154 -0.160 -0.135 -0.164 -0.247 -0.870  0.213 -0.334 -0.079  0.109 -0.483  0.382 -0.193 -0.442 -0.236  0.053 -0.066 -0.633 -0.686  0.000
L        0.127  0.773  0.198  0.212  0.261  0.131  0.558  0.345  0.336  0.150  0.304  0.307  0.778  0.207  0.330  0.200  0.250  0.254  0.373  0.111 -0.681
M        0.023 -1.130  0.055  0.365  0.687  0.056  0.144 -0.341  0.196 -0.153 -0.184  0.448  0.570  0.150  0.222  0.119 -0.770  0.045  0.525 -0.972  1.515
N       -0.041 -0.573  0.057 -0.277  0.450 -0.045 -0.566 -0.471 -0.079  0.188 -0.229 -0.046  0.000  0.028 -0.376  0.095  0.462  0.355  0.340  0.071  1.145
P        0.171 -1.779 -0.163  0.398 -0.307  0.448  0.338 -0.615  0.149  0.075  0.574  0.069  0.000  0.120 -0.243  0.205  0.451 -0.414  0.148  0.128  2.028
Q       -0.130 -0.808 -0.117 -0.122 -0.149 -0.165 -0.373  0.030 -0.101  0.092  0.909 -0.116  0.661 -0.094 -0.017  0.052  0.122  0.069  0.052 -0.131 -0.705
R       -0.060 -1.335 -0.014 -0.238 -0.868 -0.060 -0.435  0.090 -0.145 -0.143 -0.029 -0.416  0.106 -0.240 -0.321 -0.030  0.074  0.136 -0.219  0.070 -2.118
S       -0.106 -0.270  0.075 -0.300  0.131 -0.475  0.267 -0.344 -0.359 -0.311 -0.482 -0.083 -0.622 -0.259 -0.382 -0.460 -0.715 -0.412 -0.578 -0.486 -0.798
T        0.273  0.781  0.395 -0.143 -0.555  0.146 -0.173  0.150 -0.102  0.339  0.342  0.077  0.719  0.271 -0.082  0.050 -1.065  0.169 -0.062 -0.044 -0.872
V        0.291  1.373  0.350  0.472  0.422  0.116 -0.223  0.361  0.431  0.257  0.056  0.505  0.614  0.184  0.370  0.400  0.064  0.312  0.332  0.563  0.233
W        0.091  1.834  0.215  0.279  1.100  0.033  1.088  0.229  0.154  0.222  0.896  0.514  0.600  0.397  0.346  0.472  1.006  0.066 -0.892  0.343  0.000
Y        0.215  1.010 -0.058  0.212 -0.148 -0.091  0.560 -0.126  0.509 -0.032 -0.080 -0.217  0.522  0.092  0.202  0.105  0.442  0.237  0.180  0.233  0.405
X        0.805  0.000  0.893  0.228  0.606  0.000  0.000  1.344  0.735  0.300  0.000  0.766  0.000  0.184  0.272 -0.069  1.345  0.361  0.000  0.000  0.000
