i-1/i     A      C      D      E      F      G      H      I      K      L      M      N      P      Q      R      S      T      V      W      Y      X
A       -0.077 -0.437 -0.379 -0.127 -0.396  0.000 -0.189  0.014 -0.023 -0.022  0.121 -0.509  0.014 -0.201  0.111 -0.301 -0.351 -0.154 -0.197 -0.396 -2.991
C        0.103 -0.346 -0.310  0.193 -0.226  0.000 -0.441 -0.438 -0.301  0.024  0.973 -0.118  0.607 -0.597  0.246  0.008  0.341  0.197  0.249  0.660  0.000
D       -0.345 -0.092 -0.542 -0.240 -0.069  0.000 -0.076  0.066 -0.117 -0.245 -0.291 -0.474 -0.093 -0.158 -0.300 -0.437 -0.205 -0.155  0.130 -0.882  0.000
E       -0.268 -0.723 -0.421 -0.261 -0.470  0.000 -0.249  0.026  0.116 -0.344 -0.364 -0.366  0.078 -0.349 -0.246 -0.477 -0.218  0.067 -0.551 -0.145 -1.027
F       -0.027  0.255  0.154 -0.012 -0.065  0.000 -0.152 -0.094  0.006  0.168  0.320 -0.230  0.041  0.166  0.213  0.058 -0.473 -0.018  0.029  0.226  0.719
G       -0.197  0.000 -0.214 -0.216 -0.172  0.000 -0.061 -0.252 -0.061 -0.256 -0.132 -0.381  0.071 -0.162  0.196 -0.118 -0.433 -0.129  0.065  0.089  0.000
H       -0.113  0.000  0.138 -0.243 -0.432  0.000  0.131  0.312  0.064  0.154  0.000  0.186  0.145 -0.014 -0.089 -0.279 -0.320 -0.086  0.558  0.258  0.000
I        0.025  0.596  0.183  0.075 -0.122  0.000  0.177 -0.055 -0.029 -0.029 -0.308  0.016  0.169  0.196 -0.048 -0.071 -0.279 -0.102  0.033  0.265  2.343
K       -0.224  0.164  0.198 -0.149 -0.059  0.000  0.178 -0.124 -0.093 -0.229 -0.327 -0.308 -0.148 -0.047  0.081 -0.353 -0.194 -0.040  0.290 -0.221 -1.135
L        0.110  0.049 -0.049  0.204 -0.034  0.000  0.372 -0.108 -0.158 -0.087  0.151 -0.221  0.236  0.118 -0.107  0.048 -0.500 -0.139  0.270 -0.008  0.427
M       -0.138  0.098  0.114  0.111  0.154  0.000  0.311 -0.094 -0.076  0.015 -0.708  0.203  0.304  0.001 -0.074 -0.373 -0.370  0.200 -0.592  0.022 -0.835
N       -0.173 -0.300 -0.299 -0.065 -0.427  0.000 -0.254  0.041 -0.045  0.048 -0.447 -0.016 -0.049  0.078 -0.070 -0.194 -0.086  0.132  0.493  0.054  0.000
P        0.410 -1.160  0.014  0.212  0.000  0.000  0.000  0.000  0.049  0.000  0.000  0.000  0.000  0.000  0.568  0.513  0.183  0.081  0.000  0.000  0.000
Q       -0.174 -1.048 -0.063 -0.199 -0.025  0.000 -0.366 -0.277  0.032 -0.282  0.265 -0.117  0.001 -0.225 -0.096 -0.166 -0.208 -0.057  0.032 -0.235  0.000
R       -0.109 -0.597  0.369 -0.176  0.110  0.000  0.400 -0.132  0.052 -0.042 -0.708 -0.208  0.309 -0.145  0.077 -0.299 -0.253 -0.068  0.221 -0.161  0.221
S       -0.184 -1.040 -0.259 -0.258  0.076  0.000 -0.094 -0.160 -0.007 -0.151 -0.052 -0.519 -0.160 -0.266 -0.188 -0.384 -0.383 -0.129 -0.450 -0.492  0.000
T        0.054  0.011 -0.048 -0.188  0.072  0.000 -0.009 -0.003 -0.218 -0.118 -0.309 -0.260  0.047 -0.311  0.037 -0.151 -0.216  0.052 -0.084 -0.042  1.033
V        0.115 -0.629 -0.009 -0.067  0.087  0.000 -0.040 -0.219  0.181 -0.052  0.166 -0.094  0.268  0.016  0.078 -0.067 -0.376 -0.085 -0.040 -0.101 -1.494
W        0.271  0.627  0.002 -0.119 -0.516  0.000  1.183  0.327 -0.439 -0.209 -0.607 -0.198  0.000 -0.037  0.168 -0.107 -0.082 -0.099  0.651  0.664  0.000
Y        0.136 -0.608 -0.160  0.108 -0.415  0.000  0.524 -0.008 -0.024  0.269 -0.454 -0.603  0.094 -0.034 -0.070 -0.315 -0.409  0.089 -0.140  0.009  2.999
X       -0.005  0.000  0.000  0.626  0.095  0.000  0.000  0.347 -0.331  0.000  0.000  0.716  0.649 -0.128  0.122  0.000  0.000 -0.095 -1.005 -0.412 -2.217
