i-1/i     A      C      D      E      F      G      H      I      K      L      M      N      P      Q      R      S      T      V      W      Y      X
A       -0.199 -0.117 -0.204 -0.035  0.013  0.000  0.085  0.137  0.052 -0.138 -0.483 -0.255  0.093 -0.111 -0.029 -0.223 -0.279 -0.011  0.146 -0.200 -2.623
C       -0.017  0.828  0.042 -0.058  0.223  0.000 -0.178 -0.188 -0.146  0.451  0.662  0.487  0.000  0.440 -0.067 -0.115 -0.336 -0.180 -0.308  0.119  0.000
D        0.132 -0.842 -0.185 -0.189 -0.058  0.000 -0.619 -0.213 -0.137 -0.337 -0.355  0.098  0.066 -0.099 -0.204 -0.184 -0.285 -0.107 -0.150 -0.141 -2.215
E       -0.131 -0.775 -0.157 -0.233 -0.183  0.000 -0.196 -0.151 -0.036 -0.150 -0.173 -0.222  0.171 -0.108  0.009 -0.245 -0.123 -0.002  0.334 -0.164 -0.403
F       -0.097  0.015 -0.069  0.046 -0.141  0.000 -0.155  0.095 -0.004  0.160  0.009 -0.116 -0.205 -0.054  0.012 -0.034 -0.099 -0.031  0.081  0.087 -1.628
G       -0.118  0.276 -0.177 -0.247 -0.140  0.000 -0.220  0.079  0.007 -0.215  0.002  0.064 -0.064 -0.302  0.027 -0.051 -0.187 -0.263  0.648  0.263  0.000
H       -0.012 -0.662 -0.196 -0.021  0.062  0.000 -0.458 -0.058  0.029 -0.220  0.747 -0.286 -0.096 -0.336 -0.322 -0.293  0.137  0.135 -0.408  0.049  0.000
I       -0.030 -0.483  0.113  0.129 -0.020  0.000 -0.089  0.117  0.038  0.183  0.479 -0.093 -0.391  0.129  0.030 -0.118 -0.294  0.049 -0.088  0.094  1.756
K       -0.053  0.177 -0.050 -0.075 -0.039  0.000  0.035 -0.065 -0.003 -0.141 -0.590 -0.315  0.114 -0.182  0.118 -0.054 -0.214 -0.002 -0.020 -0.116 -1.688
L        0.041 -0.001 -0.099  0.033  0.128  0.000  0.081  0.160  0.079  0.076  0.246 -0.080 -0.068  0.034 -0.042 -0.046 -0.205  0.022 -0.115  0.136  1.037
M        0.049 -0.138 -0.042  0.068  0.015  0.000 -0.023  0.142  0.047  0.142  0.381  0.012 -0.664 -0.442  0.025 -0.073 -0.260 -0.055 -0.284  0.458  0.660
N       -0.072  0.231 -0.254 -0.101 -0.098  0.000  0.032 -0.092 -0.039 -0.093  0.003 -0.337  0.102  0.131  0.148 -0.085  0.035  0.074  0.270  0.102 -0.042
P        0.000  0.000 -0.493  0.000  0.000  0.000  0.000  0.000  0.000  0.000  0.000  0.000  0.000  0.000  0.000 -0.761  0.000  0.000 -0.791  0.000  0.000
Q       -0.058 -0.264 -0.140 -0.133 -0.041  0.000 -0.159 -0.061  0.077 -0.020 -0.220 -0.284 -0.045 -0.085  0.051 -0.259 -0.159 -0.079  0.001 -0.173 -0.643
R       -0.058  0.101  0.133 -0.047 -0.014  0.000  0.807 -0.069  0.062 -0.018 -0.317 -0.268  0.250 -0.025 -0.008 -0.076 -0.288 -0.113 -0.224 -0.104 -1.438
S        0.003  0.083 -0.000 -0.045 -0.052  0.000  0.344  0.029  0.024 -0.054 -0.583 -0.435  0.122  0.002 -0.041 -0.077 -0.002 -0.049 -0.137 -0.180  1.773
T        0.027 -0.307  0.342  0.005 -0.087  0.000  0.004  0.089 -0.023  0.082 -0.185 -0.413  0.181 -0.004  0.221 -0.006  0.231  0.088  0.217  0.125  1.721
V        0.106 -0.173 -0.028  0.074  0.045  0.000  0.419 -0.035  0.010  0.119  0.335  0.043  0.151  0.030 -0.032 -0.130  0.007  0.061 -0.419 -0.016  0.848
W        0.035  0.000  0.350  0.016  0.213  0.000 -0.001  0.116  0.018 -0.086 -0.233  0.095 -0.084 -0.101 -0.120 -0.266 -0.390 -0.078  0.350  0.283  0.000
Y       -0.151  0.135  0.230 -0.021 -0.100  0.000 -0.165 -0.131  0.132  0.012 -0.029 -0.407 -0.213 -0.256 -0.054 -0.070  0.019  0.006  0.378  0.062  0.000
X        0.078  0.000  0.170 -0.253  0.000  0.000  0.176  0.040 -0.022  0.517  1.538 -0.576  0.470 -0.553  0.000  0.298 -0.603 -0.080  0.000  0.000  0.000
