i-1/i     A      C      D      E      F      G      H      I      K      L      M      N      P      Q      R      S      T      V      W      Y      X
A       -0.058 -0.031  0.004 -0.045 -0.113  0.000  0.109 -0.108 -0.028 -0.136 -0.123 -0.502  0.024 -0.014  0.032 -0.243 -0.482 -0.079  0.091  0.000 -1.974
C        0.087 -0.496 -0.042  0.072  0.307  0.000  0.000 -0.210 -0.013 -0.265  0.407 -0.435  0.197 -0.181  0.093 -0.451 -0.261 -0.187  0.385  0.140  0.000
D       -0.099 -0.736 -0.155  0.127 -0.208  0.000 -0.619  0.257 -0.029  0.263  0.924 -0.000 -0.342  0.038 -0.112 -0.025  0.164 -0.004 -0.557  0.298  0.000
E       -0.093 -0.167 -0.195 -0.050 -0.088  0.000 -0.418  0.150 -0.300  0.167  0.469 -0.259 -0.227  0.037 -0.041 -0.058 -0.168  0.130 -0.230 -0.251 -0.247
F       -0.029 -0.720 -0.143 -0.113  0.023  0.000  0.284  0.021 -0.115 -0.191 -0.772 -0.143  0.129  0.183 -0.132 -0.123 -0.350 -0.168  0.262 -0.199  0.000
G        0.054 -0.690 -0.016  0.049  0.173  0.000 -0.572  0.003 -0.096 -0.042  0.042  0.064  0.066 -0.033 -0.099 -0.203 -0.131 -0.168 -0.314 -0.106  0.000
H        0.228 -0.516 -0.160 -0.243 -0.122  0.000 -0.717  0.053  0.315 -0.152  0.246  0.183 -0.721 -0.438 -0.108 -0.138 -0.410 -0.050  0.023  0.028  0.176
I       -0.158 -0.124  0.040 -0.045 -0.279  0.000  0.920 -0.263  0.096 -0.283 -1.086 -0.479 -0.004 -0.296  0.022 -0.257 -0.330 -0.260  0.373 -0.022  0.217
K       -0.036  0.027 -0.238 -0.190 -0.027  0.000  0.071  0.048  0.136 -0.036 -0.035 -0.329  0.223 -0.180 -0.004 -0.326 -0.313  0.002 -0.128  0.065  1.033
L       -0.205 -0.286 -0.011 -0.169 -0.170  0.000  0.127 -0.323  0.010 -0.263 -0.630 -0.369 -0.037 -0.157 -0.016 -0.174 -0.371 -0.159  0.180 -0.230  2.040
M       -0.044  0.546 -0.060 -0.114 -0.065  0.000 -0.372 -0.264 -0.161 -0.234 -0.283  0.005 -0.036 -0.163 -0.065 -0.573 -0.205 -0.203  0.018 -0.251  0.000
N       -0.122  0.473 -0.043 -0.055 -0.359  0.000  0.123  0.111  0.143 -0.108  0.439 -0.319 -0.014  0.125 -0.069 -0.172 -0.453 -0.053 -0.549  0.148  0.000
P        0.000  1.304  0.368  0.699  0.664  0.000  0.000  0.000  0.000  0.000  0.433  0.000  0.000  0.873  0.000  0.158  0.215  0.000  0.659  0.000  0.000
Q       -0.142 -0.618 -0.241 -0.147 -0.261  0.000  0.000  0.053 -0.139  0.092  0.426  0.359  0.018 -0.047 -0.266 -0.235 -0.191  0.260  0.520 -0.084  2.471
R       -0.021  0.106  0.054 -0.219 -0.090  0.000  0.457 -0.145  0.179 -0.080 -0.024 -0.255  0.089 -0.255 -0.114 -0.227 -0.322  0.006 -0.375 -0.005 -1.613
S       -0.160 -0.275 -0.066 -0.069 -0.115  0.000  0.221  0.149 -0.116  0.063  0.063 -0.383 -0.138 -0.226  0.069 -0.273 -0.345 -0.022 -0.697 -0.090 -1.392
T       -0.155 -1.194 -0.017  0.008  0.009  0.000  0.218 -0.130 -0.053  0.007  1.026 -0.240  0.014 -0.230 -0.087 -0.252  0.065  0.023 -0.481 -0.065  2.847
V       -0.002 -0.678 -0.158 -0.099 -0.117  0.000 -0.075 -0.078  0.069 -0.303 -0.723 -0.066  0.396 -0.277 -0.061 -0.266 -0.411 -0.169  0.339 -0.243  0.000
W       -0.202  0.000  0.174 -0.486  0.163  0.000  0.433 -0.154 -0.068  0.090  1.063 -0.464 -0.103 -0.476 -0.127 -0.546 -0.471  0.200 -0.335 -0.100  0.000
Y        0.042 -0.441 -0.160 -0.149  0.223  0.000  0.047  0.082  0.011 -0.176 -0.481 -0.192  0.286  0.075  0.046 -0.376 -0.280  0.029  0.072  0.136  0.000
X       -0.319  0.000  0.012 -0.223  0.846  0.000 -0.098 -0.593  0.253  0.261  0.001  0.000  0.000 -0.146  0.173 -0.005  0.000  0.251  0.000 -0.161 -1.700
