i-1/i     A      C      D      E      F      G      H      I      K      L      M      N      P      Q      R      S      T      V      W      Y      X
A       -0.071 -0.306 -0.216 -0.172  0.064  0.000  0.004 -0.095 -0.081 -0.127 -0.008 -0.076 -0.029 -0.129 -0.124 -0.120 -0.312 -0.020  0.158  0.117  0.621
C       -0.422  0.000  0.919 -0.076  0.097  0.000  0.552 -0.443  0.083  0.287 -1.197 -0.685  0.342 -0.172 -0.022 -0.160 -0.576  0.101  0.168  0.000  0.000
D       -0.026 -0.086  0.394 -0.077  0.166  0.000  0.236 -0.040  0.129 -0.089 -0.169  0.108  0.428  0.081  0.203 -0.100 -0.379 -0.025  0.340  0.094 -0.593
E       -0.087 -0.197  0.156  0.030 -0.109  0.000  0.013  0.028  0.011 -0.136 -0.101 -0.051  0.090 -0.174 -0.018  0.052 -0.140 -0.113  0.033 -0.158  0.000
F       -0.329 -0.113 -0.155 -0.202 -0.204  0.000 -0.697  0.023 -0.078 -0.299 -0.601 -0.315 -0.442 -0.165  0.037 -0.234 -0.154  0.011 -0.110 -0.069  0.506
G       -0.049 -0.633  0.236  0.151  0.171  0.000  0.563 -0.196 -0.253 -0.166 -0.047 -0.128  0.216  0.015  0.081  0.208 -0.496 -0.078  0.161  0.101  0.000
H       -0.279 -1.147 -0.466  0.081  0.040  0.000 -0.153 -0.121 -0.005 -0.020 -0.192 -0.339  0.343  0.036 -0.231 -0.120 -0.322  0.007 -0.231  0.108  0.000
I       -0.189 -0.312 -0.248 -0.118  0.129  0.000 -0.040 -0.057 -0.016 -0.174 -0.063 -0.416 -0.223 -0.282 -0.084 -0.374 -0.328  0.100 -0.134 -0.186 -2.358
K       -0.029  0.028  0.196  0.079 -0.119  0.000  0.276 -0.060 -0.003 -0.060 -0.300  0.038  0.314  0.002  0.065 -0.201 -0.240 -0.143  0.326 -0.017 -0.626
L       -0.246 -0.172 -0.140 -0.150 -0.346  0.000 -0.202 -0.209 -0.035 -0.171 -0.287 -0.307 -0.166 -0.189 -0.037 -0.353 -0.184 -0.086 -0.470 -0.214 -2.657
M       -0.069 -0.370 -0.182 -0.051 -0.227  0.000  0.103 -0.034  0.007 -0.104 -0.494 -0.117 -0.133 -0.222 -0.107 -0.303 -0.273  0.082 -0.665  0.111  0.896
N        0.015  1.014 -0.147 -0.142 -0.139  0.000 -0.262 -0.122 -0.065  0.057 -0.058 -0.019  0.160  0.175  0.019 -0.112 -0.227  0.079  0.214  0.340  1.359
P        0.000  0.000  1.026  0.000  0.321  0.000  0.000  1.006  0.000  0.860  0.000  0.537  0.000  0.816  0.000  0.379  1.020  0.000  1.122  0.000  0.000
Q        0.048 -0.364  0.050 -0.116 -0.103  0.000  0.144 -0.146 -0.010 -0.048 -0.211 -0.275  0.338 -0.111  0.036 -0.087 -0.433 -0.064 -0.210 -0.090  1.464
R        0.009 -0.290 -0.112 -0.084 -0.080  0.000  0.698  0.059  0.012 -0.079  0.347 -0.511  0.155  0.151 -0.080 -0.128 -0.398 -0.121 -0.441 -0.261 -0.938
S        0.035 -0.005  0.225  0.139 -0.029  0.000  0.086  0.016  0.064 -0.105 -0.197 -0.037 -0.117  0.154  0.034  0.079 -0.190 -0.030 -0.050  0.069 -0.485
T        0.022 -0.068  0.358 -0.019  0.143  0.000 -0.054  0.083 -0.155  0.042  0.128 -0.180  0.130  0.005 -0.008 -0.033  0.148 -0.004  0.407 -0.136  2.733
V       -0.116 -0.726 -0.070 -0.219 -0.057  0.000 -0.013 -0.067  0.065 -0.155  0.119 -0.355  0.018 -0.114 -0.106 -0.310 -0.183 -0.089 -0.573 -0.074  0.488
W        0.035  0.450 -0.403  0.204 -0.636  0.000  0.000 -0.318  0.003 -0.132 -0.252 -0.356 -0.038 -0.290 -0.076 -0.039 -0.466  0.075  0.000 -0.436  0.000
Y       -0.128 -0.260  0.034 -0.051 -0.156  0.000  0.002  0.287  0.008 -0.070 -0.266 -0.353  0.123 -0.045 -0.046 -0.228 -0.411 -0.233 -0.443 -0.096  0.000
X       -0.027  0.000 -0.595 -0.369  0.000  0.000 -0.901  0.209  0.465 -0.130  0.000  0.649  0.697 -0.437 -0.122  0.000 -0.666 -0.036  0.000 -0.531  0.000
