i-1/i     A      C      D      E      F      G      H      I      K      L      M      N      P      Q      R      S      T      V      W      Y      X
A       -0.043 -0.331  0.254  0.118  0.048  0.000  0.096  0.079  0.120  0.066 -0.214  0.061 -0.668 -0.021  0.012  0.028 -0.069 -0.000 -0.169  0.136 -0.687
C        0.020  0.476 -0.381 -0.193 -0.643  0.000 -0.837 -0.303  0.160  0.123 -1.166 -0.191  0.000 -0.029  0.253  0.149  0.244 -0.076  0.000 -0.283  0.000
D        0.149  0.412  0.180  0.154  0.071  0.000 -0.011  0.037  0.125  0.132  0.662  0.494 -0.579 -0.055  0.131  0.103  0.314  0.083 -0.317 -0.043  1.394
E        0.116 -0.281 -0.093  0.094  0.234  0.000  0.053 -0.038 -0.012  0.136  0.399  0.442 -0.567  0.040  0.146 -0.048 -0.051  0.004 -0.093 -0.025 -1.046
F       -0.006 -0.220 -0.088 -0.125 -0.498  0.000 -0.045 -0.261  0.003 -0.173 -0.940 -0.286 -0.517 -0.189  0.009  0.084 -0.214 -0.066  0.359 -0.471  0.000
G        0.123 -0.511 -0.053  0.088 -0.051  0.000 -0.023  0.181 -0.056 -0.054 -0.401 -0.483  0.499  0.100  0.079  0.275  0.221 -0.039  0.128 -0.093 -1.979
H        0.077  0.190 -0.042  0.063  0.137  0.000 -0.463  0.174 -0.085  0.043 -0.282 -0.061  0.000  0.292  0.149  0.090  0.334  0.098 -0.215  0.289 -1.359
I       -0.241 -0.322 -0.037 -0.194 -0.143  0.000 -0.098 -0.126 -0.058 -0.250 -0.614 -0.258 -0.633 -0.253 -0.087 -0.116 -0.103 -0.145 -0.141  0.087 -1.098
K       -0.021  0.250 -0.014 -0.086 -0.006  0.000  0.196  0.171  0.092  0.159  0.321  0.016 -0.492 -0.027  0.036 -0.010 -0.102  0.053 -0.059  0.268  0.000
L       -0.190 -0.263 -0.005 -0.070 -0.108  0.000  0.008  0.029  0.028 -0.206  0.286  0.067 -0.603 -0.061 -0.013 -0.030  0.037 -0.129 -0.297  0.087 -0.768
M       -0.196 -0.200 -0.380 -0.219 -0.060  0.000  0.529 -0.047  0.058  0.013 -0.228 -0.024 -0.274 -0.069  0.137 -0.034  0.232 -0.097  0.223 -0.796  1.921
N        0.232  0.315 -0.076  0.126  0.046  0.000 -0.073  0.165  0.048  0.252  0.120  0.055  0.000 -0.011  0.175 -0.087 -0.195  0.022  0.392  0.003  1.382
P        0.390  1.011 -0.395 -0.529 -0.222  0.000 -0.878 -0.422  0.156 -0.194 -0.129 -0.863  0.000 -0.286 -0.122 -0.658 -0.345 -0.031  0.084 -0.016 -2.799
Q        0.050  0.401  0.027  0.055  0.078  0.000 -0.254 -0.005 -0.003  0.160  0.893 -0.102 -0.507  0.070  0.118  0.090  0.008  0.033 -0.501 -0.058  0.846
R        0.033 -0.409 -0.110 -0.050  0.070  0.000 -0.280  0.172  0.068  0.150  0.129  0.031 -0.493  0.014 -0.003 -0.059 -0.206  0.129  0.082 -0.010 -0.135
S        0.156  0.347  0.156  0.172 -0.214  0.000  0.301  0.212  0.210  0.223  0.327  0.136  0.000  0.232  0.224  0.200  0.227  0.025  0.256  0.106 -1.788
T       -0.024 -0.186 -0.032  0.067  0.232  0.000  0.334 -0.040 -0.057  0.057  0.072  0.072 -0.747 -0.072 -0.037  0.067  0.270  0.031 -0.005  0.342  0.580
V       -0.133 -0.968 -0.037 -0.168 -0.181  0.000 -0.291 -0.208  0.027 -0.321 -0.227 -0.046 -0.780 -0.100 -0.027 -0.212 -0.137 -0.102 -0.111 -0.236  0.747
W       -0.298 -0.669 -0.427 -0.218  0.099  0.000  0.268  0.155 -0.146  0.180  0.193 -0.030 -0.529 -0.403 -0.236 -0.522 -0.295  0.043  0.800  0.020  0.000
Y        0.046 -0.011 -0.074 -0.130 -0.537  0.000 -0.417  0.019 -0.024 -0.134 -0.061 -0.350 -0.547 -0.080 -0.131 -0.083 -0.039 -0.058  0.311 -0.099 -0.635
X       -0.062  0.000 -0.633 -0.169  0.547  0.000  0.000 -0.048 -0.081  0.084  0.000  0.127  0.000 -0.080  0.424 -0.194  0.182  0.316  0.000  0.000  0.000
