i-1/i     A      C      D      E      F      G      H      I      K      L      M      N      P      Q      R      S      T      V      W      Y      X
A        0.570  0.081  0.563  0.702 -0.135  0.603  0.553 -0.153  0.703  0.196  0.217  0.685 -0.220  0.619  0.479  0.570  0.250  0.057  0.257 -0.044  0.565
C        0.028  0.266  1.004  0.256 -1.218 -0.344  0.126  0.287  0.484 -0.056  0.635  0.450  0.349  0.529  0.000  0.746  0.203  0.383  0.029  1.008  0.000
D       -0.095  0.746 -0.308 -0.155  0.295  0.023  0.463 -0.082 -0.508  0.157  0.246  0.520  0.013 -0.595 -0.543 -0.036 -0.232 -0.123  0.622 -0.813  0.000
E        0.561  0.131  0.362  0.245  0.257  0.325  0.204  0.022  0.088  0.390  0.579  0.389  0.483  0.027 -0.064  0.533  0.120 -0.108 -0.181  0.062 -0.672
F        0.007 -0.574  0.151  0.118  0.393  0.213  0.318 -0.067  0.243  0.047 -0.292  0.039  0.000  0.286  0.243  0.202 -0.264  0.321 -0.031 -0.107  0.462
G        0.458  0.000  0.778  0.797 -0.118  0.130  0.793  0.554  0.637  0.794 -0.015  1.323  1.135  0.769  0.894  0.630  1.083  0.676 -0.742  0.903  0.000
H        0.517  0.000  0.205  0.164  0.536  1.141  0.394  0.174  0.209  0.359  0.639  0.932  0.000  0.330  0.512  1.178  0.803  0.290  1.266  0.763  0.000
I       -0.145  0.077 -0.111 -0.049 -0.217 -0.357  0.427 -0.377 -0.156 -0.370  0.057 -1.299 -0.375  0.003 -0.638 -0.859 -0.288 -0.255  0.365 -0.161 -0.370
K        0.864  0.029  0.060  0.148 -0.062  0.638 -0.255  0.331  0.478  0.324  0.556  0.708  0.417  0.511  0.583  0.749  0.118  0.255  0.100 -0.204 -0.598
L       -0.062  0.230  0.029 -0.115 -0.222 -0.355  0.349 -0.057  0.057 -0.306 -0.300 -0.205 -0.461  0.249 -0.279 -0.307  0.153 -0.212 -0.261 -0.099 -0.014
M       -0.253  0.307 -0.063  0.269 -0.281 -0.346  0.148 -0.341 -0.040 -0.068  0.166 -0.426  0.089  0.463  0.267  0.201  0.151  0.180 -0.746  0.190  0.811
N        0.083 -0.030  0.069 -0.137  0.185  0.620  0.146 -0.062 -0.038  0.396  0.475  0.165  0.131 -0.183  0.023  0.408 -0.516  0.309  0.000  0.856  0.000
P        0.000 -0.307 -1.180  0.491  0.000  0.000  0.000  0.000  0.584  0.000  0.000  0.000  0.000  0.000 -0.131 -0.741  0.455 -0.226  0.000  0.000  0.000
Q        0.763 -0.200  0.082  0.121  0.174  0.542  0.336  0.235  0.324  0.313  0.341  0.168  0.577  0.332  0.259  0.384  0.249  0.011  0.034  0.170  0.000
R        0.683  0.970  0.093  0.217  0.237  0.217  0.537 -0.021  0.407  0.194  0.378  0.723  0.134  0.334  0.454  0.529  0.361  0.368 -0.086 -0.172  0.000
S        0.815  0.777  0.515  0.413  1.099  0.820  0.856  0.886  0.827  0.806  0.816  1.135  0.627  0.560  0.872  0.569  1.013  0.760  1.016  1.031  0.000
T        0.753  0.784  0.616  0.728  0.000  0.343  0.903  0.734  1.050  0.827  0.929  1.075  0.498  0.721  1.098  0.650  0.653  1.025  1.154  1.061  0.929
V       -0.172  0.378  0.197  0.052 -0.268 -0.482 -0.027 -0.196 -0.163 -0.296  0.271 -0.169 -0.610  0.094  0.037 -0.553 -0.194 -0.341 -1.100 -0.295 -1.270
W       -0.332  1.521 -0.166 -0.067  0.067 -0.434  0.303 -0.068 -0.607 -0.002 -0.971  0.215  0.618  0.533 -0.230  0.258 -0.844 -0.056 -0.002  0.784  0.000
Y        0.196  0.028  0.401  0.044  0.144 -0.017  0.904 -0.266  0.058 -0.228  0.030 -0.288 -0.443  0.185  0.150  0.292 -0.119 -0.076 -0.213  0.440  1.327
X       -1.054  0.000  0.826  0.000  0.503  0.000  0.000 -0.341  0.000 -1.043  0.000 -0.873  0.000 -0.911 -0.809 -1.262  0.000  0.541  0.639 -0.744  1.263
