i-1/i     A      C      D      E      F      G      H      I      K      L      M      N      P      Q      R      S      T      V      W      Y      X
A        0.221 -0.002  0.010  0.106  0.398  0.019  0.190  0.001  0.155  0.251 -0.119  0.109 -0.081 -0.064  0.093 -0.175  0.039  0.047 -0.543  0.037  0.788
C        0.618  0.259  0.313  0.498  0.414  0.589  1.102  0.020  0.771 -0.057  0.263  0.353 -1.103  0.114  0.810 -0.082  0.646  0.102  0.752  1.043  0.000
D        0.288  0.390 -0.058 -0.014 -0.097  0.023 -0.272 -0.100 -0.140  0.127  0.376  0.538 -0.120  0.281 -0.130  0.477  0.409 -0.111 -0.043  0.119 -0.943
E        0.331 -0.280  0.316  0.340  0.367  0.180  0.566 -0.014  0.252  0.219  0.213  0.319  0.209  0.153  0.114  0.392  0.041  0.385 -0.486 -0.069 -0.034
F        0.046 -0.208  0.309  0.086  0.550  0.580  0.280 -0.015  0.024  0.316 -0.604 -0.037  0.214  0.122 -0.065  0.287 -0.062  0.001  0.427  0.142 -1.298
G        0.817  0.000  0.046  0.016  0.289 -0.357 -0.249  0.015  0.432  0.488  0.304  0.723  0.604  0.338 -0.166  0.653  0.086  0.321  0.120 -0.513  0.000
H        0.327 -1.215 -0.100 -0.111  0.125  0.000  0.313  0.100 -0.249  0.142  0.170  0.590 -0.397 -0.044  0.095  0.179 -0.363 -0.403  0.695  0.152  0.000
I        0.244 -0.211  0.505  0.242  0.390  0.081  0.465  0.303  0.420  0.166  0.305  0.371  0.082  0.591  0.568  0.436  0.121  0.115  0.247  0.494  0.535
K        0.099 -0.017 -0.018  0.133  0.333  0.217  0.238  0.091  0.196  0.166  0.295  0.432 -0.160  0.201  0.176 -0.145  0.094  0.066 -0.048  0.082  0.128
L        0.418  0.561  0.246  0.295  0.078  0.128  0.546  0.215  0.386  0.163  0.164  0.249  0.137  0.334  0.224  0.062  0.272  0.239  0.271  0.356  0.055
M        0.349 -0.052  0.207 -0.062 -0.244  0.240  0.558  0.117  0.151  0.272  0.282  0.239 -0.148  0.430  0.389 -0.065 -0.016  0.126  1.065  0.388  0.002
N        0.062  1.168 -0.670 -0.231 -0.501 -0.081  0.110 -0.047 -0.043 -0.003  0.127  0.037 -0.859 -0.167 -0.124  0.229 -0.560  0.188 -0.735 -0.117  0.000
P        0.000  0.000  0.000  0.000  0.000 -0.106  0.000  0.000  0.000  0.000  0.000  0.000  0.000  0.000  0.000  0.000 -1.053  0.000  0.000 -0.269  0.000
Q        0.228  0.504  0.204  0.278  0.249  0.284  0.036  0.058  0.241  0.078  0.070  0.438  0.107  0.109  0.225  0.188  0.188  0.202 -0.154  0.184  0.485
R        0.130  0.084  0.094 -0.084 -0.116  0.195  0.499  0.228  0.294  0.216 -0.032  0.281  0.114  0.262  0.273  0.238  0.128 -0.073  0.533 -0.069  0.278
S        0.111 -0.262 -0.189  0.093  0.335  0.130  0.690  0.056  0.133  0.239  0.707  0.416  0.608  0.041  0.066  0.274  0.567  0.403  0.186  0.353  0.265
T        0.173  0.689 -0.364  0.295  0.120 -0.140  0.053 -0.080  0.271  0.321  0.084  0.254 -0.396  0.252  0.061  0.121  0.520 -0.056  0.971 -0.591  0.462
V        0.320  0.655  0.376  0.404  0.261  0.239  0.344  0.195  0.420  0.146  0.364  0.901  0.040  0.440  0.472  0.141  0.170  0.014  0.322  0.092  0.740
W       -0.407  0.523  0.696  0.582 -0.781  0.145  0.583 -0.434  0.167  0.192  1.095  0.526 -0.482  0.524  0.397 -0.028 -0.085 -0.003  0.000  0.532  0.000
Y        0.341  0.369 -0.006  0.057 -0.072 -0.126  0.153  0.040 -0.354 -0.081 -0.942  0.281 -0.382  0.157 -0.360 -0.034 -0.160  0.021  0.607  0.372  0.000
X        0.182  0.000 -0.489 -1.235  0.000  0.079  0.000  0.886  0.034  1.307 -0.431 -0.807 -0.290 -0.275 -0.998 -0.421  0.169 -0.308  0.000 -0.803  0.000
