i-1/i     A      C      D      E      F      G      H      I      K      L      M      N      P      Q      R      S      T      V      W      Y      X
A        0.207  0.151  0.246  0.160 -0.223 -0.051  0.260 -0.026  0.192 -0.036  0.007  0.391 -0.014  0.197  0.062  0.200  0.005  0.102  0.090 -0.032  0.169
C        0.090  0.916 -0.127  0.048  1.037 -0.210  0.000  0.462  0.340  0.236  0.423 -0.605  0.491  0.402 -0.241 -0.944  0.375  0.226 -0.672  0.184  0.000
D        0.868  0.794  0.425  0.472  0.616  0.437  0.088  0.406  0.412  0.322 -0.465 -0.201 -0.136  0.766  0.469  0.254  0.237 -0.131  0.585  0.373  0.000
E        0.696  0.886  0.264  0.376 -0.093  0.508  0.444  0.272  0.537  0.426  0.096 -0.012  0.548  0.724  0.481  0.247  0.542  0.282  0.564  0.133 -0.428
F       -0.108 -0.424  0.613  0.156 -0.279 -0.030  0.145 -0.161 -0.076 -0.118  0.435  0.354  0.216  0.297 -0.136  0.404 -0.111  0.098 -0.062  0.200  0.000
G        0.470  1.008  0.111  0.214  0.135  0.390  0.713  0.385  0.584  0.490  0.615  0.371 -1.053 -0.130  0.177  1.198  0.336  0.374 -0.085  0.426  0.000
H        0.209 -0.137  0.972  0.312  0.640  0.553 -0.398  0.005  0.044  0.228 -0.293  0.090  0.043  0.355  0.507  0.208  0.184 -0.009  0.197 -0.189  0.144
I       -0.159  0.391 -0.050 -0.146 -0.025  0.283  0.407 -0.282  0.102  0.070  0.464  0.877  0.147  0.087 -0.277  0.225 -0.075 -0.204  0.037 -0.135  0.864
K        0.737  0.312  0.430  0.306  0.398  0.556  0.850 -0.195  0.386  0.120  0.296  0.452  0.203  0.164  0.611  0.416  0.205  0.187  0.324  0.426 -0.230
L        0.073  0.283  0.070 -0.090 -0.025 -0.113  0.361 -0.141  0.178  0.134  0.244  0.495 -0.013  0.063  0.109  0.115  0.239 -0.098  0.151  0.122 -0.286
M       -0.003 -0.155  0.419  0.305  0.042  0.028 -0.129  0.581  0.228  0.198  0.313  0.332  0.043 -0.029 -0.007  0.747 -0.234  0.089 -0.323  0.177  0.000
N        0.747  0.798  0.392  0.465  0.501  0.094  0.116  0.464  0.435  0.416  0.603  0.675 -0.495  0.469  0.212  0.352  0.127  0.412  0.823 -0.035  0.000
P       -0.855 -0.650 -1.112 -0.681 -1.002  0.220 -0.552  0.000 -0.282  1.200  0.436 -1.062  0.000  0.853  0.138  0.000 -1.031 -1.283  0.000 -0.494  0.000
Q        0.715  1.010  0.203  0.476  0.367  0.495  0.231  0.108  0.301  0.353  0.483  0.162  0.379  0.494  0.519  0.667  0.403  0.493 -0.657  0.506  0.838
R        0.559  0.740  0.017  0.063  0.263  0.419  0.507  0.111  0.414  0.340  0.583  0.625  0.295  0.072  0.104  0.512  0.134 -0.013  0.076  0.492 -1.145
S        0.541  0.410 -0.152  0.210  0.807  0.272  0.451  0.958  0.209  0.569  0.378  0.765 -0.175  0.528  0.836  0.592 -0.277  0.443  0.513  0.426  0.970
T        0.404  1.164 -0.187  0.472  0.502 -0.007  0.279  0.167  0.146  0.328 -0.052  0.329 -0.294  0.251  0.288  0.295  0.197  0.168  1.279  0.303 -0.084
V        0.100  0.488  0.149  0.335  0.387  0.022  0.465  0.045  0.079  0.025  0.017  0.319 -0.161  0.079 -0.051 -0.076 -0.044  0.111 -0.005 -0.028  0.000
W       -0.333  0.000 -0.185  0.598 -0.211 -0.156  0.931 -0.288 -0.299  0.085 -0.515  1.153 -0.008  0.117 -0.288  0.000 -0.572 -0.088 -1.109  0.020  0.000
Y       -0.349 -0.151  0.532 -0.147 -0.373 -0.664 -0.115 -0.028 -0.137 -0.377  0.210  0.521 -0.367  0.248  0.043  0.002  0.375  0.163  0.669 -0.564  0.000
X       -0.347  0.000 -0.283 -0.626 -0.765  0.000  0.000 -0.563  0.877 -0.248  0.631  0.280  0.000 -1.118 -0.352  0.069  0.000 -0.438  0.000 -1.227 -0.662
