i-1/i     A      C      D      E      F      G      H      I      K      L      M      N      P      Q      R      S      T      V      W      Y      X
A        0.549  0.315  0.287  0.568  0.678  0.221  0.713  0.464  0.593  0.420  0.334  0.481  0.108  0.365  0.299  0.465  0.585  0.292  0.331 -0.097 -0.042
C        0.331  0.000  0.213  0.336 -0.238  0.315  0.780  0.311  0.323 -0.464  1.165  0.919 -0.174  0.335  0.166  0.828  0.707  0.208  0.070  0.000  0.000
D       -0.090  0.046  0.144  0.146  0.048  0.032  0.539 -0.027 -0.283  0.075 -0.204 -0.174  0.325 -0.232 -0.421 -0.211  0.365 -0.082  0.215 -0.110 -1.139
E        0.068  0.650 -0.114 -0.066  0.051  0.069  0.144  0.083  0.251  0.066  0.115 -0.127 -0.075  0.239  0.219 -0.074 -0.002  0.019 -0.431  0.092 -0.043
F        0.627  0.476  0.502  0.378  0.146  0.393 -0.110  0.225  0.328  0.657  0.199  0.596  0.688  0.400  0.272  0.453  0.072  0.485  0.122  0.639 -0.871
G        0.086  0.503 -0.246  0.450  0.472 -0.215  0.088 -0.032  0.267  0.067  0.657  0.605  0.548 -0.039  0.203  0.418 -0.330  0.045  0.563  0.051  0.000
H        0.392  0.088 -0.328  0.223  0.526 -0.350  0.964 -0.070  0.721  0.062  0.805  0.475 -0.495  0.566 -0.455  0.283  0.069  0.335 -0.119 -0.124  0.000
I        0.206 -0.955  0.406 -0.015  0.287  0.175  0.053  0.049  0.120  0.111  0.167  0.389  0.156  0.239  0.176  0.205 -0.298  0.208 -0.060  0.297  0.621
K        0.251  0.461  0.457  0.260  0.011  0.088  0.358  0.024  0.496  0.329  0.391  0.188 -0.647  0.305  0.016  0.341  0.132  0.238 -0.276  0.356 -0.151
L        0.736  0.724  0.263  0.282  0.241  0.454  0.548  0.127  0.410  0.341  0.315  0.669  0.291  0.423  0.448  0.552  0.392  0.209  0.044  0.190  1.378
M        0.443  1.192  0.191  0.431  0.246  0.529  0.723  0.018  0.168  0.818  1.040  0.839  0.363  0.397  0.645  0.422  0.551  0.047  0.643  0.441  0.787
N        0.130 -0.191  0.658 -0.180  0.113  0.064 -0.876  0.309  0.039 -0.128  0.552 -0.118 -0.045  0.741  0.097 -0.607 -0.171  0.132  1.029  0.160  0.916
P       -0.951  0.000  0.000 -0.399 -0.248  0.931  0.000 -0.690 -0.728 -0.899  0.000 -1.387 -0.687 -1.287 -0.759  0.000  0.000 -0.926  0.000  0.000  0.000
Q        0.210 -0.117  0.104  0.187  0.204  0.091  0.257  0.068  0.058  0.267 -0.402 -0.131 -0.101  0.257  0.341  0.180  0.221  0.250  0.064  0.032 -0.188
R        0.082  0.518  0.368  0.332  0.253  0.334  0.555  0.122  0.256  0.341  0.185 -0.168 -0.830  0.359 -0.022  0.183  0.213  0.071  0.588  0.335  0.368
S        0.212  0.313 -0.065  0.368  0.373 -0.170  0.192  0.011  0.150  0.344  0.170  0.479  0.270  0.343  0.438  0.351  0.385  0.020  0.535  0.488  0.457
T        0.550  0.116 -0.575  0.108 -0.104  0.233  0.589  0.093  0.212  0.045  0.302  1.222 -0.064  0.214  0.311  0.420 -0.119  0.200  0.079  0.030  0.134
V        0.274  0.121  0.015  0.117 -0.258 -0.088  0.150 -0.144  0.070  0.011  0.193  0.484 -0.047  0.037  0.227  0.163 -0.034 -0.029 -0.152  0.428 -1.339
W        0.576  1.168 -0.019  0.329  0.656 -0.035  0.848  0.292  0.630  0.399  0.445 -0.422  0.295  0.552 -0.107  0.574 -0.138  0.398  0.000 -0.525  0.000
Y        0.715  0.244 -0.099  0.156  0.085  0.465  0.605 -0.157  0.251  0.053  0.360  0.740 -0.510  0.252 -0.015  0.361  0.204  0.067 -0.146  0.259  0.000
X        0.956  0.000 -0.550  0.565  0.000  0.000  0.654 -0.662 -0.537  0.045  0.000  0.545  1.240  0.833  0.009  0.000  0.167 -1.199  0.000  0.000  0.000
