i-1/i     A      C      D      E      F      G      H      I      K      L      M      N      P      Q      R      S      T      V      W      Y      X
A        0.274 -0.162 -0.077  0.084  0.077  0.126  0.499  0.061  0.049  0.182 -0.022  0.024  0.378  0.075  0.242 -0.073  0.011  0.257 -0.203 -0.044 -1.236
C       -0.174  0.445  0.169  0.189 -0.317  0.313 -0.572 -0.129  0.095 -0.093 -0.633  0.155  0.000  0.445 -0.285 -0.256  0.149  0.181 -0.410 -0.544  0.000
D       -0.127 -0.444  0.162  0.288  0.382  0.057  0.059  0.200 -0.073  0.010  0.165 -0.641  0.299  0.187 -0.267  0.108 -0.293  0.168 -0.147  0.405  1.144
E        0.264  0.571  0.220  0.383 -0.109 -0.161  0.129 -0.071  0.222  0.032 -0.218 -0.164  0.023  0.237 -0.159 -0.001  0.295  0.042  0.405  0.252 -1.290
F       -0.137 -0.057 -0.006  0.363  0.424  0.050  0.129 -0.162  0.107  0.143  0.036  0.368 -0.037  0.034 -0.092 -0.175 -0.088 -0.046  0.139  0.878  0.000
G       -0.296 -0.342  0.138  0.079  0.430 -0.077  0.459 -0.261  0.148 -0.054  0.144  0.073 -0.070 -0.015  0.012  0.078 -0.106 -0.223 -1.149 -0.143  0.728
H       -0.339  0.336 -0.401 -0.065 -0.438 -0.154  0.288  0.574 -0.196 -0.391 -0.220  0.075  0.000 -0.384  0.340  0.193 -0.047 -0.124 -0.753 -0.359 -0.028
I        0.286  0.323  0.169  0.176 -0.088 -0.335  0.235  0.058  0.121  0.086  0.660  0.481 -0.619 -0.043  0.316  0.228 -0.049  0.113  0.335  0.431 -0.540
K        0.150  0.603 -0.152  0.093  0.110 -0.038 -0.588  0.040 -0.017  0.093  0.020 -0.267  0.579  0.108 -0.106 -0.034  0.021  0.197 -0.701 -0.228  0.000
L        0.254 -0.464  0.158  0.181  0.391  0.086  0.284  0.302  0.137  0.187  0.341  0.299  0.414 -0.021  0.194 -0.017  0.134  0.064  0.435 -0.146  0.000
M        0.080 -0.247  0.006  0.136  0.043 -0.742  0.679 -0.242  0.223 -0.078  0.283  0.282  0.327  0.208  0.312  0.347 -0.267  0.217  0.522 -0.579  0.173
N       -0.027 -0.042 -0.058 -0.422 -0.144  0.092 -0.258 -0.323 -0.266 -0.276 -0.533 -0.454  0.000 -0.089 -0.099 -0.272 -0.407 -0.134  0.521  0.070  0.992
P        0.286  1.039  0.182  0.336  0.305  0.230  0.645  0.236  0.071  0.223  0.117  0.362  0.000  0.215  0.588  0.563 -0.058  0.071 -0.345  0.471  0.743
Q       -0.029 -0.630 -0.096  0.015 -0.182  0.014 -0.086  0.097  0.277 -0.000  0.241 -0.249  0.370  0.007  0.095  0.085 -0.111 -0.106  0.321  0.094 -0.889
R        0.242 -0.166 -0.129 -0.088 -0.264  0.138  0.067  0.202  0.085 -0.013 -0.167 -0.052 -0.158  0.093  0.103  0.116  0.317  0.181  0.004 -0.126 -0.498
S       -0.148 -0.202  0.082 -0.283 -0.148 -0.163 -0.160 -0.187 -0.176 -0.347 -0.472  0.106 -0.226  0.101 -0.203 -0.468 -0.339 -0.051  0.055 -0.296 -0.316
T       -0.154  0.309  0.276 -0.352 -0.376 -0.120 -0.229 -0.180 -0.233 -0.042 -0.003 -0.826  0.655 -0.157  0.272 -0.442 -0.402 -0.253 -0.231 -0.255 -0.821
V        0.124  0.374  0.468  0.244 -0.053  0.129 -0.218  0.326  0.227  0.207  0.214  0.564  0.561  0.052 -0.002  0.174  0.204 -0.041  0.343  0.144  0.260
W        0.171  0.856  0.552  0.101  0.173  0.510  0.000 -0.028  0.249  0.614 -0.011 -0.024  0.459  0.051 -0.373 -0.116  0.243 -0.052  0.000  0.633  0.000
Y       -0.006  0.377  0.278  0.037 -0.052  0.393 -0.425 -0.126  0.094  0.287 -0.214  0.366  0.322 -0.047  0.125  0.414  0.264 -0.311  0.878 -0.164 -1.023
X        0.160  0.000  0.157  0.185  0.000  0.000  0.000  0.050  0.379 -0.692  0.838  0.000  0.000 -0.100 -0.360 -0.437 -1.006 -0.595  0.000  0.000  0.000
