i-1/i     A      C      D      E      F      G      H      I      K      L      M      N      P      Q      R      S      T      V      W      Y      X
A        0.012 -0.149 -0.035 -0.010 -0.087  0.000 -0.037 -0.055 -0.016  0.012 -0.035 -0.029  0.005 -0.006 -0.054 -0.000 -0.081 -0.048 -0.049 -0.045 -0.018
C       -0.124 -0.205  0.000 -0.056 -0.293  0.000 -0.115 -0.151 -0.014  0.010 -0.229 -0.055  0.172  0.111  0.052  0.036 -0.097 -0.024  0.138  0.065  0.000
D        0.000 -0.034 -0.092 -0.070  0.075  0.000 -0.097 -0.085 -0.037 -0.010  0.004 -0.148  0.060 -0.153  0.001 -0.067 -0.090 -0.066  0.039 -0.233  0.000
E        0.048 -0.011 -0.017 -0.036 -0.019  0.000 -0.067 -0.054 -0.020 -0.011  0.026 -0.077  0.078 -0.038 -0.022 -0.069 -0.060 -0.040 -0.231 -0.107 -0.045
F        0.007  0.130  0.015  0.065  0.032  0.000 -0.036  0.018 -0.014  0.049  0.058  0.135 -0.056 -0.014  0.021  0.029 -0.127 -0.062  0.070  0.108 -0.327
G        0.030  0.000 -0.020 -0.011 -0.066  0.000  0.071 -0.013  0.020 -0.009  0.053 -0.051 -0.062  0.002 -0.057 -0.074 -0.089  0.036  0.242 -0.058  0.000
H        0.029  0.000 -0.025 -0.037  0.013  0.000 -0.052 -0.037 -0.047  0.027  0.205 -0.070  0.040 -0.036 -0.055  0.014  0.004  0.031  0.102 -0.071  0.000
I       -0.026 -0.101  0.030  0.027  0.035  0.000  0.044 -0.036 -0.004  0.038  0.006  0.146  0.061  0.110 -0.052 -0.027 -0.068 -0.032 -0.205  0.034 -0.040
K        0.022 -0.042 -0.045 -0.030 -0.062  0.000  0.016  0.005 -0.055 -0.075  0.055 -0.061  0.040 -0.009 -0.051 -0.060 -0.045 -0.105 -0.012 -0.093 -0.099
L       -0.041  0.004  0.045  0.042 -0.043  0.000 -0.003 -0.072 -0.008 -0.014 -0.024  0.021 -0.054  0.044  0.000 -0.010 -0.089 -0.073  0.118  0.021 -0.394
M        0.034 -0.064  0.036 -0.003 -0.107  0.000 -0.112 -0.029  0.019  0.011  0.153  0.039  0.057 -0.030 -0.048  0.002 -0.103 -0.034 -0.062 -0.007 -0.108
N        0.018  0.112 -0.084 -0.062 -0.030  0.000 -0.092 -0.002 -0.051 -0.052  0.009 -0.011 -0.037 -0.092 -0.042 -0.084 -0.068 -0.039  0.021 -0.195  0.000
P       -0.012 -0.154 -0.027  0.071  0.000  0.000  0.000 -0.121 -0.003 -0.050  0.000  0.000  0.000  0.000  0.079  0.052  0.099  0.049  0.000  0.000  0.000
Q        0.015 -0.065  0.006  0.016  0.035  0.000 -0.040 -0.049 -0.013 -0.033  0.048 -0.086 -0.033 -0.013 -0.007  0.000 -0.034 -0.100  0.069  0.000  0.000
R        0.018 -0.066 -0.004 -0.038 -0.099  0.000 -0.022 -0.004 -0.039 -0.010 -0.003 -0.056  0.011 -0.041 -0.022 -0.053 -0.077 -0.077 -0.101 -0.039  0.275
S        0.041 -0.085 -0.025 -0.049 -0.138  0.000 -0.030 -0.080 -0.045 -0.037  0.038 -0.092  0.050 -0.002 -0.008 -0.064 -0.039 -0.017 -0.187 -0.226  0.000
T        0.042 -0.251  0.023 -0.002 -0.117  0.000  0.070  0.091 -0.000 -0.023  0.067 -0.065 -0.019  0.015  0.048 -0.068  0.050  0.048 -0.189 -0.105  0.375
V        0.001 -0.013  0.039  0.022 -0.020  0.000 -0.118  0.020  0.025 -0.046 -0.141  0.016 -0.010  0.043 -0.034 -0.075 -0.052 -0.051 -0.045 -0.074 -0.032
W        0.021  0.130  0.004  0.004  0.017  0.000 -0.039 -0.041 -0.095 -0.009  0.109  0.081  0.218 -0.036  0.102  0.013 -0.168 -0.006  0.099  0.135  0.000
Y        0.057  0.101  0.067 -0.077 -0.010  0.000 -0.072 -0.008  0.007  0.042  0.092 -0.041  0.075  0.022  0.025 -0.032 -0.069  0.004  0.120  0.003  0.076
X        0.038  0.000  0.089  0.000  0.256  0.000  0.000  0.136 -0.007  0.000  0.000  0.030 -0.195  0.035 -0.102  0.107  0.000  0.110 -0.191 -0.063  0.138
