i-1/i     A      C      D      E      F      G      H      I      K      L      M      N      P      Q      R      S      T      V      W      Y      X
A        0.025 -0.054 -0.033 -0.007  0.109  0.000 -0.009 -0.015 -0.012 -0.020  0.061 -0.055  0.030 -0.000 -0.019 -0.048 -0.087 -0.033  0.095 -0.030  0.260
C        0.059  0.009  0.028  0.059  0.034  0.000  0.145  0.004  0.082  0.056 -0.168  0.097  0.031  0.140 -0.039  0.039 -0.174  0.029 -0.159  0.010  0.000
D       -0.018 -0.091  0.024 -0.034 -0.084  0.000 -0.083 -0.086 -0.069 -0.061  0.114 -0.141 -0.015 -0.066 -0.064 -0.045 -0.072 -0.066 -0.086 -0.092 -0.138
E       -0.034 -0.174 -0.050 -0.066 -0.154  0.000 -0.060 -0.061 -0.057 -0.047 -0.109 -0.079 -0.051 -0.068 -0.039 -0.048 -0.001 -0.083 -0.044 -0.117  0.090
F        0.050  0.004  0.021  0.020  0.036  0.000 -0.112  0.037  0.040  0.049 -0.129  0.010  0.107  0.009  0.037  0.037 -0.059  0.015 -0.068  0.001  0.103
G        0.050  0.020  0.020  0.001 -0.069  0.000  0.077 -0.014  0.009  0.003  0.221 -0.000  0.004 -0.038  0.012 -0.043 -0.036 -0.031  0.173 -0.043  0.000
H        0.017 -0.136 -0.014 -0.040 -0.253  0.000  0.006 -0.060 -0.014 -0.020 -0.117 -0.115 -0.159 -0.042 -0.036 -0.033 -0.082 -0.052  0.068  0.048  0.000
I        0.018  0.029  0.038  0.047  0.078  0.000 -0.074 -0.031  0.056 -0.004  0.024 -0.033  0.087  0.062  0.088  0.034 -0.024  0.029  0.063  0.001 -0.007
K       -0.009  0.032 -0.021 -0.039 -0.045  0.000 -0.082 -0.020 -0.047 -0.032  0.105 -0.049  0.010 -0.029 -0.067 -0.033 -0.028 -0.084 -0.064 -0.062 -0.067
L        0.040  0.040 -0.013  0.033  0.027  0.000  0.055  0.005  0.058  0.017 -0.028 -0.018  0.048  0.066  0.069  0.014 -0.025  0.051 -0.034  0.081 -0.160
M        0.088  0.057  0.053  0.039  0.035  0.000  0.030  0.009  0.066  0.005 -0.110 -0.042  0.016 -0.000  0.065  0.042 -0.059 -0.041 -0.030  0.104 -0.218
N       -0.036  0.032 -0.028 -0.041 -0.125  0.000 -0.039 -0.104 -0.027 -0.022 -0.108 -0.077  0.114 -0.033 -0.052 -0.011 -0.141 -0.047  0.051 -0.154 -0.116
P        0.123  0.294  0.172  0.005  0.088  0.000  0.000  0.111  0.136  0.162  0.208  0.000  0.000  0.158  0.144 -0.178  0.005  0.171  0.251  0.174  0.000
Q       -0.042 -0.125 -0.013 -0.030 -0.095  0.000  0.009 -0.020 -0.049 -0.042  0.041 -0.009  0.018 -0.067 -0.054 -0.107 -0.033 -0.082 -0.060 -0.047 -0.167
R       -0.040 -0.104  0.021 -0.054 -0.101  0.000 -0.135 -0.051 -0.028 -0.013 -0.014 -0.012  0.003 -0.059 -0.008 -0.045 -0.078 -0.047 -0.144 -0.004 -0.387
S        0.006 -0.070 -0.061 -0.012 -0.018  0.000  0.021 -0.043  0.015  0.007  0.088  0.020 -0.007 -0.019 -0.026  0.030 -0.001 -0.082 -0.183  0.002 -0.134
T       -0.005  0.036 -0.031  0.031  0.023  0.000  0.054  0.047  0.021 -0.017 -0.021  0.005  0.032 -0.002  0.048 -0.028  0.106  0.036  0.045 -0.160 -0.206
V        0.038 -0.050  0.013  0.043  0.096  0.000  0.019 -0.022  0.051  0.015 -0.007  0.037  0.043  0.043  0.089  0.008  0.004  0.053 -0.005  0.125  0.237
W       -0.024  0.184 -0.022 -0.015 -0.281  0.000 -0.165  0.036  0.067  0.044 -0.085  0.132  0.075  0.048  0.087  0.040 -0.068 -0.041 -0.297  0.059  0.000
Y        0.073  0.007 -0.014  0.014 -0.204  0.000 -0.065  0.024 -0.028  0.032 -0.115 -0.098  0.049 -0.083 -0.023  0.056 -0.077 -0.029  0.111 -0.043  0.000
X       -0.085  0.000  0.094  0.080  0.000  0.000  0.000 -0.034  0.118  0.015  0.101  0.000  0.144  0.109 -0.041  0.074 -0.246  0.089  0.000  0.068  0.000
