i-1/i     A      C      D      E      F      G      H      I      K      L      M      N      P      Q      R      S      T      V      W      Y      X
A       -0.005 -0.041  0.003  0.001 -0.060  0.000 -0.139 -0.029 -0.021 -0.034  0.004 -0.035  0.035  0.050 -0.029 -0.019 -0.055 -0.065 -0.107 -0.040  0.005
C       -0.095  0.000 -0.104 -0.097 -0.214  0.000  0.000 -0.216 -0.266 -0.092 -0.080 -0.181 -0.069 -0.063 -0.128 -0.049 -0.177 -0.082  0.000 -0.079  0.000
D        0.128  0.121 -0.016  0.080  0.190  0.000  0.021  0.094  0.143  0.106  0.087  0.017  0.206  0.117  0.158  0.103  0.103  0.154 -0.118  0.135  0.021
E        0.078 -0.006 -0.006  0.045  0.040  0.000  0.106 -0.035  0.118  0.021 -0.065  0.035  0.125  0.053  0.141  0.056  0.016  0.107  0.054 -0.050 -0.298
F       -0.047 -0.053  0.045 -0.075 -0.264  0.000 -0.129  0.013 -0.042  0.020  0.179  0.081 -0.055 -0.056 -0.046 -0.031  0.014 -0.011  0.074 -0.147  0.000
G        0.113  0.093  0.070  0.045  0.000  0.000  0.167  0.069  0.062  0.104  0.025 -0.005  0.144  0.076  0.065  0.065  0.038  0.069 -0.104  0.096  0.000
H        0.063  0.002  0.101  0.080 -0.062  0.000 -0.053 -0.021  0.076 -0.027 -0.082 -0.051 -0.071  0.038  0.072  0.050  0.029 -0.008  0.247  0.091 -0.204
I       -0.123 -0.159 -0.075 -0.141 -0.152  0.000 -0.170 -0.130 -0.168 -0.048  0.003 -0.119 -0.031 -0.140 -0.159 -0.104 -0.200 -0.150  0.171 -0.218  0.128
K        0.040 -0.009 -0.023  0.005 -0.020  0.000 -0.038 -0.029 -0.007 -0.012  0.024 -0.060 -0.010 -0.033  0.014 -0.058 -0.104 -0.019 -0.146  0.021  0.000
L       -0.110 -0.136 -0.069 -0.144 -0.100  0.000 -0.165 -0.054 -0.148 -0.080  0.006 -0.081 -0.072 -0.137 -0.170 -0.148 -0.124 -0.159  0.008 -0.130 -0.379
M       -0.063 -0.015 -0.049 -0.134 -0.043  0.000 -0.039  0.007 -0.080 -0.037 -0.091 -0.094  0.057 -0.013 -0.068 -0.155  0.013 -0.057  0.090 -0.034  0.260
N        0.122  0.024  0.044  0.037 -0.009  0.000  0.103  0.002  0.054 -0.007 -0.005 -0.017  0.113  0.078  0.049  0.036 -0.062  0.041 -0.148  0.078  0.288
P        0.194  0.306  0.000  0.225  0.000  0.000  0.000  0.000  0.000  0.000  0.103 -0.030  0.000  0.000  0.000  0.077  0.109  0.000  0.246  0.161  0.000
Q        0.079 -0.072 -0.030  0.011  0.155  0.000 -0.057  0.004  0.061 -0.004  0.034 -0.140  0.058  0.018  0.090  0.018 -0.001  0.085  0.117 -0.004  0.069
R       -0.014 -0.069  0.027  0.063 -0.033  0.000 -0.050 -0.103 -0.022 -0.036 -0.104 -0.039 -0.040 -0.059 -0.023 -0.019 -0.125 -0.078 -0.198 -0.003  0.192
S        0.098  0.049  0.016  0.031  0.047  0.000  0.006 -0.013  0.032  0.026  0.032  0.035  0.137  0.017  0.055  0.024 -0.054 -0.014 -0.103  0.149  0.429
T        0.053 -0.246  0.022  0.029 -0.059  0.000  0.111 -0.074 -0.004  0.018 -0.121  0.006  0.075  0.041  0.027 -0.059  0.067  0.036  0.059  0.130 -0.174
V       -0.100 -0.116 -0.080 -0.146 -0.148  0.000 -0.140 -0.084 -0.170 -0.066 -0.027 -0.121 -0.049 -0.080 -0.127 -0.096 -0.151 -0.179  0.051 -0.164 -0.295
W       -0.059  0.000 -0.004  0.110  0.081  0.000  0.165  0.036  0.082  0.079  0.155  0.209  0.183  0.011 -0.046  0.188 -0.198  0.171  0.021 -0.094  0.000
Y        0.008  0.009  0.091 -0.073 -0.051  0.000  0.038 -0.052 -0.075  0.035  0.097 -0.006  0.131  0.042 -0.070 -0.084  0.061 -0.151 -0.023 -0.077  0.149
X       -0.172  0.000  0.000  0.000 -0.055  0.000  0.124 -0.116  0.000  0.028  0.014  0.026  0.000  0.000  0.000 -0.197  0.000 -0.179  0.000  0.361  0.064
