i-1/i     A      C      D      E      F      G      H      I      K      L      M      N      P      Q      R      S      T      V      W      Y      X
A        0.030 -0.066 -0.040 -0.020 -0.006  0.000 -0.046 -0.039 -0.044 -0.014 -0.033 -0.031  0.001 -0.040 -0.020 -0.043 -0.069 -0.013 -0.056 -0.041 -0.208
C       -0.060  0.000 -0.010 -0.041  0.255  0.000 -0.139 -0.019  0.002  0.014  0.206 -0.058  0.042 -0.038  0.027 -0.081 -0.081  0.017  0.006  0.000  0.000
D       -0.015 -0.097 -0.023  0.023  0.008  0.000 -0.108 -0.040 -0.026  0.005  0.002  0.020  0.041  0.034  0.008 -0.003 -0.055 -0.056 -0.057  0.056  0.076
E       -0.036 -0.002  0.002 -0.030 -0.092  0.000 -0.086 -0.030 -0.015 -0.027 -0.021 -0.011 -0.032 -0.020 -0.034 -0.037 -0.094 -0.065 -0.041 -0.052 -0.014
F        0.096 -0.072 -0.018 -0.008 -0.102  0.000  0.023  0.038  0.029  0.008  0.119 -0.077  0.042 -0.026  0.016 -0.018 -0.054 -0.005  0.151  0.058 -0.356
G        0.036 -0.045  0.036 -0.002  0.144  0.000 -0.064 -0.025 -0.005 -0.015  0.011  0.035  0.000  0.061  0.026 -0.031 -0.125  0.055 -0.012 -0.134  0.000
H       -0.051 -0.102 -0.009  0.019  0.056  0.000 -0.031 -0.070  0.010 -0.012  0.106  0.073 -0.059  0.066  0.010  0.138  0.034 -0.031 -0.112  0.018  0.000
I        0.034 -0.178 -0.011 -0.021 -0.145  0.000 -0.085 -0.031 -0.004 -0.033  0.102 -0.059  0.088 -0.033 -0.003 -0.041 -0.024  0.033 -0.124 -0.161  0.064
K       -0.019 -0.076  0.054  0.035 -0.082  0.000 -0.015 -0.033  0.005 -0.015  0.037  0.022 -0.007  0.007  0.001 -0.011 -0.070 -0.073 -0.021 -0.006  0.116
L        0.044 -0.034 -0.046 -0.011 -0.142  0.000 -0.065 -0.023 -0.021  0.014  0.016 -0.054  0.011 -0.006  0.002 -0.045 -0.073 -0.028 -0.073 -0.045  0.114
M        0.021 -0.083 -0.027 -0.065 -0.182  0.000 -0.088  0.031 -0.018 -0.041  0.053 -0.051  0.088 -0.017 -0.022 -0.028 -0.023 -0.081 -0.116 -0.128 -0.027
N        0.021 -0.078 -0.003 -0.021  0.013  0.000 -0.079 -0.054 -0.010 -0.028  0.024 -0.011  0.060 -0.074  0.000 -0.089 -0.114  0.010 -0.009 -0.032  0.253
P        0.120  0.000  0.000  0.165 -0.156  0.000  0.000  0.000  0.110  0.214  0.000  0.000  0.000  0.254  0.106  0.163  0.275  0.177  0.000  0.166  0.000
Q       -0.034  0.033  0.037  0.005 -0.015  0.000 -0.079 -0.043 -0.058 -0.037 -0.003  0.030 -0.018 -0.042 -0.060 -0.004 -0.080 -0.096 -0.044 -0.051 -0.148
R       -0.019 -0.141  0.027 -0.020 -0.053  0.000 -0.077 -0.019 -0.032 -0.028 -0.135 -0.099 -0.035 -0.032 -0.046 -0.002 -0.037 -0.075  0.001 -0.057 -0.163
S       -0.032 -0.003  0.007 -0.012 -0.069  0.000  0.092 -0.036  0.009 -0.022 -0.070 -0.025 -0.081 -0.019 -0.022  0.020 -0.044 -0.053  0.060  0.038 -0.246
T       -0.007 -0.011  0.033 -0.018  0.002  0.000 -0.083 -0.063  0.016 -0.073  0.028 -0.060  0.055  0.032 -0.140 -0.072  0.106 -0.041  0.039  0.030  0.016
V        0.014  0.026 -0.016 -0.030  0.030  0.000  0.143 -0.034 -0.014 -0.000 -0.048 -0.092 -0.007 -0.030  0.030 -0.045 -0.048  0.015 -0.005  0.005 -0.296
W        0.057  0.000 -0.030 -0.002  0.082  0.000 -0.003  0.032  0.024  0.016  0.031 -0.053  0.003 -0.088  0.034  0.042  0.028 -0.114  0.000  0.043  0.000
Y        0.046  0.077  0.062 -0.004 -0.015  0.000  0.113 -0.090  0.017  0.015 -0.009 -0.032  0.051  0.020  0.016  0.015 -0.085 -0.059  0.043 -0.110  0.000
X        0.037  0.000 -0.115  0.026  0.000  0.000  0.064  0.125  0.006  0.018  0.000 -0.009 -0.027  0.028  0.057  0.000 -0.014 -0.099  0.081  0.256  0.000
