i-1/i     A      C      D      E      F      G      H      I      K      L      M      N      P      Q      R      S      T      V      W      Y      X
A        0.047 -0.004  0.011  0.016 -0.027  0.000  0.033 -0.059  0.040  0.026  0.045  0.029  0.131  0.016  0.016 -0.025 -0.027 -0.028 -0.074 -0.008  0.009
C       -0.007  0.054 -0.023 -0.030  0.022  0.000 -0.104  0.002 -0.035 -0.007  0.237 -0.080  0.058  0.004 -0.067  0.027 -0.085 -0.041 -0.080 -0.080  0.000
D        0.077  0.113  0.061  0.053  0.004  0.000  0.061  0.023  0.085  0.031  0.063  0.074  0.079  0.053  0.044  0.015 -0.005  0.071 -0.050  0.074  0.256
E        0.036 -0.059  0.032  0.044  0.041  0.000  0.044 -0.009  0.072  0.066  0.039  0.043 -0.020  0.031  0.081  0.020  0.027  0.023  0.007  0.080 -0.070
F       -0.078 -0.081 -0.075 -0.094 -0.021  0.000 -0.157 -0.168 -0.090 -0.168 -0.114 -0.154 -0.250 -0.176 -0.116 -0.019 -0.108 -0.129 -0.143 -0.161  0.000
G        0.145  0.103  0.053  0.069  0.035  0.000  0.157  0.085  0.084  0.059  0.019 -0.025  0.067  0.088  0.115  0.130  0.041  0.064  0.020 -0.012  0.292
H       -0.040  0.011  0.007 -0.012  0.016  0.000 -0.065 -0.067 -0.089 -0.053  0.065 -0.084  0.000  0.077  0.046  0.019  0.112 -0.023  0.068 -0.028 -0.103
I       -0.032 -0.044 -0.019 -0.058 -0.011  0.000 -0.014 -0.120 -0.036 -0.023 -0.004 -0.018  0.073 -0.072 -0.037 -0.025 -0.017 -0.097  0.034 -0.060  0.018
K        0.075  0.081  0.019  0.046  0.127  0.000  0.142 -0.029  0.079  0.038  0.060  0.055  0.163  0.079  0.094  0.042 -0.014  0.068  0.064  0.189 -0.154
L       -0.011 -0.060 -0.028 -0.038 -0.018  0.000 -0.104 -0.045 -0.020 -0.028 -0.010 -0.029 -0.033 -0.018 -0.005 -0.026 -0.015 -0.052 -0.066 -0.011  0.198
M       -0.056  0.095 -0.002 -0.064  0.070  0.000  0.004  0.110  0.051  0.000 -0.021 -0.064  0.011 -0.062  0.023  0.042  0.049  0.015 -0.204  0.219 -0.084
N        0.075  0.131  0.036  0.105  0.110  0.000 -0.021  0.072  0.027  0.071  0.040  0.079  0.000  0.088  0.078  0.053 -0.036  0.140  0.191  0.132  0.058
P        0.115  0.300 -0.028  0.047  0.072  0.000 -0.057  0.057  0.059  0.143  0.028  0.029  0.000  0.111  0.051  0.050 -0.007  0.043  0.142  0.051 -0.199
Q        0.042  0.130  0.019  0.046  0.089  0.000  0.113  0.034  0.065  0.028 -0.028  0.017  0.120  0.053  0.062  0.009  0.021 -0.002 -0.062  0.010  0.063
R        0.078  0.132  0.018  0.034  0.199  0.000  0.026  0.054  0.083  0.058  0.015  0.088  0.061  0.057  0.085 -0.011 -0.047  0.040 -0.023  0.026  0.142
S        0.110  0.020  0.040  0.099 -0.063  0.000 -0.006  0.108  0.100  0.074  0.110  0.068 -0.068  0.124  0.111  0.121  0.127  0.101  0.165  0.059  0.135
T        0.011 -0.152  0.025  0.047  0.127  0.000  0.104 -0.028  0.034 -0.008 -0.005  0.016  0.010 -0.025  0.100  0.021  0.162  0.065 -0.001  0.090 -0.189
V       -0.021 -0.026 -0.031 -0.061 -0.140  0.000  0.090 -0.064 -0.071 -0.028  0.015 -0.071  0.129 -0.046 -0.068 -0.045 -0.029 -0.055 -0.038 -0.117 -0.073
W       -0.094 -0.231 -0.053 -0.119 -0.164  0.000 -0.301 -0.187 -0.188 -0.256 -0.217  0.000 -0.136 -0.167 -0.136 -0.103 -0.044 -0.258  0.298 -0.155  0.000
Y       -0.103 -0.144 -0.079 -0.140 -0.025  0.000 -0.130 -0.170 -0.183 -0.144 -0.043 -0.085 -0.218 -0.105 -0.070 -0.049 -0.233 -0.182  0.078 -0.020 -0.122
X       -0.035  0.000  0.107  0.045 -0.163  0.000  0.000 -0.214 -0.083 -0.115  0.175  0.000  0.000 -0.090 -0.036  0.230  0.063 -0.028  0.000  0.000  0.000
