i-1/i     A      C      D      E      F      G      H      I      K      L      M      N      P      Q      R      S      T      V      W      Y      X
A        0.051 -0.146 -0.025  0.053  0.037  0.069 -0.032  0.098  0.083  0.035  0.129  0.235  0.000  0.088  0.112  0.103  0.049 -0.039 -0.207 -0.055  0.082
C       -0.117  0.307  0.058  0.216  0.223  0.417  0.297  0.170  0.085  0.113  0.188 -0.143  0.000 -0.054  0.131  0.118 -0.057  0.108 -0.038  0.126  0.000
D        0.071 -0.083  0.177  0.063  0.030  0.246  0.146  0.017  0.083  0.053 -0.024  0.082  0.000  0.022  0.041  0.188  0.159  0.064 -0.373 -0.032  0.000
E        0.025  0.291  0.109  0.150 -0.050  0.158  0.059  0.051  0.060  0.054 -0.061  0.137  0.000  0.131  0.082  0.083  0.117  0.012  0.008  0.192 -0.155
F        0.035  0.182 -0.129 -0.055  0.004  0.104 -0.045 -0.090  0.133 -0.019  0.008 -0.234  0.000  0.133 -0.038  0.185  0.031  0.103  0.131  0.010 -0.369
G        0.057  0.000  0.199  0.085  0.139  0.094 -0.157  0.229  0.158  0.069 -0.028  0.155  0.000  0.234  0.045  0.041  0.087 -0.006  0.259  0.390  0.000
H       -0.167  0.000 -0.154  0.080  0.105  0.066  0.227  0.029  0.092 -0.049  0.160  0.095  0.000 -0.017  0.033  0.327  0.113 -0.094 -0.568  0.114  0.000
I        0.028 -0.020 -0.105 -0.121 -0.014 -0.002  0.001 -0.004 -0.025 -0.029  0.069  0.012  0.000 -0.005  0.081  0.091  0.031 -0.046  0.020  0.143 -0.211
K        0.147  0.015  0.096  0.074  0.358  0.006  0.219  0.099  0.176  0.145  0.137  0.028  0.000  0.027  0.154  0.157 -0.001  0.148  0.128  0.167 -0.460
L        0.100  0.035 -0.110 -0.137  0.099  0.217 -0.009 -0.003  0.016  0.039 -0.024  0.069  0.000  0.047  0.009 -0.029  0.044  0.065  0.188  0.008  0.178
M        0.009 -0.154 -0.459  0.017  0.125  0.036 -0.150  0.151  0.073  0.202  0.111 -0.340  0.000 -0.214 -0.119  0.047  0.120  0.059  0.048 -0.012  0.078
N        0.008  0.137  0.290  0.024 -0.062  0.132 -0.046 -0.001  0.075  0.053 -0.135  0.210  0.000  0.155  0.161 -0.021  0.042  0.080  0.093 -0.057  0.000
P       -0.117  0.104  0.011 -0.158  0.000  0.000  0.000  0.000 -0.056  0.529  0.000  0.000  0.000  0.000 -0.334 -0.074 -0.252 -0.123  0.000  0.000  0.000
Q        0.082 -0.515  0.093  0.116  0.227 -0.086 -0.037  0.106  0.050  0.095  0.073  0.055  0.000 -0.025 -0.002  0.040  0.025 -0.017  0.079  0.003  0.000
R        0.084  0.128  0.114  0.167  0.138  0.254  0.054  0.183  0.069  0.130 -0.109  0.173  0.000  0.091  0.069 -0.001  0.076  0.029 -0.027  0.226  0.000
S        0.212  0.032  0.085  0.178  0.018  0.025  0.115  0.020  0.196  0.088  0.049  0.021  0.000  0.104  0.123  0.135 -0.017 -0.023  0.162  0.160  0.000
T        0.148  0.115 -0.006  0.048  0.138  0.012  0.062  0.088  0.197  0.088  0.071  0.241  0.000 -0.027  0.176  0.002  0.175  0.148  0.192 -0.272 -0.102
V        0.012  0.089 -0.076 -0.088  0.007  0.131  0.328 -0.001 -0.009  0.088  0.224  0.050  0.000  0.160  0.050  0.104  0.172  0.170 -0.075  0.103  0.237
W        0.046 -0.624 -0.156 -0.140  0.429  0.074 -0.157  0.170 -0.020  0.056  0.243 -0.082  0.000 -0.105 -0.146  0.103 -0.167 -0.054  0.109 -0.324 -0.150
Y        0.030  0.013 -0.278 -0.012  0.137  0.057  0.162  0.048 -0.052  0.080  0.052  0.106  0.000  0.133  0.068 -0.029  0.096 -0.010  0.076 -0.181  0.000
X        0.066  0.000  0.168 -0.126  0.000  0.000  0.000  0.372 -0.136 -0.166  0.000  0.273  0.000  0.147  0.000 -0.452  0.000  0.450 -0.107 -0.286 -0.285
