i-1/i     A      C      D      E      F      G      H      I      K      L      M      N      P      Q      R      S      T      V      W      Y      X
A        0.021  0.014  0.036 -0.020  0.028  0.003  0.011  0.035  0.109  0.059  0.069  0.161  0.000  0.030  0.147  0.045  0.081  0.029  0.076  0.097  0.305
C       -0.057  0.176 -0.105  0.133  0.069  0.385  0.201 -0.037 -0.023  0.085 -0.180  0.042  0.000  0.011  0.171  0.226  0.243  0.091  0.008  0.102  0.000
D        0.189 -0.338  0.164  0.279  0.161  0.152  0.353  0.100  0.218  0.049  0.250  0.175  0.000  0.231  0.105  0.114  0.231  0.034 -0.030  0.100 -0.161
E        0.160 -0.029  0.106  0.245  0.137  0.128  0.181  0.027  0.191  0.105  0.196  0.149  0.000  0.199  0.122  0.180  0.018  0.167  0.139  0.133  0.026
F       -0.100 -0.086 -0.040 -0.121 -0.071  0.043 -0.189 -0.141 -0.202 -0.170 -0.047  0.021  0.000  0.007 -0.222 -0.122 -0.044 -0.035 -0.106 -0.169 -0.132
G        0.189 -0.292  0.225  0.262  0.244  0.415  0.600  0.107  0.214  0.168  0.299  0.129  0.000  0.265  0.151  0.191  0.026  0.329  0.270  0.165  0.000
H        0.186  0.077  0.191  0.094  0.040 -0.507  0.302  0.198 -0.022  0.087  0.135 -0.037  0.000  0.139  0.008  0.001  0.000  0.203  0.496  0.043  0.000
I       -0.131 -0.043 -0.196 -0.254 -0.170 -0.082 -0.246 -0.176 -0.203 -0.195 -0.142 -0.161  0.000 -0.198 -0.148 -0.159 -0.123 -0.179 -0.112 -0.187  0.512
K        0.104  0.132  0.091  0.009  0.142  0.072  0.065  0.126  0.093  0.106  0.029  0.139  0.000  0.067  0.117 -0.003  0.042  0.024 -0.003  0.057  0.039
L       -0.115 -0.070 -0.117 -0.205 -0.057 -0.071 -0.093 -0.137 -0.184 -0.132 -0.187 -0.060  0.000 -0.138 -0.156 -0.107 -0.012 -0.222 -0.092 -0.126 -0.060
M       -0.070 -0.387 -0.129 -0.135  0.099 -0.029 -0.060 -0.186 -0.109 -0.135 -0.033 -0.022  0.000 -0.260 -0.023 -0.064 -0.094 -0.116 -0.036 -0.004 -0.227
N        0.165  0.236  0.277  0.177  0.139  0.199  0.134  0.126  0.119  0.138  0.222  0.255  0.000  0.174  0.103  0.243  0.048  0.309 -0.045  0.238  0.000
P        0.001  0.000 -0.253  0.188  0.453  0.000  0.000  0.214  0.394  0.393 -0.271  0.000  0.000 -0.066  0.000 -0.176  0.389  0.282  0.277  0.000  0.000
Q       -0.004  0.054  0.186  0.046  0.194 -0.017  0.114  0.041  0.113  0.074  0.037  0.106  0.000  0.005  0.051  0.114  0.014  0.059  0.225  0.137 -0.189
R        0.067  0.062  0.043 -0.008  0.121  0.085  0.092  0.046 -0.023  0.035  0.174  0.015  0.000  0.011  0.079  0.001  0.046  0.015 -0.103  0.079 -0.337
S        0.229  0.078  0.252  0.267  0.166  0.164  0.020  0.162  0.238  0.146  0.101  0.339  0.000  0.261  0.127  0.117  0.133  0.172  0.106  0.166  0.370
T        0.161  0.134  0.033  0.239  0.059  0.180  0.181  0.203  0.093  0.164  0.114  0.179  0.000  0.154  0.157  0.021  0.071  0.179 -0.025 -0.004  0.182
V       -0.118 -0.251 -0.217 -0.226 -0.215 -0.001 -0.200 -0.117 -0.208 -0.153 -0.151 -0.101  0.000 -0.156 -0.186 -0.117 -0.083 -0.124 -0.133 -0.223 -0.008
W        0.042  0.046  0.113 -0.208 -0.272  0.011 -0.269 -0.127 -0.032  0.064  0.283  0.078  0.000 -0.131 -0.099 -0.050 -0.023 -0.191 -0.291  0.008  0.000
Y       -0.128  0.263  0.073 -0.161 -0.143 -0.107 -0.125 -0.075 -0.163 -0.150 -0.143  0.034  0.000  0.174 -0.061 -0.003 -0.011 -0.129 -0.257 -0.038  0.000
X       -0.157  0.000 -0.314  0.051  0.000 -0.247  0.554  0.206  0.000  0.303  0.211 -0.071  0.000 -0.188  0.107  0.116 -0.062 -0.195  0.000 -0.179  0.000
