i-1/i     A      C      D      E      F      G      H      I      K      L      M      N      P      Q      R      S      T      V      W      Y      X
A        0.021  0.089  0.062  0.073  0.086 -0.018  0.225  0.023  0.117  0.042 -0.009  0.016  0.000  0.089  0.091  0.032 -0.013  0.102  0.055 -0.062  0.266
C        0.064 -0.068 -0.088 -0.061  0.167  0.210  0.000  0.270  0.386  0.210  0.375  0.190  0.000  0.228  0.256  0.281  0.386  0.363 -0.091  0.367  0.000
D       -0.103 -0.067 -0.036 -0.185 -0.341  0.039 -0.073 -0.225 -0.145 -0.136  0.033 -0.167  0.000 -0.126 -0.091 -0.020 -0.093 -0.366  0.010 -0.265  0.000
E       -0.070 -0.383  0.006 -0.079 -0.097  0.112 -0.038 -0.064 -0.064 -0.013  0.034  0.021  0.000 -0.030 -0.164 -0.054  0.033 -0.222 -0.162 -0.056 -0.185
F        0.196  0.124  0.100  0.271  0.308  0.236  0.284  0.047  0.246  0.154  0.034  0.033  0.000  0.363  0.275  0.148  0.156  0.119  0.312  0.293  0.000
G       -0.100 -0.300  0.039  0.013  0.021  0.126 -0.188  0.011 -0.136  0.138  0.193  0.204  0.000  0.021  0.142 -0.006 -0.031 -0.056 -0.011 -0.139  0.000
H        0.281  0.469  0.147  0.026  0.052  0.044  0.115  0.158 -0.079 -0.031  0.134  0.234  0.000 -0.059 -0.057  0.011 -0.044  0.100 -0.072  0.009 -0.086
I        0.175  0.011  0.123  0.248  0.220  0.140  0.231  0.108  0.214  0.102  0.051  0.060  0.000  0.136  0.151  0.034  0.056  0.095  0.060  0.186 -0.068
K       -0.059  0.013 -0.076 -0.077 -0.099  0.086 -0.064 -0.134 -0.075 -0.037 -0.047  0.120  0.000 -0.051 -0.067  0.076  0.037 -0.182 -0.081 -0.299 -0.253
L        0.178  0.009  0.175  0.226  0.138  0.171  0.082  0.147  0.250  0.147  0.105  0.157  0.000  0.159  0.240  0.188  0.201  0.116  0.135  0.089  0.038
M        0.129 -0.041  0.004  0.244  0.251  0.051  0.137  0.159  0.111  0.110  0.107  0.508  0.000  0.113  0.054  0.272  0.361  0.242  0.507  0.109 -0.310
N        0.030  0.319 -0.069 -0.082 -0.027 -0.143 -0.005  0.002 -0.101 -0.112 -0.029  0.114  0.000 -0.039 -0.108 -0.010 -0.012 -0.103  0.014  0.171  0.223
P        0.120 -0.294  0.245 -0.389 -0.574 -0.218 -0.526 -0.151 -0.353  0.000 -0.393  0.000  0.000 -0.518 -0.516  0.000 -0.371  0.000 -0.569  0.487  0.000
Q       -0.091  0.076 -0.069  0.017  0.005  0.099 -0.116 -0.034 -0.025  0.038 -0.017  0.114  0.000 -0.035 -0.054  0.000  0.043  0.144 -0.152 -0.007  0.000
R        0.064 -0.329 -0.090 -0.038 -0.057  0.066 -0.031  0.053 -0.010 -0.111 -0.074  0.153  0.000  0.102 -0.053 -0.011 -0.042 -0.043 -0.284 -0.027  0.044
S        0.079 -0.113 -0.008 -0.025 -0.031  0.047 -0.123  0.006  0.025 -0.009 -0.150  0.095  0.000  0.094  0.116  0.111 -0.008 -0.085  0.137  0.077  0.001
T        0.214  0.000  0.059  0.093  0.184 -0.067  0.062  0.168  0.122  0.130  0.007  0.118  0.000 -0.051  0.016  0.031  0.155  0.330  0.201  0.146 -0.171
V        0.213  0.028  0.109  0.172  0.227  0.230  0.265  0.152  0.193  0.112  0.177  0.137  0.000  0.174  0.118  0.154  0.052  0.115 -0.016  0.253  0.256
W        0.146  0.000 -0.073  0.441 -0.059  0.246  0.478 -0.249  0.127  0.042  0.199  0.145  0.000 -0.142  0.109  0.000  0.072 -0.001  0.159  0.132  0.000
Y        0.017  0.101 -0.034  0.123 -0.031 -0.037  0.102  0.170  0.298  0.045  0.225  0.377  0.000  0.011  0.210  0.219  0.184  0.057  0.044  0.167  0.000
X        0.278  0.000 -0.295  0.166  0.501  0.000 -0.252  0.326  0.135  0.092  0.130 -0.276  0.000  0.128 -0.045 -0.105  0.000  0.000  0.000 -0.407  0.000
