i-1/i     A      C      D      E      F      G      H      I      K      L      M      N      P      Q      R      S      T      V      W      Y      X
A        0.027  0.140  0.083  0.109  0.153  0.040  0.155 -0.053  0.107  0.059  0.068  0.197  0.000  0.058  0.143  0.050  0.048 -0.003 -0.058 -0.012 -0.035
C       -0.016  0.000  0.082 -0.050 -0.157 -0.041  0.358  0.421  0.032 -0.062  0.054 -0.035  0.000  0.218  0.170  0.023  0.122 -0.239 -0.216  0.000  0.000
D       -0.001 -0.363 -0.110  0.239 -0.023  0.035  0.140  0.073  0.202 -0.006  0.045 -0.185  0.000  0.103  0.159  0.039  0.018  0.053 -0.208  0.034 -0.338
E        0.137 -0.026  0.056  0.116  0.118  0.090  0.052  0.084  0.177  0.036 -0.012 -0.033  0.000  0.074  0.124  0.042  0.079  0.036  0.003  0.064  0.051
F       -0.014 -0.030  0.026 -0.005  0.250  0.071  0.139 -0.016  0.037  0.118  0.032  0.092  0.000  0.073  0.022  0.101 -0.023  0.034 -0.078  0.204 -0.014
G        0.088 -0.140  0.009  0.040  0.100  0.254 -0.136  0.069  0.174  0.049  0.017 -0.088  0.000  0.182  0.131  0.119  0.279  0.093  0.132 -0.037  0.000
H        0.123  0.312 -0.053  0.141 -0.146  0.199  0.168  0.164  0.047  0.039  0.209  0.170  0.000  0.134  0.048  0.116  0.250  0.155  0.042  0.204  0.000
I        0.014  0.009  0.103 -0.069  0.092  0.014 -0.084  0.133 -0.032  0.028  0.013  0.019  0.000  0.001  0.029  0.049  0.095  0.138 -0.141 -0.179 -0.346
K        0.085  0.221 -0.121 -0.065  0.052  0.122 -0.045 -0.034  0.110  0.074  0.015  0.087  0.000  0.048  0.066  0.122 -0.001  0.014 -0.057  0.049  0.113
L        0.006 -0.092  0.017 -0.028 -0.010  0.062 -0.004 -0.081  0.033 -0.022  0.065  0.108  0.000  0.010 -0.038  0.042  0.048 -0.068  0.093  0.045 -0.104
M        0.196  0.102 -0.152  0.027  0.206 -0.029 -0.002  0.051 -0.081  0.032  0.021  0.232  0.000  0.028 -0.069 -0.059  0.069  0.014  0.163 -0.129  0.395
N        0.039 -0.003  0.116 -0.055 -0.025 -0.080  0.321 -0.077  0.116 -0.078  0.127 -0.116  0.000  0.169 -0.019 -0.037  0.032  0.010 -0.089  0.077 -0.068
P        0.028  0.000  0.090 -0.300 -0.396  0.346  0.000 -0.469 -0.217 -0.098  0.103  0.000  0.000 -0.012 -0.124 -0.415 -0.256 -0.053 -0.291 -0.245  0.000
Q        0.081  0.129  0.022  0.085  0.087  0.166  0.101  0.087  0.133  0.094  0.032  0.246  0.000  0.207  0.116  0.056  0.119  0.136  0.332  0.030  0.165
R        0.062 -0.028 -0.064  0.047  0.026  0.153 -0.173  0.066  0.118  0.024  0.176  0.094  0.000  0.016  0.022 -0.012 -0.008 -0.019  0.102 -0.021 -0.445
S        0.087 -0.066 -0.095  0.018 -0.022  0.129 -0.085  0.076 -0.067  0.080  0.076  0.097  0.000  0.156  0.046 -0.011  0.100  0.085 -0.123  0.129  0.369
T        0.023 -0.034  0.074  0.095  0.179  0.117  0.177  0.126  0.026  0.110 -0.010  0.005  0.000  0.158  0.228  0.231  0.091  0.046  0.316  0.126  0.000
V       -0.042 -0.050  0.015  0.026 -0.024  0.110  0.026 -0.012 -0.070  0.017  0.007  0.179  0.000  0.019 -0.021  0.044 -0.021 -0.085 -0.366 -0.024 -0.317
W        0.057  0.514  0.050 -0.138  0.135  0.201 -0.251 -0.106  0.068  0.048  0.126  0.254  0.000 -0.037  0.120  0.239 -0.096  0.213  0.000 -0.004  0.000
Y       -0.071  0.077 -0.091  0.030 -0.108 -0.077  0.479  0.042  0.042  0.173 -0.055  0.197  0.000 -0.141 -0.126 -0.028  0.070  0.066 -0.335 -0.174  0.000
X        0.050  0.000  0.261  0.099  0.000  0.358  0.368  0.119 -0.246 -0.331  0.000 -0.370  0.000  0.000 -0.356  0.000 -0.404  0.378 -0.397  0.014  0.000
