i-1/i     A      C      D      E      F      G      H      I      K      L      M      N      P      Q      R      S      T      V      W      Y      X
A       -0.089 -0.093 -0.085 -0.108 -0.105 -0.037  0.148 -0.130 -0.057 -0.051 -0.060 -0.120  0.000 -0.011 -0.065 -0.072 -0.049 -0.070 -0.088 -0.055 -0.097
C       -0.201  0.093 -0.253 -0.162 -0.084 -0.268  0.120  0.314 -0.206  0.040 -0.007 -0.193  0.000 -0.073 -0.095 -0.228  0.030 -0.183  0.322  0.456  0.000
D       -0.166 -0.082 -0.119 -0.168 -0.037 -0.006 -0.382 -0.102 -0.149 -0.201 -0.124 -0.240  0.000 -0.163 -0.137 -0.142 -0.184 -0.169 -0.015 -0.083 -0.217
E       -0.046 -0.141 -0.116 -0.176  0.079 -0.120 -0.239 -0.087 -0.122 -0.030  0.003 -0.164  0.000 -0.137 -0.192 -0.117  0.013 -0.111  0.015 -0.067 -0.184
F        0.278  0.193  0.133  0.208  0.168  0.124  0.099  0.166  0.230  0.211  0.268  0.135  0.000  0.174  0.210  0.216  0.159  0.257 -0.064  0.425  0.000
G       -0.134 -0.374 -0.086 -0.071 -0.170  0.096 -0.570  0.015 -0.058 -0.019 -0.188  0.067  0.000 -0.234 -0.308 -0.061 -0.169  0.022  0.076 -0.109 -0.072
H        0.120  0.343  0.086 -0.094 -0.260 -0.043 -0.124  0.012 -0.118  0.185  0.175  0.003  0.000  0.031  0.213  0.163  0.098 -0.024 -0.128 -0.072 -0.027
I        0.015 -0.131 -0.010 -0.031  0.034  0.003  0.172  0.021  0.003  0.007  0.048  0.013  0.000  0.086  0.063 -0.023  0.026  0.046  0.183  0.076  0.063
K       -0.112 -0.279 -0.132 -0.147 -0.109 -0.165 -0.171 -0.066 -0.217 -0.138 -0.083 -0.160  0.000 -0.136 -0.208 -0.101 -0.164 -0.159 -0.204 -0.186 -0.054
L       -0.007  0.016  0.034 -0.024  0.043 -0.032  0.130  0.007  0.073  0.022  0.095  0.091  0.000  0.013  0.077 -0.044  0.040  0.001  0.138 -0.020  0.119
M        0.023 -0.207  0.062  0.031  0.010 -0.091  0.134  0.014  0.021 -0.064  0.060 -0.016  0.000  0.016 -0.003 -0.006 -0.003 -0.018  0.000 -0.097  0.546
N       -0.027  0.217  0.005 -0.132 -0.096 -0.106 -0.210  0.122 -0.055  0.016 -0.063  0.109  0.000  0.029 -0.080 -0.149  0.009  0.039  0.063 -0.016 -0.173
P        0.026 -0.544  0.029  0.371 -0.534  0.137 -0.586  0.000 -0.168 -0.310  0.000  0.296  0.000 -0.041 -0.056  0.153 -0.194 -0.582 -0.562  0.000 -0.137
Q       -0.061 -0.080  0.001 -0.106 -0.073  0.070 -0.063  0.013 -0.074  0.013  0.033 -0.010  0.000 -0.076 -0.099 -0.019  0.072 -0.043 -0.046 -0.066 -0.471
R       -0.110 -0.215 -0.025 -0.121 -0.116 -0.096 -0.168 -0.080 -0.084 -0.049 -0.017 -0.136  0.000 -0.001 -0.091 -0.118 -0.152  0.037  0.079 -0.051 -0.124
S       -0.207 -0.152 -0.127 -0.255 -0.113 -0.084 -0.095 -0.132 -0.195 -0.229 -0.290 -0.023  0.000 -0.264 -0.229 -0.187 -0.152 -0.211 -0.134 -0.274  0.260
T       -0.077 -0.174 -0.237 -0.161 -0.061 -0.225 -0.130 -0.128 -0.157 -0.081 -0.000 -0.078  0.000  0.020 -0.066 -0.177 -0.046 -0.009 -0.550 -0.024 -0.199
V        0.002  0.113  0.025 -0.006 -0.020 -0.036 -0.061 -0.011  0.033 -0.081  0.017 -0.025  0.000 -0.071 -0.094 -0.024 -0.049 -0.015  0.013 -0.009 -0.164
W        0.164  0.459 -0.024  0.216  0.323  0.265 -0.140  0.473  0.079  0.283  0.121  0.044  0.000 -0.004  0.232  0.138  0.277  0.309  0.539  0.223  0.000
Y        0.248  0.136  0.158  0.159  0.032 -0.017  0.193  0.210  0.178  0.215  0.121  0.053  0.000  0.077  0.037  0.102 -0.057  0.082  0.107  0.220 -0.464
X        0.358  0.000  0.349  0.243  0.000  0.000  0.000  0.125  0.285  0.249 -0.230  0.000  0.000 -0.187 -0.383 -0.040 -0.178  0.000  0.000  0.000  0.000
