i-1/i     A      C      D      E      F      G      H      I      K      L      M      N      P      Q      R      S      T      V      W      Y      X
A        0.426  0.039  0.451 -0.101  0.358  0.366  0.370  0.558  0.046  0.342  0.697  1.166  7.433 -0.002  0.468  0.485  0.512  0.275  0.075 -0.075 -1.285
C        0.414  0.153  0.655  0.682  1.534 -0.703  1.688  0.512  1.202  0.826  1.216  1.134  0.000 -0.630  2.573 -0.533  1.123  1.137  0.110  0.928  0.000
D       -0.256 -0.637  0.155  0.202 -0.526  0.078 -0.252  0.527  0.727 -0.471 -0.369  0.081  0.000  0.780  0.469  0.027  0.057 -0.138 -0.708  0.247  0.000
E        0.217  0.479  0.009 -0.375 -0.247 -0.544  0.226  0.387  0.634  0.733 -0.040  0.703  0.000  0.754  0.722  0.056  0.964 -0.078 -0.394  1.123  0.000
F        0.824 -0.069 -0.642  0.725  0.349  0.916  1.518  0.510  0.770  1.037  0.842  0.965  0.000  0.960  0.387  1.055  0.793  1.084  1.514  0.795  2.261
G        0.045  0.000 -0.351 -0.057  0.807  0.834 -0.490  0.576 -0.246 -0.041 -1.729  0.423  0.000  0.171  0.300 -0.235 -1.140  0.307  1.199  1.328  0.000
H       -0.292  0.000 -0.416  0.245  1.290 -0.384  0.995  0.485 -0.211  0.487  0.054  0.504  4.431  1.258  0.058  0.320  2.901  0.532 -0.917  1.446  0.000
I        0.346  2.538  0.588  0.732  0.904  1.072  1.073  0.567  0.493  1.006  0.328  0.928  0.000  1.114  0.538  1.451  1.829  0.995 -0.026  1.014 -0.366
K       -0.361  1.810  0.118  0.142  1.195  0.046  0.151  0.377  0.104  0.014 -0.238  0.486  4.770 -0.287  0.527 -0.350  0.515  0.642  0.424  0.867 -1.018
L        0.799  0.967  1.027  0.687  1.101  0.365  1.223  0.648  0.616  1.066  1.365  0.757 -9.698  0.866  0.597  1.163  2.015  0.959  0.769  0.691 -0.216
M        1.209  1.515  0.359  0.898  1.534 -0.281  0.535  0.774  1.099  1.213 -0.400  0.937  0.000 -0.115  0.183  0.714  2.185  1.015  0.534  0.521 -0.172
N       -0.107 -0.514  0.162  0.630 -0.546 -0.065  1.575  0.533  0.006  0.718  0.476  1.393  0.000  0.017  0.412  0.424  0.698  1.418  0.008  1.242  0.000
P        0.000 -2.070  0.000  0.000  0.000  0.000  0.000 -2.948 -0.065 -0.704  0.000  0.000  0.000  0.000 -1.951 -0.524  0.000  0.127  0.000  0.000  0.000
Q       -0.071  1.382  0.321  0.621  0.384 -0.412  0.260  0.119  0.359  0.161  0.429  0.088  0.000  0.560  0.055  0.280  1.059  0.758  0.611  0.552  0.000
R       -0.264  1.043  0.192  0.228 -0.300 -0.209  0.529  0.969 -0.132  0.323  0.226  0.433  0.000 -0.177 -0.134  0.173  0.745 -0.002  0.127  0.798 -1.944
S       -0.199 -0.162 -0.327 -0.270  0.121  0.099  0.573  0.188  0.083  0.081 -0.138  0.085  0.000  0.216  0.214 -0.061 -0.137  0.047 -1.133  0.690  0.000
T        0.166  0.818 -0.242 -0.165  1.178 -0.535 -0.184  0.000  0.365  0.073  0.383 -0.069  0.000 -0.821 -0.660  0.022  0.885  0.906  0.888  0.156  2.013
V        0.288  0.718  1.098  0.786  1.593  1.206  0.799  0.124  0.522  0.628  0.380  0.892 -6.380  0.784  0.354  0.343  1.439  1.132  1.269  1.700  0.963
W        0.629  0.347  1.422  0.762  1.062 -0.890  1.586  1.156  0.094  0.827  0.172  1.738  0.000  0.665  0.312  0.118  2.325  1.342 -0.656  0.938  2.056
Y        0.372 -0.860  0.295  0.615  0.871  0.749  1.050  0.812  0.310  0.755  0.441  1.617  0.000  0.509  1.152  0.511  1.404  0.787 -0.422  0.384  1.260
X        0.240  0.000 -0.477  0.000  2.116  0.000  0.000  0.193  0.296  2.334  0.000 -1.096  0.000  2.113  0.000 -0.832  0.000  0.383 -2.026 -0.372  1.072
