i-1/i     A      C      D      E      F      G      H      I      K      L      M      N      P      Q      R      S      T      V      W      Y      X
A       -0.024  0.618  0.183  0.197  0.164  0.113 -0.004  0.401  0.281 -0.011  0.225  0.966  0.000  0.356  0.274  0.100  0.753  0.535  0.482  0.141  0.681
C        0.264  2.074  0.805 -0.091  0.982  0.566  2.593  0.994 -0.454  0.960  0.776  0.351  0.000  0.275 -1.523  1.260  0.220  0.524  1.034  0.434  0.000
D       -0.102 -1.027  0.060  0.228  0.395 -0.275  0.490  0.350  0.491  0.263  0.663 -0.329  0.000  0.624  0.370  0.196  0.512  0.523  0.034 -0.190 -0.453
E        0.017 -0.345 -0.296  0.173  0.150 -0.130 -0.228  0.215  0.366  0.226 -0.026  0.024 -1.849  0.132  0.262 -0.078 -0.412  0.756  0.489  0.510  0.860
F        0.279 -0.227  0.759  0.745  0.829  0.014 -0.583  0.198  0.346  0.128  1.019  0.694  0.000  0.274 -0.420  0.610  0.604  0.527  0.541  0.344  0.000
G       -0.057 -1.847  0.125  0.379  0.607  0.009  0.364 -0.290  0.316 -0.052  0.214  0.560  0.000  0.211 -0.251  0.164  0.182  0.435 -0.246 -0.330  0.000
H       -0.048 -0.206 -0.381 -0.352  0.749 -1.562  0.466  0.243 -0.816  0.106 -0.361 -0.352  0.000 -0.522 -0.906 -0.782 -0.039 -0.399 -0.193  0.398  0.000
I        0.248 -0.406  0.477  0.198  0.385  0.253  0.327  0.528  0.466  0.487  0.236  0.817  0.000 -0.006  0.195  0.786  1.717  0.866 -0.022  0.822  1.119
K        0.133 -0.176 -0.490 -0.241  0.356 -0.818  0.555  0.239 -0.001  0.130 -0.444  0.333  0.000  0.117 -0.469 -0.381  0.399  0.418 -0.529 -0.055  0.000
L        0.187  1.496  0.491  0.446  1.181  0.488  0.672  0.820  0.095  0.659  1.031  0.673 -9.367  0.230  0.221  0.635  1.708  0.590  1.073  0.582  0.926
M       -0.012 -1.091  0.872  0.313  1.315 -0.485 -0.241  0.033 -0.448  0.753  0.995  0.795  0.000 -0.479 -0.105  0.612  1.191  0.422 -0.318  1.594  1.199
N       -0.141  2.200 -0.022 -0.197  1.264 -0.710  0.330  0.159  0.029  0.272  0.898  0.602  0.000  0.209 -0.475 -0.138 -0.323  0.579  0.411  0.521  0.000
P        1.044  0.000  1.863  0.788 -0.180  0.560  0.000 -0.152  1.799  0.377  0.153  0.000  0.000  1.426  1.728  1.086  2.446  1.925  0.910  0.880  0.000
Q       -0.196  0.331 -0.280 -0.036 -0.246 -0.749 -0.186  0.057 -0.267  0.007  0.019  0.170  5.733 -0.265  0.151 -0.430  0.432 -0.358 -0.837 -0.165 -0.282
R       -0.062 -0.345  0.105 -0.459  0.269 -0.508  1.438  0.052 -0.064 -0.060 -0.173 -0.280  0.000 -0.360 -0.095 -0.872  0.621  0.041 -0.229  0.502 -1.846
S       -0.092 -0.438  0.172 -0.424 -0.581 -0.302  0.370 -0.234  0.215 -0.421 -0.385  0.152  0.000 -0.518  0.320 -0.430 -0.943 -0.111 -0.310 -0.040 -1.350
T       -0.530 -1.435 -1.135 -0.323 -0.902 -0.368 -0.465 -0.294 -0.092 -0.517 -0.687  0.191  0.000  0.044 -0.543 -0.381 -0.337  0.027 -1.747 -0.002  1.627
V        0.224  0.298 -0.035 -0.056  1.144  0.466  0.966  0.575 -0.178  0.395  0.004  0.405  0.000  0.436  0.147 -0.076  0.975  0.317 -0.396  0.507  1.529
W        0.400  2.107  0.257  0.389  1.134 -0.123  0.557  1.012  0.056  1.088 -0.016  1.256  0.000  0.509  0.039  1.058 -0.092  0.169 -0.741  0.571  0.000
Y       -0.145  2.279  0.116 -0.102  0.950  0.477  0.800  0.336 -0.145  0.026  0.814  0.229  0.000  0.916  0.290 -0.260 -0.043  0.055 -0.071  0.432  0.000
X        0.115  0.000 -0.901 -0.789  0.000  0.359  2.480  1.046  0.000  0.310  0.338  1.176  0.000  1.545  0.171  2.119  0.888 -0.663  0.000 -0.544  0.000
