i-1/i     A      C      D      E      F      G      H      I      K      L      M      N      P      Q      R      S      T      V      W      Y      X
A        0.434  0.474  0.365  0.636  1.110  1.031  1.332  0.469  0.968  0.787  0.303  1.167  0.000  0.495  0.575  0.321  1.233  0.790  0.190  0.642  1.030
C       -0.272 -1.661  0.354  0.378 -0.806 -0.055  0.000  0.757  2.073  0.128  1.971  1.291  0.000  1.240  1.344  1.088  2.096  0.793 -0.154  0.927  0.000
D       -0.752  1.364  0.422 -0.338  0.226  0.054 -0.023 -0.221 -0.276  0.159 -0.221  0.819  0.000  0.243 -0.473 -0.153 -0.025 -0.109  0.171 -0.806  0.742
E       -0.160  0.158  0.285  0.110  0.524 -0.100 -0.119  0.525  0.160  0.472  1.014  0.667  0.000  0.407 -0.252 -0.089  1.194  0.288 -0.731  0.988 -0.546
F        0.629 -0.554 -0.941  0.155  0.154  0.517  1.068  0.295  0.653  0.909  0.296  0.003  0.000  0.667  0.906  0.365  1.757  0.367  1.318  0.586  0.000
G        0.593 -0.337  1.001  1.373  2.016  0.274  0.857  1.081  0.946  1.403  1.292  1.199  0.000  0.719  1.232  0.681  0.522  1.107  1.062  1.324  0.000
H        0.353  0.608  0.636 -0.244  1.419 -0.936  2.499  1.538  0.138  0.320  0.527  0.795  0.000  1.137  0.639  0.869 -0.552  0.846  0.633  0.138  0.914
I       -0.382 -0.042  0.267 -0.152  0.318 -0.934  1.117 -0.204 -0.461 -0.367 -1.349 -0.056  0.000 -0.490  0.218 -0.469 -0.284 -0.170  0.692  0.427 -0.079
K       -0.044  0.903  0.107  0.106  0.253 -0.440  0.643 -0.070  0.083  0.587  0.238  0.399  0.000  0.509  0.159  0.042  1.707  0.658  1.282  0.075  2.890
L       -0.099  0.440 -0.032 -0.249  0.113 -0.323  0.916  0.068 -0.155 -0.019 -0.274  0.645  4.382 -0.204  0.167  0.385  0.352  0.033 -0.262  0.243 -0.198
M        0.637  0.472  0.233  0.252  1.129 -0.183  0.505  0.309  0.356  0.494  0.221  0.239  0.000 -0.265  0.627 -0.489  0.511  0.858  1.093  0.884 -1.956
N        0.256  1.853  0.058 -0.044  0.843  0.578  0.451  0.739  0.025  0.523  0.122  0.281  0.000  0.657  0.476  0.113  1.624  0.851 -0.283  0.581  1.807
P        0.233  3.303  0.000 -1.281  0.000  1.511  0.000  0.000  0.000  0.000 -1.522  0.000  0.000  0.000 -1.862 -1.181 -1.769  0.000  1.131  0.000  0.000
Q       -0.167  0.273 -0.095  0.355  0.824  0.445 -0.026  0.760  0.587  0.191  1.503  0.883  0.000  0.443  0.126  0.484  1.701  0.725  0.038  0.966  1.369
R        0.259  0.764  0.412  0.529  1.005  0.392  0.685  0.434  0.409  0.485  1.162  0.477  0.000  0.417  0.280  0.234  1.765  1.187 -0.131  0.333 -0.762
S        1.180  0.537  1.256  1.289  1.358  1.333  1.189  1.647  1.311  1.158  0.957  1.247  0.000  1.434  1.284  1.038  1.911  1.967  2.001  1.707  0.000
T        1.723  0.000  0.836  2.137  2.865  0.875  1.222  1.793  1.519  1.967  1.844  1.589  0.000  1.639  2.081  1.316  1.797  2.917  1.450  2.852  1.353
V       -0.100  1.654 -0.717 -0.817  0.437 -0.624 -0.418  0.501 -0.662  0.011 -0.529 -0.042  5.657 -0.736 -0.469 -0.214 -0.112  0.205 -0.445  0.712  0.725
W        0.766  0.000 -0.324  0.788  0.091 -0.316  0.068 -0.160  0.852  0.840 -0.092  0.470  0.000  1.344 -0.458  0.787  0.771  1.237  0.674 -0.076  0.000
Y        0.593 -0.875  0.357 -0.323  0.276  0.607  1.360  0.717  1.022  0.467  0.764  1.371  0.000  0.746  0.053  0.534  1.081  0.406 -0.260  0.683 -0.787
X        1.033  0.000 -2.249  0.446  0.000  0.000 -1.983  2.696 -1.191  0.612  1.866 -0.495  0.000  1.548 -0.295  0.000  0.000  1.443  0.000  1.667  1.141
