i-1/i     A      C      D      E      F      G      H      I      K      L      M      N      P      Q      R      S      T      V      W      Y      X
A        0.212  0.855  0.106  0.222  1.005  0.410  0.599  0.447  0.363  0.265  0.283  0.726  0.000  0.298  0.246  0.209  1.228  0.257 -0.028  0.553  1.297
C       -0.572  0.000  0.361 -0.041  1.500 -1.972  1.670 -0.093  0.102  0.776 -1.222  0.912  0.000 -0.116 -0.746  0.323  1.014 -0.448 -0.505  0.000  0.000
D       -0.002 -0.688  0.519  0.890  1.146 -0.005  0.760  0.473  0.619  0.355  0.423  0.557  0.000  1.264  0.984  0.189  0.544  0.635  0.293  0.530 -0.665
E        0.499  0.876  1.040  0.765  0.449  0.721  1.112  0.373  0.932  0.465  0.408  1.033  4.359  0.743  1.363  0.530  1.226  0.678  1.231  0.589 -0.567
F       -0.415  0.703 -0.443 -0.164  0.795 -0.429  0.202 -0.335  0.031 -0.476 -0.140  0.339  0.000  0.158 -0.264 -0.447  0.018  0.372 -1.129  0.508 -0.289
G        0.485  0.022  0.436  0.296  1.223  0.683  0.453  0.802  0.440  0.419  0.548  0.467  0.000  0.726 -0.260  0.918  1.732  0.810  1.930  0.540  0.000
H        0.101  0.950  0.750  0.745  0.910  0.798  1.559  0.074  0.565  0.124  0.507  0.678  0.000  0.443  0.072  1.056  0.336  1.294  1.508 -0.355  0.000
I       -0.466 -1.523 -0.447 -0.419 -0.252 -0.637  0.563 -0.590 -0.202 -0.444  0.288  0.230 -11.363 -0.235 -0.196 -0.657  0.209  0.773 -0.797  0.432  0.400
K        0.536  1.311  0.738  0.778  1.301  0.593  0.703  0.532  0.633  0.652  0.079  0.793 -2.348  0.437  0.100  0.715  1.217  0.478  0.555  0.812  2.670
L       -0.228  0.160 -0.151 -0.301 -0.444 -0.440  0.153  0.046 -0.013 -0.062  0.157  0.493  1.363 -0.040 -0.217 -0.053  0.416 -0.226 -0.538  0.400 -1.277
M       -0.645 -0.187  0.140  0.225 -0.051 -0.221 -0.691  0.021 -0.027  0.272 -0.736  0.582  0.000  0.273 -0.363  0.157  0.026  0.070  0.860 -0.227 -3.126
N        0.281  1.648  0.129  0.568  0.165 -0.973  2.386 -0.194  0.553  0.522  0.580  0.005  0.000  0.957 -0.064  1.110  1.879 -0.195 -0.919  0.837  2.101
P       -1.439  0.000 -0.447 -1.522  1.457  2.569  0.000 -2.490 -0.473 -1.229  0.000  0.849  0.000 -1.335  0.089  0.508 -3.680 -0.809  0.000 -2.900  0.000
Q        0.349  1.037  0.785  0.831  0.600  0.201  1.334  0.967  0.717  0.654  0.868  0.835  0.000  1.064  0.732  0.688  1.441  0.780  0.093  0.627 -0.730
R        0.266  0.145  0.326  0.406  0.610  0.144  1.297  0.568  0.240  0.155  0.669  1.214  0.000 -0.053  0.456  0.212  1.378  0.643 -0.490  0.719  1.712
S        0.698  1.331  1.385  0.894  0.577  0.971  0.326  0.935  0.055  0.648  0.309  0.777  0.000  0.984  0.483  0.803  1.092  0.897  0.255  0.559 -0.075
T        0.436  0.888  1.079  0.553  1.185  0.319 -0.143  0.417  0.619  0.972  0.694  0.490  0.000 -0.093  0.970  1.224  0.636  0.708  0.936  0.826  0.716
V       -0.411 -2.340 -0.267 -0.381  0.011  0.047 -0.009 -0.161 -0.563 -0.023 -0.051  0.132  0.000  0.082 -0.315 -0.008  0.309  0.211 -0.139  0.054 -0.480
W       -0.706  1.276 -0.256  0.417 -2.642  0.627 -0.604  0.889  0.539 -0.672  0.000  0.059  0.000  0.170  0.254  0.964  1.113  1.232  0.000  0.402  0.000
Y       -0.441 -1.763 -0.651  0.003 -0.036 -1.678 -0.038 -0.004 -0.342 -0.290 -0.774 -0.043  0.000 -0.471 -0.265 -0.535  2.186  0.283 -0.564  0.240  0.000
X       -0.822  0.000 -0.356  2.073  0.000 -3.136 -1.108 -1.201 -0.266 -0.379  0.000  0.000  0.000  0.000 -0.461  0.000  2.701  0.558 -0.645 -0.958  0.000
