i-1/i     A      C      D      E      F      G      H      I      K      L      M      N      P      Q      R      S      T      V      W      Y      X
A       -1.401 -1.970 -1.730 -1.565 -1.584 -1.482 -1.226 -1.640 -1.729 -1.448 -1.402 -1.708  0.000 -1.315 -1.436 -1.740 -1.212 -1.490 -2.091 -0.786 -3.148
C       -0.322 -0.193 -0.197  0.509 -0.483 -0.120  1.049  0.216  0.630 -0.248 -0.553  1.174  0.000 -0.146  0.614 -0.316 -0.915  0.780  0.556  1.112  0.000
D        0.408  0.701  0.448  0.587  1.314  0.764  0.034  0.687 -0.054  0.359  0.346 -0.451  0.000  0.296  0.230  0.005 -0.834  0.775 -0.215 -0.156  1.736
E       -0.025 -0.054 -0.160 -0.117  0.448 -0.299 -0.790  0.249 -0.500  0.168  0.291 -0.411  0.000 -0.313 -0.697 -0.704  0.194  0.062 -0.018  0.251  0.504
F       -0.222 -0.796 -0.387 -0.587 -0.647 -1.131 -1.114  0.052 -0.553 -1.082 -0.678  0.032  0.000 -0.343 -1.068 -0.271 -0.611 -0.665 -2.135 -1.116  0.000
G        2.333  2.566  1.951  1.978  2.973  1.647  1.200  2.326  2.237  2.177  2.200  0.000  0.000  1.798  1.521  1.628  1.960  2.546  1.607  2.773  3.187
H       -0.258  0.571 -0.723 -0.871 -2.154 -0.823 -0.775 -0.177 -0.573  0.190 -0.992 -0.178  0.000  0.045 -0.597  0.056 -1.239 -0.622  0.279 -1.178  2.190
I        0.237  0.196  0.692  0.174 -0.646  0.475  1.318 -0.023  0.305 -0.513 -0.428  0.603  0.000  0.384  0.251  0.223  0.414  0.475  1.207  0.210  0.208
K       -0.479 -0.234 -0.673 -0.542 -1.069 -0.674 -1.683 -0.361 -0.643 -0.386 -0.489 -0.592  0.000 -0.738 -0.498 -0.490 -0.321 -0.204 -0.673 -1.673  0.671
L       -0.729 -0.976 -0.792 -0.414 -1.190 -1.349 -0.141 -0.645 -0.496 -0.952 -0.257 -0.424  0.000 -0.627 -0.533 -0.723 -0.825 -0.771 -1.020 -0.998  0.000
M       -0.367 -1.301  0.680 -0.018 -1.817  0.182 -0.038 -0.307  0.066 -0.243 -0.527 -0.708  0.000  0.208  0.050  0.203 -1.758 -0.063  0.029 -1.667  1.390
N        0.872  0.955  0.644  0.356  1.778  0.707 -0.743  0.597  0.989  1.336  1.265  0.779  0.000  0.834  0.266  0.550  1.483  1.378  1.433  1.014  2.685
P       -1.988  0.000  0.000 -1.996 -2.856 -2.092  0.000 -2.045  0.000 -1.823 -1.751 -1.833  0.000 -2.178 -2.198 -2.125 -0.876 -1.579 -0.842 -1.748 -2.887
Q       -0.089 -1.673 -0.155 -0.030  0.074 -0.086 -0.199  0.279 -0.219  0.315  0.274  0.047  0.000  0.057 -0.507 -0.022  0.548  0.101  0.104 -0.030 -1.269
R       -0.535 -1.031 -0.680 -1.114 -0.931 -0.738 -0.171 -0.383 -0.946 -0.356  0.215 -0.870  0.000 -0.772 -0.531 -0.477 -0.103  0.016 -0.306 -0.256 -2.748
S        1.894  2.909  2.187  2.046  2.819  2.900  2.805  2.181  1.855  1.987  2.416  2.459  0.000  1.977  1.965  2.047  1.134  2.496  1.491  2.544  0.000
T        1.618  1.803  1.487  1.806  1.450  1.420  1.876  1.771  2.048  1.859  0.000  2.387  0.000  2.452  1.891  1.961  0.812  1.930  1.439  2.383  1.183
V       -0.016  0.656  0.335  0.124 -0.443 -0.548 -0.679  0.140  0.111 -0.555 -0.280  0.125  0.000 -0.021 -0.125 -0.037 -0.214  0.452 -0.409  0.168  0.008
W       -1.159  1.094 -1.264 -0.735 -0.289 -2.521 -1.094 -0.288 -0.662 -1.298 -0.170 -0.859  0.000 -0.183 -0.609 -0.594  0.514  0.135 -0.041 -1.660  0.000
Y       -0.801 -0.183 -0.510 -0.610 -1.528 -0.353 -0.244 -0.278 -0.289 -0.787 -1.055 -0.807  0.000 -0.574 -0.662 -0.855 -1.676 -0.131 -1.013 -0.719  1.030
X        2.019  0.000  1.865  2.103  0.000  0.000  0.000  2.928  1.279  1.176  0.711 -2.321  0.000  1.072  1.097  1.269  0.029  0.000  0.000  0.000  0.000
