i-1/i     A      C      D      E      F      G      H      I      K      L      M      N      P      Q      R      S      T      V      W      Y      X
A       -0.974  0.000 -0.046  0.122  0.000  0.066 -0.104  0.279 -1.151  0.550  0.000 -0.793 -0.266 -0.672 -0.122 -0.519  1.008 -0.205  0.000 -1.707  0.000
C        0.000  0.000  0.000  0.000  0.000  0.000  0.000 -1.256  0.000  0.873  0.000  0.000 -0.249  0.000  0.000  0.000 -0.638  1.478  0.000  0.000  0.000
D       -0.540 -3.057  0.024 -0.786  1.160  0.000  0.000  1.312  1.690  0.369  0.362  0.366 -0.025  1.453  0.539  0.030 -0.463 -0.435  0.000  0.148 -1.385
E        0.502  0.000  0.079  0.452 -0.831  0.407  0.000 -0.300 -0.122  0.386  0.000  0.000  0.134 -0.234 -0.013 -0.433 -0.322  0.055 -2.018  0.000  0.000
F        0.000  0.000  0.020 -0.484  0.000  0.000  0.000  1.867  0.511 -1.325  0.000 -0.120 -0.689 -0.233 -1.463  1.449  0.360  0.000  0.000  0.000  0.000
G        0.423  0.000 -0.261  0.740  0.000  0.000  0.000  0.000  0.000 -0.475  0.188  0.000  0.075  0.903  0.000  0.000  1.394  0.226  0.000  0.000  0.000
H        0.000  0.000  0.000  0.392  0.000  0.000  0.000  0.000  0.000 -0.165  0.000  0.000 -0.178  0.000 -0.169  0.000  0.000  0.531  0.000  0.000  0.000
I        0.000  0.000 -0.014 -0.117  0.000  0.199  0.000  0.544  0.553  0.471  1.641 -0.002  0.159  0.255 -0.160 -0.061 -0.292  0.059  0.000  0.000  0.000
K        0.254  0.000  0.999 -0.290  1.416 -1.358  0.000  0.324  0.245  0.356  0.000  0.581 -0.114  0.174  0.653 -0.604  0.425 -0.108  0.000 -1.848 -0.841
L       -0.048  0.649  0.130 -0.282  0.000 -0.064  0.000  0.183  0.159  0.217  0.302 -0.077  0.118 -0.110 -0.670 -0.117  0.234  0.963  0.000 -0.563  0.000
M       -0.552  0.000  0.000  0.611  0.000 -1.126  0.000  0.000  0.841  0.000  0.000  0.366 -0.305  0.000  0.000 -0.347  0.293  0.000  0.000  0.000  0.000
N        0.389  0.000  0.000 -0.270  0.000  0.000  0.000 -0.519  0.416  0.846  0.000  0.000 -0.270 -0.058 -1.130  0.351  0.000 -0.266 -0.834  0.423  0.000
P       -2.120 -1.133 -2.270 -1.961 -1.428 -0.063 -0.642 -1.211 -1.741 -1.447 -1.433 -2.200 -1.271 -1.391 -1.543 -1.363 -0.891 -2.124  0.000 -2.314  0.988
Q       -0.470  0.000 -0.228  0.000  0.000 -0.388  0.000  0.000  0.460  0.302 -0.497  0.000  0.056  0.000 -0.699 -0.783  0.000 -0.640 -1.508  0.000 -1.209
R        0.294  1.001 -1.354 -0.227  0.000  0.320  1.073  0.686 -0.773  0.133  0.000 -0.866 -0.139  0.452 -0.657 -0.354 -2.792 -0.548  0.000 -1.796  0.000
S       -0.838  0.000 -0.425 -0.092  0.262  0.108  0.685  0.889 -0.166  0.115  0.158  0.000 -0.292 -0.594 -0.626  0.256  0.017 -0.029 -0.314 -1.920  0.715
T       -0.734  0.000 -0.678 -0.869  0.519 -0.207  0.000  0.966 -0.189  0.002  1.529  0.069 -0.541 -0.082 -1.201 -0.256  0.531 -0.646  0.000 -0.332  0.000
V        0.098  0.000 -0.922 -0.100  1.489  0.206  0.000  0.812  0.164 -0.313  0.223  0.162 -0.140  0.212 -0.124 -1.221  0.342  0.002  0.000  0.529  0.000
W       -0.328  0.000  0.000 -0.249  0.000  0.000  0.000  0.000  1.546  0.000  0.000  0.000 -0.020  0.000  0.000 -0.047  0.000  0.000  0.000  0.000  0.000
Y        0.000  0.000  0.963 -0.381 -2.220  0.000  0.000  0.000 -1.248  1.332  0.000  0.801  0.000  0.000 -0.915  0.000  0.000  0.000  0.000  0.000  0.000
X        0.000  0.000  0.000  0.000  0.000  0.000  0.000 -0.445  0.000  0.000  0.188  0.000  0.000  0.000 -1.283  0.000  0.233  0.000  0.000  0.000  0.000
