i-1/i     A      C      D      E      F      G      H      I      K      L      M      N      P      Q      R      S      T      V      W      Y      X
A       -0.080  0.000  0.312  0.000 -1.983  0.000  0.000 -0.618  0.010 -0.407  2.860  0.000  0.198  1.064  0.381 -0.161  0.910  1.439  0.000  0.000  0.000
C        0.000  0.000  0.000  0.000  0.000  0.000  0.000  0.000  0.000  0.000  0.000  0.000  0.000  0.000  0.000  0.000  0.000  0.599  0.000  0.000  0.000
D       -0.565  0.000  0.000  0.255  0.658  0.000  0.000 -0.808  0.592 -0.530  0.000  0.000  0.738 -0.334  0.074  1.212 -0.737 -0.759  0.000  0.000  0.000
E       -0.605  0.000  0.719  0.000  2.633  0.000  0.000 -0.892  0.141  0.385 -1.347  0.000 -0.381 -0.190  1.042  0.000  0.254 -0.712  0.408  0.340  0.000
F        0.000  0.000  0.000  0.329  0.000  0.000  0.000  0.000  0.197  0.000  0.000  0.000  0.000  0.000  0.000  1.511  0.153 -0.269  0.000  0.000  0.000
G       -0.659  0.000  0.000 -0.473  0.000  0.000  0.000  0.000 -0.999 -2.138  0.000  0.000  0.000  0.000  1.136  0.000  0.443 -0.993  0.000  0.000  0.000
H        0.000  0.000  0.000  0.000  0.000  0.000  0.000  0.000 -0.414 -0.724  0.000  0.000  0.000  0.000  0.000  0.000 -0.344  0.000  0.000  0.000  0.000
I        0.000  0.000  0.000  0.000  0.000  0.000  0.000  1.046  0.543  0.666  0.000  0.000  0.162  0.128  0.345 -0.074  0.102  0.008  0.000  0.000  0.000
K       -0.575  0.000  0.000  0.561 -0.661  0.000  0.000  0.262 -0.130 -0.254  0.000  0.000  0.210  0.000  0.383 -1.040  0.231  0.247  0.000  0.000  1.408
L       -0.264  0.000  1.023  0.272  0.000  0.000  0.406  1.283 -0.275  0.400  0.680 -0.974  0.168 -0.662 -0.414  0.000  0.000  1.118  0.000 -1.175  0.000
M        0.000  0.000  0.000  0.000  0.000  0.000  0.000  0.000  0.000  0.000  0.000  0.000  0.000 -0.078  0.000 -0.351  0.000  0.072  0.000  0.458  0.000
N        0.000  0.000  0.000 -0.771  0.000  0.000  1.020 -0.643 -0.105 -0.763  0.000  0.000  0.252  0.000 -0.136  0.000  0.000  0.017 -1.210  0.000  0.000
P        0.066 -2.914  0.633  0.148  0.030  0.000 -0.442 -0.052 -0.116 -0.068 -0.270  0.537 -0.097  0.178  0.229 -0.100  0.065  0.506  0.490  0.244 -0.507
Q        0.960  0.000  0.000  0.561  0.000  0.000  0.000  0.000  0.000 -0.252 -1.168  0.583 -0.782  0.000  0.000  0.000 -0.120 -0.077  0.000  0.000  0.000
R       -0.581  0.000  0.000 -0.206  1.012  0.000  0.000  0.030  0.135  0.316  2.584  0.000 -0.280  0.000  0.684  0.000 -0.032  0.529  0.000  0.000  0.000
S        0.209  0.000 -1.200 -0.111 -1.167  0.000  0.000  0.273 -0.309  0.366 -1.079 -0.173  0.017  0.000  1.509  0.567 -0.551  0.775  0.000  0.000  0.000
T        0.814  0.000  0.000 -0.278  0.000  0.000  0.000  0.000  1.035 -0.532  0.000  0.046  0.359 -0.193  0.386  0.732 -0.163  0.031  0.000  0.000  0.000
V       -0.646  0.000 -0.947  0.049 -0.269  0.000 -1.671  0.583  0.376  0.764  0.000 -1.285 -0.656  0.000 -0.803 -0.432 -0.324 -0.538  0.000  0.000  0.000
W        0.000  0.000  0.000  0.000  0.000  0.000  0.000  0.000 -0.880  0.000  0.000  1.780  0.000  0.000  0.000  0.293 -0.518  0.000  0.000  0.000  0.000
Y        0.000  0.000  0.000  0.000  0.000  0.000  0.000 -0.973  0.497  2.064  0.000  0.000  0.805  0.000  0.000  0.000  0.000 -1.673  0.000  0.000  0.000
X        0.000  0.000  0.000  0.000  0.000  0.000  0.000  0.000  0.224  0.000  0.000  0.000  0.000  0.000 -0.223  0.000  0.551  0.000  0.000  0.000  0.000
