i-1/i     A      C      D      E      F      G      H      I      K      L      M      N      P      Q      R      S      T      V      W      Y      X
A       -0.449  0.000 -0.544  0.000  0.000  0.153  0.000  0.712 -0.592  0.463  0.000  0.000  0.409  0.895 -0.828  0.398 -0.088  0.190  0.000  0.000  0.000
C        0.000  0.000  0.000  0.000  0.000  0.000  0.000  0.000 -0.410  0.000  0.000  0.000  0.000  0.000  0.000  0.000  0.000  1.135  0.000  0.000  0.000
D       -0.580  0.000  0.000 -1.339  0.483 -1.781  0.000  0.000 -0.136 -1.785  0.000  0.000  0.605 -0.325 -1.361 -0.792 -0.658  0.169  0.000  0.000  0.000
E       -0.498  0.000  1.439  0.000  0.000  0.000  0.000  0.267 -0.062  0.658  0.242  0.000  0.143  0.000 -0.071  0.000  0.000 -0.638  0.256  0.339  0.000
F        0.000  0.000  0.000 -0.238  0.000  0.000  0.000  0.000 -0.228 -1.049  0.000  0.000  0.000  0.000  0.000  0.000 -0.764  0.000  0.000  0.000  0.000
G       -1.597  0.000  0.000 -0.192  0.000 -0.754  0.000  0.000  0.000  0.000  0.000  0.000  0.000  0.000  0.000  0.000 -0.836 -0.469  0.000  0.000  0.000
H        0.000  0.000  0.000  0.000  0.000  0.000  0.000  0.000 -0.286 -0.171  0.000  0.000  0.000  0.000  0.000  0.000  0.000  0.000  0.000  0.000  0.000
I        0.000  0.000  0.000  0.000  0.000 -0.048  0.000  0.000  0.079  0.598  0.000  0.000  0.067  0.311  0.000 -0.592 -0.934  0.000  0.000  0.000  0.000
K       -1.035 -0.032  0.000 -0.365  1.089  0.000  0.000  0.550  0.174 -0.302  0.000  0.000 -0.459  0.000  0.000  0.000 -0.255 -0.242  0.000  0.000  0.000
L       -0.635  0.000  0.000 -0.836  0.000  0.000 -1.230 -0.262 -0.461 -0.383 -0.145 -0.283 -0.807  0.000 -0.568  0.000  0.000 -0.624  0.000  0.000  0.000
M        0.000  0.000  0.000  0.000  0.000  0.000  0.000  0.000  0.000  0.000  0.000  0.000  0.000  0.290  0.000  0.000  0.000  0.268  0.000 -0.382  0.000
N        0.000  0.000  0.000  0.000  0.000  1.433  1.678  1.161  0.000  0.291  0.000  0.000 -0.055  0.000  0.439  0.000  0.000  0.119 -0.313  0.000  0.000
P       -0.420 -0.806 -1.601 -0.196 -0.379 -0.761 -1.146 -0.433 -0.252 -0.237  1.044 -0.961 -0.381 -0.393  0.517 -0.210  0.318 -0.212 -1.127 -0.537  0.173
Q        0.421  0.000  0.000  0.916  0.000  0.000  0.000  0.000  0.000 -0.433  0.000 -0.734 -0.028  0.000  0.000  0.000 -0.258 -0.422  0.000  0.000  0.000
R        0.189  0.000  0.000  0.264  0.270 -1.794  0.000  0.511  0.230 -0.006  0.000  0.000 -0.086  0.000 -0.543  0.000  0.477 -0.121  0.000  0.000  0.000
S        0.496  0.000  0.906  0.571  0.000 -1.946  0.000  0.425 -0.574 -1.445  0.578  0.714  0.097  0.000 -1.776 -0.986 -0.372 -0.433  0.000  0.000  0.000
T       -0.542  0.000  0.000 -0.097  0.000  0.000  0.000 -0.752 -1.368  0.144  0.000  0.386 -1.445  0.000  0.000 -0.420  1.620 -1.414  0.000  0.000  0.000
V       -1.085  0.000  0.000 -0.820  1.168 -1.096  0.000  0.106 -0.575 -0.690  0.000  0.000 -1.636  0.000  0.000  0.928 -0.525 -0.550  0.000  0.000  0.000
W        0.000  0.000  0.000  0.000  0.000  0.000  0.000  0.000 -0.210  0.000  0.000  0.000  0.000  0.000  0.000 -1.182  0.000  0.000  0.000  0.000  0.000
Y        0.000  0.000  0.000  0.000  0.000  0.000  0.000 -0.022  0.000  0.000  0.000  0.000 -1.469  0.000  0.000  0.000  0.000  0.854  0.000  0.000  0.000
X        0.000  0.000  0.000  0.000  0.000  0.000  0.000  0.000  0.010  0.000  0.000  0.000  0.000  0.000  0.000  0.000 -0.078  0.000  0.000  0.000  0.000
