i-1/i     A      C      D      E      F      G      H      I      K      L      M      N      P      Q      R      S      T      V      W      Y      X
A       -0.088  0.000 -0.145  0.000  0.000 -0.039  0.000  0.000  0.047  0.052  0.000  0.000  0.000  0.124  0.372 -0.157 -0.257  0.052  0.000  0.000  0.000
C        0.000  0.000  0.000  0.000  0.000  0.000  0.000  0.000  0.086  0.000  0.000  0.000  0.000  0.000  0.000  0.000  0.000  0.000  0.000  0.000  0.000
D        0.068  0.000  0.000 -0.294  0.000  0.000  0.000  0.000  0.000  0.282  0.000  0.000  0.000  0.000  0.000  0.383  0.000  0.666  0.000  0.000  0.000
E        0.000  0.000  0.389  0.000  0.275  0.000  0.000  0.313  0.017  0.307  0.000 -0.054  0.000  0.319  0.143  0.281 -0.048  0.000  0.000  0.000  0.000
F        0.627  0.000  0.063  0.213  0.000  0.000  0.000  0.000  0.039  0.000  0.000  0.000  0.000  0.000  0.047  0.063  0.000  0.622  0.000  0.000  0.000
G        0.152  0.000  0.120  0.179 -0.192 -0.238  0.000  0.107  0.000  0.304  0.000  0.184  0.000  0.209  0.000 -0.051  0.000  0.026  0.000 -0.768 -0.330
H        0.000  0.000  0.000  0.000  0.000  0.000  0.000  0.000  0.000 -0.022  0.000  1.018  0.000  0.000  0.000  0.000 -0.232  0.136  0.000  0.000  0.000
I       -0.324  0.000  0.301  0.395  0.000  0.000  0.000  0.489  0.098  0.256  0.000 -0.210  0.000  0.008  0.336 -0.221  0.000 -0.119  0.000 -0.235  0.154
K        0.147 -0.257  0.202  0.297  0.133  0.924  0.420  0.229 -0.127  0.191  0.000  0.000  0.000  0.000  0.117  0.233 -0.157 -0.148  0.773  0.252  0.086
L        0.306  0.000  0.081 -0.030  0.350 -0.232 -0.110 -0.249  0.238  0.034  0.000  0.125  0.000 -0.002 -0.073 -0.135 -0.217  0.104  0.000  0.039  0.000
M        0.506  0.000  0.000  0.001  0.000  0.000  0.000  0.000  0.000 -0.003  0.000  0.000  0.000 -0.015  0.047  0.019  0.000  0.067  0.000  0.000  0.000
N        0.000  0.000  0.000  0.000  0.000  0.000  0.000  0.000  0.000 -0.199  0.000  0.033  0.000  0.077  0.000  0.108  0.000  0.152  0.000  0.000  0.000
P        0.116  0.000 -0.113  0.048  1.242  0.066  0.000  0.082 -0.000  0.011  0.000 -0.083  0.000  0.280  0.142  0.098 -0.026  0.004  0.000 -0.060  0.397
Q        0.346  0.000 -0.103 -0.110  0.000  0.000  0.000 -0.063  0.000  0.039  0.247  0.000  0.000  0.000  0.000  0.000  0.000  0.000 -0.765  0.000  0.000
R       -0.011  0.000  0.011  0.122  0.000  0.790  0.000  0.434  0.000  0.052  0.000  0.564  0.000  0.000 -0.112  0.340  0.319  0.188  0.000  0.000 -0.332
S       -0.437  0.000  0.126  0.000  0.000  0.000  0.000  0.155 -0.219  0.036  0.064  0.000  0.000  0.000  0.000 -0.058  0.125  0.241 -0.072  0.000  0.000
T       -0.001  0.000  0.083  0.000  0.645  0.109  0.281  0.190  0.070  0.000  0.000  0.000  0.000  0.141 -0.084  0.285  0.398  0.325  0.096  0.000  0.718
V        0.096 -0.103 -0.166  0.092  0.921 -0.256  0.000 -0.308  0.078  0.169  0.053  0.074  0.000  0.488 -0.059 -0.155 -0.145  0.024  0.000  1.236  0.000
W        0.000  0.000  0.000  0.133  0.000  0.000  0.000  0.000  0.000  0.000  0.000  0.000  0.000  0.000  0.000  0.000  0.000  0.000  0.000  0.000  0.000
Y        0.073  0.000  0.000 -0.126  0.000  0.000  0.000  0.000  0.000  0.007  0.183  0.000  0.000  0.000  0.408  0.726  0.000  0.000  0.000  0.000  0.000
X        0.000  0.000  0.000  0.000  0.000  0.000  0.579  0.000 -0.081  0.000  0.000  0.000  0.000  0.000 -0.003 -0.001  0.135  0.000  0.000  0.000  0.000
