i-1/i     A      C      D      E      F      G      H      I      K      L      M      N      P      Q      R      S      T      V      W      Y      X
A       -1.207  0.000 -0.110 -1.102  7.720  1.239  0.000  0.114 -0.792 -1.855 -0.927  0.000  0.000 -2.851 -1.411  0.118 -2.712 -3.504  0.000  0.000  0.000
C        0.000  0.000  0.000  0.000  0.000  0.000  0.000  0.000  1.284  0.000  0.000  0.000  0.000  0.000  0.000  0.000  0.000 -1.084  0.000  0.000  0.000
D        1.074  0.000  0.000  4.349 -0.907  1.030  0.000  3.022  0.758  1.466  0.000  0.000  0.000 -0.914 -0.753 -2.385 -0.732  1.405  0.000  0.000  0.000
E       -2.387  0.000 -0.195  0.000  0.000  0.000  0.000 -0.587  0.591  0.662  2.073  0.000  0.000 -0.088 -0.255  0.000  0.089  1.728 -0.096 -5.914  0.000
F        0.000  0.000  0.000 -1.955  0.000  0.000  0.000  0.000  0.041  0.031  0.000  0.000  0.000  0.000  0.000  4.886 -4.207  1.253  0.000  0.000  0.000
G        0.631  0.000  0.000 -2.520  0.000  1.941  0.000  0.000 -0.511 -0.834  0.000  0.000  0.000  0.000  2.075  0.000  0.305 -2.359  0.000  0.000  0.000
H        0.000  0.000  0.000  0.000  0.000  0.000  0.000  0.000  0.016 -2.294  0.000  0.000  0.000  0.000  0.000  0.000  2.354  0.000  0.000  0.000 -0.860
I        0.000  0.000  0.000  1.715  1.181 -3.812  0.000  0.521 -0.103 -1.289  0.000  0.000  0.000 -0.393 -0.160 -2.027 -1.365 -0.008  0.000  0.000  0.000
K       -1.928  2.411  0.000 -2.785 -2.582  0.000  0.000 -0.841 -0.007  0.787  0.000  0.000  0.000  0.000 -3.529  0.446  1.518  3.437  0.000  0.000  1.994
L       -0.465  0.000  0.533 -2.205  0.000 -1.394 -0.592 -4.338  0.061  0.043 -0.608 -0.422  0.000 -3.215  1.496  0.000  0.000 -0.898  0.000 -1.186  0.000
M        0.000  0.000  0.000  0.000  0.000  0.000  0.000  0.000  0.000  0.000  0.000  0.000  0.000 -0.889  0.000 -0.689  2.338  0.702  0.000 -0.036  0.000
N        0.000  0.000  0.000 -3.987  0.000 -1.960 -5.617  1.085  0.279  2.100  0.000  0.000  1.929  0.000  1.061  0.000  0.000  2.151  6.546  0.000  0.000
P        1.020 -1.133 -0.341  0.092 -1.022 -1.111  0.518 -0.628 -0.143  0.163  1.695  0.822  5.431  0.260 -0.677 -0.461  3.205 -0.202 -1.103 -3.581 -3.705
Q        0.642  0.000  0.000  1.442  0.000  0.000  0.000  0.000  0.000 -1.455  0.072 -1.506  0.000  0.000  0.000  0.000  1.569  2.180  0.000  0.000  0.000
R        2.838  0.000  0.000  1.700 -1.378 -2.472  0.000  1.946 -1.516 -1.221 -1.848  0.000  0.000  0.000  0.917  0.000 -3.299  0.652  0.000  0.000  0.000
S        1.845  0.000 -1.799 -2.663 -0.229  3.094  0.000 -0.739  2.383 -0.356 -0.117 -2.614  0.000  0.000  1.308 -2.776  0.968  2.635  0.000 -2.966  0.000
T        1.606  0.000  0.000 -1.127  0.000  0.000 -3.113  1.982 -2.562  0.449  0.000 -4.767  0.000  2.852 -4.375 -3.220  1.054  0.677  0.000  0.000  1.177
V        1.675  0.000 -1.338 -1.347 -3.412  0.495 -1.336 -2.901 -1.009 -0.112  0.000  1.726  0.000  0.000 -1.648 -0.766  1.449  0.956  0.000  0.000  0.000
W        0.000  0.000  0.000  0.000  0.000  0.000  0.000  0.000  0.870  0.000  0.000  1.761  0.000  5.628  0.000  0.115  0.000  0.000  0.000  0.000  0.000
Y        0.000  0.000  0.000 -0.136  0.000  0.163  0.000 -0.405  2.189 -5.413  0.000  0.000  0.000  0.000  0.000 -3.118  0.000  3.565  0.000  0.000  0.000
X        0.000  0.000  0.000  0.000  0.000  0.000  0.000  0.000  0.132  0.000  0.000  0.000  0.000  0.000  1.146  0.000 -2.182  0.000  0.000  0.000  0.000
