i-1/i     A      C      D      E      F      G      H      I      K      L      M      N      P      Q      R      S      T      V      W      Y      X
A        0.292  0.671  0.209  0.348  0.518  0.098  0.224  0.503  0.477  0.293  0.848  0.394 -0.168  0.602  0.585  0.235  0.568  0.274 -0.130  0.250 -0.767
C       -0.021  0.394  0.432 -0.088 -0.323  0.793  1.281  0.328  0.421  0.655  1.180  0.763  0.942  0.000  0.716  0.329  0.595  0.742 -0.086  0.979  0.000
D        0.310  0.000  0.188  0.556 -0.419  0.055  0.653  0.400  0.318  0.177  0.137  0.421  0.305  0.091  0.132  0.575  0.214  0.421 -0.536  0.467  1.169
E        0.217  0.532  0.203  0.427  0.384 -0.006  0.424  0.626  0.538  0.447  0.109  0.782  0.151  0.408  0.492  0.364  0.679  0.323  1.321  1.154  0.804
F        0.160 -0.470  0.266 -0.118  0.376 -0.081  0.397  0.092  0.309  0.325 -0.237 -0.770 -0.559  0.444 -0.461  0.685  1.025  0.408  0.761 -0.108  1.460
G        0.169  0.000  0.175  0.298  0.144  0.151 -0.208  0.486  0.301  0.325  0.039  0.349  0.000  0.157  0.421  0.078  0.474  0.198 -0.707  0.218  0.000
H        0.140  0.754  0.134  0.271  0.983  0.292  0.441  0.400  0.591  0.262 -0.797  1.017 -0.338  0.386  0.517  0.692  1.551  0.055  0.867  0.478  0.000
I        0.353  1.101  0.159  0.171 -0.331  0.034  0.268  0.027  0.327  0.298  0.286 -0.406 -0.157 -0.036  0.442  0.635  0.900  0.467  0.824  0.023 -0.073
K        0.171  0.325  0.400  0.270  0.697  0.145  0.163  0.025  0.611  0.492  0.137  0.548  0.007  0.270  0.511  0.179  0.447  0.593  0.203  0.758  1.668
L        0.219  0.736 -0.045  0.013  0.105  0.295  0.308  0.303  0.082  0.352  0.373  0.106 -0.002  0.304  0.122  0.415  0.851  0.416 -0.277  0.004  1.820
M        0.151  0.709  0.476 -0.006  0.544  0.832  0.656  0.067  0.375  0.411  0.078  0.369 -0.040  0.367  0.619  0.328  0.924  0.037 -0.853  0.226  1.130
N        0.261 -0.454  0.293  0.290  0.234  0.528  0.611  0.141  0.316  0.505  0.085  0.276  0.188  0.351  0.143  0.333  0.714  0.322  0.963  0.732  0.000
P       -0.044 -0.281 -0.464  0.004  0.000  0.000  0.000  0.000  0.186  1.140  0.000  0.840  0.000  0.000 -0.324 -0.633 -1.869 -0.693  0.000  0.000  0.000
Q        0.272  0.734  0.276  0.342  0.029  0.465  0.586 -0.299  0.431  0.475  0.486  0.551  0.136  0.461  0.450 -0.010  0.454  0.613  0.550  0.415  0.000
R        0.269  0.110  0.392  0.422  0.518  0.568  0.827  0.313  0.659  0.343 -0.013  0.676  0.019  0.489  0.606  0.255  0.612  0.307  0.271  0.308  0.566
S        0.316  0.019  0.251  0.444  0.913  0.122  0.423  0.489  0.536  0.262  0.111  0.539  0.266  0.350  0.507  0.460  0.519  0.152  1.141  0.761  2.027
T        0.181 -1.470 -0.114  0.290  0.868  0.316  0.102 -0.054  0.607  0.356 -0.233  0.635  0.069  0.222  0.094  0.246  0.428  0.168  1.195  0.576  0.367
V        0.399  0.106  0.244  0.173  0.562  0.067  0.903 -0.309  0.088  0.332  0.620 -0.029 -0.159  0.324  0.558  0.335  0.320  0.547  0.370  0.227  0.897
W        0.311 -0.646 -0.378  0.000 -0.984  0.673  1.176  1.103 -0.242  0.230 -0.606  0.440  0.000  0.066  0.210  0.621  0.026  0.627  0.688  0.912  0.000
Y        0.142 -0.756  0.168  0.213  0.474  0.339  0.854 -0.171 -0.027  0.247 -0.048  0.357 -0.083  0.338  0.073  0.428 -0.047  0.097  0.164  0.526  1.849
X       -0.356  0.000  0.668 -0.966  0.032  0.847  0.000  0.716  1.007  0.098  0.000  1.089 -0.031  0.498  0.785  0.000  0.000  0.189  0.809  0.297 -0.890
