i-1/i     A      C      D      E      F      G      H      I      K      L      M      N      P      Q      R      S      T      V      W      Y      X
A       -0.003  0.743 -0.049  0.038 -0.024  0.056  0.067  0.077  0.198  0.120 -0.481  0.224  0.158 -0.035  0.170  0.172  0.649  0.043 -0.216  0.197 -1.319
C        0.092  0.613  0.143  0.211 -0.075  0.015  0.213 -0.008 -0.114  0.476  1.346  0.002 -0.754 -0.037 -0.112  0.311  0.884  0.471  1.180  0.912  0.000
D        0.244 -0.660  0.218  0.316 -0.100  0.154  0.964  0.221  0.518  0.206  0.066  0.710  0.132  0.429  0.381  0.159  0.689  0.445 -0.212  0.528 -0.711
E        0.292  0.986  0.294  0.498  0.401  0.179  0.706  0.089  0.508  0.373  0.287  0.511 -0.051  0.540  0.434  0.238  0.359  0.407  0.206  0.461 -0.012
F        0.017 -0.483  0.096 -0.159  0.325  0.022  0.244 -0.189 -0.144  0.212  0.579  0.232  0.179  0.030 -0.292  0.125  0.249 -0.211  0.675  0.303  1.497
G        0.102 -0.571 -0.126  0.144  0.525  0.153 -0.134  0.040  0.065  0.012 -0.696  0.297  0.318  0.142  0.322  0.018 -0.021  0.146 -1.293 -0.332  0.000
H        0.261 -0.064  0.137  0.238  0.977  0.265 -0.307  0.243 -0.065  0.265  0.705  0.799 -0.312  0.243  0.113  0.469 -0.080  0.306 -0.762  0.404  0.000
I        0.128  0.119  0.216 -0.100  0.176  0.127  0.667  0.479 -0.104  0.302  0.505  0.408 -0.111  0.096 -0.033  0.382  0.795  0.136  0.096 -0.007  1.585
K        0.112  0.801 -0.022  0.083  0.102  0.102  0.504  0.212  0.357  0.207 -0.438  0.138 -0.078  0.214  0.509  0.201  0.216  0.405 -0.226  0.152  1.242
L        0.057  0.416  0.045 -0.076  0.266  0.049  0.118  0.103 -0.172  0.216  0.459  0.356  0.212 -0.030 -0.230  0.160  0.562 -0.101  0.799  0.008  0.761
M        0.027 -0.868  0.101 -0.265  0.039  0.067  0.054  0.165 -0.139  0.324  0.818  0.306 -0.256  0.196  0.100  0.038  0.231  0.243  0.681  0.001  0.257
N        0.038 -0.374 -0.169  0.052  0.669  0.465  0.335 -0.193  0.199  0.127  0.250  0.467 -0.138  0.309  0.236  0.311  0.475  0.217 -0.308  0.408  1.859
P        0.000 -0.840  0.000  0.000  0.000  0.000  0.000  0.000  0.000  0.000  0.802  0.000  0.000  0.000  0.000  0.566  1.975  0.000  1.639 -0.440  0.000
Q        0.198  1.445  0.211  0.415  0.523  0.082  0.182  0.027  0.455  0.153  0.314  0.171 -0.006  0.244  0.331  0.257  0.352  0.308 -0.323  0.288 -0.314
R        0.174  0.118  0.319  0.193  0.296  0.254  0.273  0.228  0.211  0.174  0.030  0.143 -0.711  0.164  0.095  0.004  0.673 -0.092  0.623  0.273  1.753
S        0.099  0.500 -0.022  0.094  0.159 -0.034 -0.228  0.131  0.229  0.096 -0.432  0.161  0.153  0.266  0.352  0.177 -0.220  0.380  0.081  0.514  1.598
T        0.198  0.066 -0.064  0.311 -0.279 -0.125  0.022 -0.372  0.327  0.162 -0.102  0.110 -0.339  0.243  0.288  0.247 -0.571  0.106 -0.267  0.770 -1.128
V        0.187 -0.069  0.115  0.046  0.269  0.119  0.354  0.240 -0.049  0.257  0.420  0.265 -0.041  0.095  0.128  0.163  0.615  0.022  0.154 -0.101  0.712
W        0.242  0.615  0.495  0.010  0.365  0.605  1.187  0.344 -0.025  0.420  0.717  0.530 -0.952  0.312  0.033  0.043 -0.240  0.286 -0.316  0.131  0.000
Y       -0.082  0.485  0.246 -0.039  0.691  0.108  0.578 -0.083  0.077  0.124  0.406  0.323  0.070  0.086  0.112  0.198  0.334  0.047  0.039  0.289  1.294
X        0.017  0.000  0.216 -0.754  0.000  0.497  0.600 -0.193 -1.043  0.082  1.055  0.000  0.117  0.335 -0.630 -0.076  0.846  0.114  0.000  0.293 -0.451
