i-1/i     A      C      D      E      F      G      H      I      K      L      M      N      P      Q      R      S      T      V      W      Y      X
A        0.060  0.878  0.062  0.128  0.203  0.126  1.318  0.061  0.395  0.334  0.143  0.153 -0.248  0.056  0.259  0.239  0.540  0.418  0.503  0.428  0.086
C        0.575  0.161  0.700  0.780  0.523 -0.440 -0.610  1.065  1.068  0.576  1.063  1.189  0.923  0.000  1.243  0.141  1.529  0.819  0.000  1.397  0.000
D       -0.015 -0.488  0.264  0.099 -0.076  0.133 -0.175  0.025 -0.225  0.316  1.045  0.432 -0.105  0.370 -0.176 -0.173 -0.119 -0.532  0.048  0.080  0.575
E       -0.024  0.021 -0.006  0.067 -0.041 -0.059 -0.430  0.273 -0.413  0.230  0.761 -0.248 -0.059  0.233 -0.511 -0.080 -0.010 -0.256  0.232  0.287  0.015
F        0.530  0.153  0.487  0.705  0.494  0.499  1.141  0.540  0.946  0.457 -0.538  0.437  0.096  0.770  0.910  0.605  0.612  0.611  0.263  0.646 -2.217
G       -0.185 -0.271 -0.638 -0.202  0.029 -0.170 -0.292  0.304 -0.012  0.234  0.637  0.054 -0.618 -0.008 -0.038 -0.214 -0.007 -0.131  1.170  0.081  0.000
H        0.468  0.640  0.396  0.173  1.053  0.297  0.073  0.484  0.392  0.582  1.190  0.709  0.447  0.464  0.026  0.636  0.819  0.630 -0.483  0.392  0.117
I        0.514  0.402  0.541  0.842  0.382  0.397  0.882  0.261  0.948  0.286 -0.202  0.699  0.117  0.604  1.160  0.756  0.926  0.642  0.133  0.746  1.096
K        0.166  0.222  0.203 -0.025  0.567  0.324  0.716 -0.117  0.362  0.235  0.095  0.424 -0.102  0.062  0.176  0.174  0.902  0.022  0.879  0.289  1.429
L        0.504  1.229  0.418  0.721  0.522  0.406  0.967  0.196  1.027  0.427  0.219  0.487  0.180  0.613  0.979  0.851  0.878  0.705  0.029  0.557  1.540
M        0.471  0.242  0.559  0.844  0.520  0.552  0.468 -0.063  0.618  0.387 -0.267  0.948  0.309  0.394  0.342  0.519  0.237  0.451 -0.803  0.205 -0.661
N        0.157  0.273  0.235  0.153  0.459 -0.095  0.092  0.575  0.399  0.552  0.504  0.428 -0.267  0.287  0.251  0.358  1.115  0.221  0.781  0.205  0.000
P        0.000 -2.023  0.000  0.000  0.000 -0.258  0.000  0.000  0.000 -1.160 -0.890 -0.366 -0.278 -0.834 -1.265 -0.439 -1.516  0.000 -0.892 -0.764  0.000
Q        0.057 -0.632  0.008  0.372 -0.229  0.060  0.252  0.262 -0.079  0.247  0.361  0.835  0.023  0.352 -0.229  0.134  0.738  0.010 -0.441  0.081  1.541
R        0.211  0.120  0.185 -0.164  0.540  0.292  0.527  0.219  0.469  0.413  0.453  0.500  0.247  0.143  0.407  0.275  0.756  0.173  0.916  0.476 -0.792
S        0.039 -0.515 -0.274  0.189  0.067 -0.058  0.115  0.290  0.163  0.349  0.044 -0.084 -0.340  0.174  0.161  0.166  0.310 -0.064  0.418 -0.261 -1.087
T        0.391  1.362  0.002  0.236  0.594  0.034 -0.174  0.397  0.409  0.435  1.478  0.321 -0.013  0.398  0.335  0.014 -0.029  0.180 -0.027 -0.072  1.219
V        0.380  1.342  0.309  0.561  0.127  0.430  0.717  0.132  0.623  0.281 -0.225  0.724  0.020  0.225  0.636  0.348  0.936  0.566 -0.422  0.834  0.000
W        0.641  0.000 -0.046  0.476  0.875  0.312  1.482 -0.840  0.572  0.564  0.310  0.949  0.430  0.720  0.255  0.588  0.154  0.386  0.336  0.060  0.000
Y        0.543  0.741  0.675  0.531  0.392  0.295  0.306  0.488  0.692  0.316  0.227  0.858 -0.398  0.442  0.758  0.436  0.834  0.485  0.267 -0.238  0.000
X        0.891  0.000  0.665  0.000  0.000  0.000  0.000  0.000 -0.071  0.774 -0.088  0.000  0.000  0.909  0.494  0.000  1.976  1.397  0.000  0.594  0.107
