i-1/i     A      C      D      E      F      G      H      I      K      L      M      N      P      Q      R      S      T      V      W      Y      X
A        0.153  0.699  0.228  0.343  0.431  0.413  0.243  0.012  0.343  0.283  0.234  0.496 -0.132  0.310  0.269  0.147  0.636  0.218  0.322  0.126  0.186
C        0.470  0.000  0.327  0.229  0.397  0.263  0.425 -0.119  0.080  0.056 -0.368  0.692 -0.381  0.165  0.507  0.844  0.833  0.138  0.255  0.000  0.000
D        0.138  0.165  0.023  0.283  0.087 -0.023  0.201  0.324  0.212  0.237  0.460  0.023  0.032  0.183  0.169 -0.031  0.427  0.184  0.649  0.327 -0.420
E        0.275  0.143  0.293  0.230  0.385  0.022  0.697  0.214  0.340  0.272  0.344 -0.127 -0.014  0.344  0.137 -0.148  0.730  0.378  0.298  0.480 -1.034
F        0.223  0.352  0.323  0.287  0.767  0.088  0.158 -0.200  0.565  0.276 -0.106  0.542  0.308  0.451  0.441  0.381  0.493  0.414 -0.271  0.299  0.000
G        0.135  0.298 -0.187  0.055 -0.430  0.326 -0.008  0.097  0.190  0.100  0.288 -0.134  0.039 -0.176 -0.009  0.380  0.900 -0.087  0.644 -0.065  0.000
H        0.452  1.367  0.039  0.170  0.126  0.427  0.511  0.451  0.293  0.463  0.411  0.356  0.085  0.435  0.313  0.541  0.255  0.494  0.407  0.073  0.000
I        0.219  0.237  0.264  0.089  0.889  0.186  0.363  0.083  0.338  0.365  0.485  0.518 -0.047  0.261  0.264  0.376  0.402  0.207 -0.099  0.694 -0.763
K        0.171  0.936  0.031 -0.051  0.289  0.267  0.374  0.151  0.092  0.291 -0.054  0.209 -0.259  0.131  0.222  0.322  0.625  0.377 -0.041  0.159 -0.011
L        0.165  1.420  0.242  0.256  0.056  0.053  0.395  0.201  0.424  0.369  0.337  0.561  0.243  0.328  0.307  0.226  0.634  0.178  0.749  0.409 -0.317
M        0.319  0.690  0.261  0.439  0.086  0.259  0.167  0.518  0.291  0.223  0.441  0.705  0.127  0.267  0.383  0.478  0.700  0.321  0.509  0.750  0.000
N        0.117 -1.166 -0.049  0.148  0.204  0.063  0.359 -0.024  0.159  0.342  0.131  0.183  0.071  0.389  0.290  0.501  0.193  0.211  0.098  0.159  0.744
P       -0.852  0.000  0.000  0.000  0.311 -0.750  0.000  0.000 -0.483 -0.960  0.000 -0.436 -0.915  0.000  0.006 -0.103  0.000 -0.912  0.000 -1.656  0.000
Q        0.201  0.275  0.055  0.227  0.527  0.525  0.634  0.334  0.434  0.454  0.301 -0.012  0.159  0.268  0.410  0.333  0.719  0.549  0.388  0.255  1.035
R        0.223  1.024 -0.140  0.214  0.478  0.193  0.636  0.333  0.133  0.322  0.300  0.072 -0.138  0.445  0.268  0.735  0.766  0.011  0.129  0.270 -0.044
S        0.243  0.741 -0.153  0.002  0.315  0.238 -0.385  0.382  0.035  0.411  0.231  0.195 -0.218  0.342  0.093  0.003  0.405  0.258  0.014  0.077  1.401
T        0.224 -0.081 -0.277  0.249  0.653  0.148  0.610  0.304 -0.011  0.380  0.062  0.635 -0.213  0.092  0.328  0.625 -0.344  0.233  0.196  0.204  1.885
V        0.132  0.675  0.157  0.308  0.389  0.077  0.130 -0.371  0.330  0.177  0.308  0.531 -0.026  0.266  0.259  0.346  0.448  0.127  0.241  0.604  0.639
W        0.208 -1.705 -0.106  0.150 -1.365  0.354  0.538 -0.461  0.627  0.572 -0.070  0.445  0.076  0.584  0.686  0.488  1.156  0.572 -0.840  0.520  0.000
Y        0.315  0.257  0.435  0.246  0.331  0.273  0.919  0.859  0.356  0.387  0.022  0.462 -0.067  0.306  0.448  0.249  0.815  0.687 -1.142  0.306  0.000
X        0.290  0.000 -0.099  0.087  0.000  0.719  0.422  1.418 -0.752  0.278  0.823 -0.718  0.694  0.500 -0.504 -0.597  0.403  0.558  0.117  0.694  0.000
