i-1/i     A      C      D      E      F      G      H      I      K      L      M      N      P      Q      R      S      T      V      W      Y      X
A       -0.219 -0.114 -0.216 -0.189  0.034 -0.113  0.118  0.036 -0.164 -0.144  0.048 -0.234 -0.035 -0.077 -0.168 -0.152  0.146  0.001 -0.016  0.096 -1.113
C       -0.091 -0.360 -0.356  0.049 -1.073 -0.364  1.027  1.061  0.108  0.111 -1.054  0.754 -0.828  0.194  0.085 -1.082 -0.699  0.140  1.543  1.134  0.000
D       -0.236 -1.223  0.045 -0.227  0.260 -0.282 -0.004 -0.077 -0.375 -0.027  0.234 -0.230  0.000 -0.126 -0.082  0.159 -0.579 -0.156  0.203  0.189  0.256
E       -0.049  0.526 -0.029 -0.137  0.086 -0.079 -0.189 -0.034 -0.560 -0.001  0.175 -0.163  0.069 -0.168 -0.512 -0.039  0.205 -0.061  0.399 -0.192 -0.052
F        0.011  0.732  0.219  0.365  0.225  0.283  0.236  0.102  0.317 -0.030 -0.439  0.223  0.399  0.460  0.319  0.332 -0.035  0.313 -0.044 -0.136  0.000
G       -0.515 -0.010 -0.440 -0.322 -0.230 -0.064 -1.130 -0.328 -0.297 -0.175 -0.208  0.276 -0.314 -0.655 -0.458 -0.843  0.267 -0.258  0.318 -0.332 -1.685
H        0.085 -0.939  0.294 -0.123 -0.468  0.030 -0.114  0.321 -0.302  0.119 -0.693  0.087  0.000 -0.449  0.217 -0.182 -0.357 -0.054 -0.019  0.219  0.914
I        0.311  1.094  0.271  0.233  0.337  0.215  0.246  0.310  0.491  0.171  0.019  0.392  0.567  0.396  0.654  0.299  0.597  0.658  0.314  0.295  0.799
K       -0.191 -0.151 -0.171 -0.313 -0.205 -0.277 -0.770  0.216 -0.370 -0.165  0.108 -0.359  0.429 -0.161 -0.487 -0.165 -0.049 -0.231 -0.798 -0.787 -0.506
L        0.064  0.607  0.043  0.223  0.022  0.176  0.509  0.269  0.330  0.154  0.162  0.289  0.795  0.168  0.367  0.140  0.185  0.013  0.391 -0.040 -0.059
M        0.006 -1.632  0.053  0.370  0.443 -0.064  0.149 -0.284  0.166 -0.126 -0.275  0.343  0.579  0.019  0.092  0.150 -0.917 -0.017 -0.237 -0.538  1.361
N       -0.028 -0.796 -0.125 -0.408  0.030  0.037  0.017 -0.575 -0.138  0.143 -0.326 -0.148  0.000 -0.043 -0.517 -0.122  0.337  0.171  0.062  0.055  0.249
P        0.148  0.000 -0.156  0.460 -0.042  0.443  0.085 -0.617 -0.046  0.220  0.677  0.266  0.570  0.153 -0.235  0.221 -0.039 -0.694  0.185  0.100  1.929
Q       -0.208 -0.756 -0.039 -0.116 -0.314 -0.240 -0.290  0.089 -0.301  0.012  0.741 -0.008  0.638 -0.195  0.003  0.028  0.188 -0.039 -0.026 -0.164 -0.010
R       -0.125 -1.156 -0.038 -0.380 -1.012 -0.118 -0.543  0.067 -0.218 -0.243 -0.031 -0.352  0.159 -0.247 -0.540 -0.070 -0.078  0.027 -0.350  0.113 -1.410
S       -0.185 -0.060 -0.277 -0.405  0.093 -0.530  0.228 -0.319 -0.460 -0.323 -0.568 -0.094 -0.402 -0.272 -0.334 -0.404 -0.671 -0.633 -0.453 -0.295 -0.455
T        0.258  0.614  0.423 -0.264 -0.553  0.059 -0.450  0.110 -0.116  0.248  0.200  0.105  0.690  0.006 -0.041 -0.098 -0.813  0.103  0.025 -0.062 -0.981
V        0.270  0.931  0.364  0.436  0.098  0.119 -0.106  0.392  0.435  0.142  0.127  0.526  0.522  0.194  0.375  0.409  0.197  0.178  0.368  0.101  0.408
W        0.069  1.425  0.209  0.241  1.200 -0.396  1.136  0.378  0.123  0.119  0.872  0.211  0.629  0.402  0.432  0.450  1.056 -0.015  0.369 -0.149  0.000
Y        0.167  1.014 -0.021  0.141 -0.056 -0.100  0.645 -0.258  0.416 -0.034  0.179 -0.183  0.405  0.078  0.084  0.107  0.623  0.068  0.237  0.267  1.345
X        0.780  0.000  0.671  0.202  0.796  0.000  0.000  1.370  0.892  0.284  0.000  0.781  0.000  0.230  0.318 -0.170  0.616  0.455  0.000  1.379  0.000
