i-1/i     A      C      D      E      F      G      H      I      K      L      M      N      P      Q      R      S      T      V      W      Y      X
A       -0.049 -0.504 -0.368 -0.124 -0.414  0.000 -0.349  0.020 -0.051 -0.033  0.204 -0.436  0.012 -0.196  0.031 -0.286 -0.332 -0.137 -0.124 -0.360  0.000
C        0.181 -0.521  0.096  0.213 -0.290  0.000 -0.392 -0.379 -0.267  0.039  1.004 -0.225  0.758 -0.401  0.158 -0.247  0.212  0.093  0.198  0.444  0.000
D       -0.318 -0.086 -0.512 -0.210 -0.031  0.000  0.090 -0.102 -0.167 -0.266 -0.069 -0.540 -0.010 -0.170 -0.272 -0.377 -0.105 -0.178  0.053 -0.719  0.256
E       -0.315 -0.429 -0.420 -0.246 -0.444  0.000 -0.161  0.055  0.086 -0.319 -0.239 -0.375  0.006 -0.369 -0.270 -0.520 -0.231  0.061 -0.458 -0.063 -1.068
F       -0.061 -0.047  0.102 -0.041  0.070  0.000 -0.162 -0.012  0.073  0.153  0.220 -0.143  0.074 -0.018  0.217 -0.073 -0.410 -0.028  0.029  0.176  1.627
G       -0.127  0.000 -0.148 -0.132 -0.320  0.000 -0.218 -0.300 -0.009 -0.160  0.082 -0.260  0.076 -0.209  0.203 -0.157 -0.367 -0.111 -0.324 -0.171  0.000
H       -0.154 -0.358  0.129 -0.200 -0.348  0.000 -0.195  0.348  0.022  0.104 -1.574 -0.030  0.167  0.034 -0.094 -0.234 -0.302 -0.096  0.248  0.104  0.000
I        0.033  0.521  0.159  0.046 -0.031  0.000  0.069 -0.072 -0.049 -0.041 -0.282 -0.150  0.099  0.194  0.037 -0.042 -0.296 -0.094  0.009  0.083  0.704
K       -0.231  0.056  0.156 -0.209 -0.002  0.000  0.301 -0.114 -0.072 -0.249 -0.332 -0.296 -0.108 -0.056  0.063 -0.338 -0.219 -0.048  0.357 -0.123 -0.590
L        0.125  0.030 -0.132  0.242 -0.043  0.000  0.282 -0.094 -0.190 -0.093  0.086 -0.136  0.208  0.137 -0.089  0.067 -0.479 -0.148  0.243 -0.067  0.834
M       -0.096  0.104  0.119  0.136  0.216  0.000  0.329 -0.095 -0.037 -0.087 -0.429  0.278  0.268 -0.110 -0.062 -0.374 -0.345  0.185 -0.575 -0.076 -0.624
N       -0.221 -0.294 -0.322 -0.069 -0.370  0.000 -0.414  0.036 -0.060  0.040 -0.477  0.146 -0.033  0.100 -0.138 -0.259 -0.022  0.107  0.432  0.015  0.000
P        0.441 -1.153 -0.020  0.281 -0.880  0.000  0.000  0.000  0.109  0.000  0.000 -0.487  0.000  0.000  0.479  0.525  0.271  0.032  0.000  0.000  0.000
Q       -0.218 -1.042 -0.035 -0.194  0.073  0.000 -0.172 -0.307  0.046 -0.355  0.425 -0.124 -0.039 -0.250 -0.137 -0.178 -0.234 -0.036  0.065 -0.266  0.000
R       -0.123 -0.857  0.354 -0.203  0.127  0.000  0.598 -0.195  0.050 -0.088 -0.654 -0.242  0.251 -0.201  0.082 -0.265 -0.208 -0.021  0.290 -0.170 -0.024
S       -0.173 -0.805 -0.288 -0.283 -0.117  0.000  0.065 -0.139  0.063 -0.169  0.019 -0.546 -0.194 -0.239 -0.121 -0.375 -0.340 -0.090 -0.354 -0.429  0.570
T       -0.001  0.017 -0.069 -0.215  0.073  0.000  0.080 -0.052 -0.168 -0.106 -0.223 -0.266  0.096 -0.336  0.048 -0.203 -0.205  0.026 -0.051 -0.045  0.902
V        0.144 -0.504  0.014 -0.018  0.161  0.000 -0.079 -0.174  0.187 -0.048  0.100 -0.168  0.278  0.122  0.153 -0.170 -0.335 -0.086 -0.103 -0.117 -1.535
W        0.312 -0.524 -0.274 -0.053 -0.589  0.000  0.000  0.420 -0.412 -0.241 -0.839 -0.029  0.000 -0.033  0.199 -0.130  0.026 -0.139  0.379  0.696  0.000
Y        0.082 -0.466 -0.154  0.119 -0.506  0.000  0.489  0.072  0.024  0.166 -0.214 -0.464  0.110  0.115  0.005 -0.293 -0.445  0.107 -0.157 -0.038  2.941
X        0.072  0.000 -0.777  0.645  0.079  0.000  0.000  0.121 -0.192  0.000  0.000  0.299  0.665 -0.103  0.153  0.000  0.000 -0.122 -0.917 -0.380 -1.932
