i-1/i     A      C      D      E      F      G      H      I      K      L      M      N      P      Q      R      S      T      V      W      Y      X
A       -0.045 -0.043 -0.016 -0.033 -0.107  0.000  0.191 -0.112 -0.064 -0.113 -0.006 -0.406 -0.001 -0.047 -0.002 -0.182 -0.430 -0.098  0.065  0.036 -1.825
C        0.085 -0.490 -0.045 -0.041 -0.110  0.000  0.000 -0.146  0.056 -0.249  0.355 -0.084 -0.124 -0.239  0.048 -0.636 -0.209 -0.079  0.378  0.172  0.000
D       -0.117 -0.730 -0.132  0.137 -0.226  0.000 -0.396  0.209 -0.050  0.200  1.045 -0.006 -0.268  0.146 -0.056 -0.012  0.144  0.072 -0.547  0.139  0.000
E       -0.063 -0.161 -0.177 -0.055 -0.066  0.000 -0.498  0.162 -0.303  0.147  0.494 -0.165 -0.242  0.015 -0.027 -0.085 -0.176  0.139 -0.103 -0.248 -0.621
F       -0.032 -0.801 -0.155 -0.156  0.109  0.000  0.292  0.071 -0.110 -0.162 -0.867 -0.198  0.096  0.178 -0.098 -0.210 -0.254 -0.169  0.237 -0.246  0.000
G        0.109 -0.684  0.008  0.039  0.257  0.000 -0.669  0.083 -0.135 -0.032  0.083 -0.038  0.047  0.025 -0.182 -0.197 -0.205 -0.191 -0.222 -0.019  0.000
H        0.219 -0.510 -0.128 -0.225 -0.027  0.000 -0.550  0.074  0.302 -0.181  0.319 -0.147 -0.748 -0.423 -0.200 -0.126 -0.372 -0.065 -0.215 -0.149  0.135
I       -0.144 -0.123 -0.075 -0.004 -0.336  0.000  0.590 -0.253  0.147 -0.253 -0.969 -0.468  0.010 -0.329  0.025 -0.321 -0.334 -0.267  0.019 -0.159  0.251
K       -0.031  0.033 -0.223 -0.209 -0.020  0.000 -0.030 -0.022  0.091 -0.065 -0.008 -0.301  0.095 -0.200  0.018 -0.331 -0.279  0.020 -0.109  0.069  0.622
L       -0.209 -0.277  0.010 -0.185 -0.144  0.000  0.228 -0.352  0.011 -0.279 -0.567 -0.309 -0.048 -0.160 -0.009 -0.229 -0.316 -0.147  0.151 -0.184 -0.447
M       -0.133  0.415 -0.009 -0.193 -0.061  0.000 -0.386 -0.252 -0.116 -0.245 -0.281  0.393  0.063 -0.153 -0.055 -0.527 -0.244 -0.146 -0.247 -0.221 -1.960
N       -0.172  0.274 -0.057 -0.086 -0.323  0.000  0.235  0.136  0.190 -0.120  0.388 -0.308  0.091  0.101 -0.128 -0.234 -0.439 -0.048 -0.578  0.133  0.000
P        0.000  1.311  0.513  0.380  0.711  0.000  0.058  0.000  0.000  0.000  0.006  0.000  0.690  0.705  0.876  0.263  0.474  0.000  0.692  0.000  0.000
Q       -0.157 -0.636 -0.334 -0.131 -0.212  0.000 -0.005  0.096 -0.117  0.060  0.534  0.161  0.162 -0.045 -0.230 -0.197 -0.191  0.215  0.553 -0.056  2.458
R       -0.021 -0.360  0.025 -0.201 -0.086  0.000  0.482 -0.006  0.194 -0.051 -0.075 -0.268  0.093 -0.248 -0.133 -0.213 -0.259  0.001 -0.278  0.011 -1.335
S       -0.130 -0.269 -0.049 -0.059 -0.102  0.000  0.157  0.178 -0.179 -0.011 -0.066 -0.436 -0.183 -0.219  0.105 -0.276 -0.353  0.009 -0.662 -0.129 -1.433
T       -0.157 -1.188 -0.022 -0.008 -0.003  0.000  0.002 -0.192 -0.088  0.002  1.081 -0.192  0.128 -0.239 -0.247 -0.294  0.068  0.041 -0.418 -0.224  2.458
V       -0.022 -0.179 -0.199 -0.091 -0.049  0.000 -0.169 -0.073  0.092 -0.295 -0.663 -0.109  0.384 -0.273 -0.080 -0.253 -0.466 -0.157  0.430 -0.375 -0.506
W       -0.189  0.000  0.210 -0.447  0.053  0.000  0.480 -0.102 -0.018  0.069  1.094 -0.464 -0.010 -0.390 -0.222 -0.526 -0.104  0.215 -0.266 -0.068  0.000
Y       -0.018 -0.641 -0.149 -0.122  0.097  0.000  0.033  0.087  0.009 -0.167 -0.593 -0.233  0.214 -0.016 -0.005 -0.366 -0.220  0.004  0.211  0.121  0.000
X       -0.333  0.000  0.103 -0.251  0.893  0.000 -0.049 -0.573  0.309  0.304 -0.176  0.000  0.000 -0.121  0.226  0.113  0.000  0.093  0.000 -0.384 -1.741
