i-1/i     A      C      D      E      F      G      H      I      K      L      M      N      P      Q      R      S      T      V      W      Y      X
A       -0.004 -0.366  0.248  0.072  0.002  0.000  0.107  0.138  0.107  0.074 -0.152  0.035 -0.621  0.017  0.030  0.030 -0.047 -0.006 -0.104  0.119 -0.541
C        0.028  0.363 -0.019 -0.248 -0.940  0.000 -0.788 -0.142  0.109  0.123 -0.556  0.143  0.013 -0.004  0.169  0.205  0.272  0.022  0.000 -0.120  0.000
D        0.181  0.389  0.219  0.170  0.063  0.000 -0.144  0.033  0.128  0.142  0.773  0.520 -0.563 -0.062  0.147  0.160  0.268  0.113 -0.431 -0.042  1.367
E        0.118 -0.125 -0.030  0.099  0.229  0.000  0.106 -0.005 -0.044  0.112  0.321  0.465 -0.558  0.043  0.136 -0.044 -0.071 -0.009 -0.180 -0.018 -1.087
F        0.032 -0.225 -0.037 -0.175 -0.530  0.000  0.023 -0.211 -0.015 -0.190 -0.812 -0.269 -0.746 -0.192 -0.023  0.002 -0.129 -0.027  0.490 -0.373  0.000
G        0.097 -0.505 -0.085  0.068 -0.124  0.000 -0.818  0.242 -0.012 -0.018 -0.293 -0.356  0.529  0.090 -0.023  0.145  0.073 -0.031  0.216 -0.169 -1.876
H        0.074  0.282 -0.075  0.011  0.097  0.000 -0.293  0.342 -0.045 -0.129 -0.574 -0.201  0.000  0.311  0.187  0.027  0.228  0.074  0.113  0.293 -2.341
I       -0.233 -0.389 -0.043 -0.193 -0.085  0.000 -0.015 -0.141 -0.042 -0.242 -0.541 -0.205 -0.741 -0.247 -0.090 -0.087 -0.092 -0.124 -0.208  0.131 -1.139
K       -0.036  0.126  0.055 -0.060 -0.032  0.000  0.222  0.188  0.090  0.146  0.277 -0.004 -0.486 -0.007  0.057 -0.028 -0.101  0.064 -0.010  0.234  2.346
L       -0.175 -0.088  0.002 -0.084 -0.164  0.000 -0.005  0.064  0.029 -0.195  0.284  0.022 -0.605 -0.073 -0.019 -0.033  0.037 -0.137 -0.133  0.045 -0.026
M       -0.165 -0.347 -0.343 -0.238 -0.010  0.000  0.452 -0.053  0.072  0.047 -0.386  0.018 -0.327  0.013  0.095  0.010  0.153 -0.081  0.176 -0.567  1.662
N        0.204  0.321 -0.130  0.120  0.086  0.000 -0.170  0.108  0.123  0.201  0.089 -0.026  0.000  0.023  0.139 -0.121 -0.252  0.016  0.287  0.036 -0.026
P        0.397  0.489 -0.365 -0.542 -0.054  0.000 -0.497 -0.402 -0.095 -0.113  0.028 -0.846 -0.339 -0.294 -0.168 -0.647 -0.228 -0.037  0.117 -0.091 -2.840
Q        0.036  0.317  0.009  0.053  0.087  0.000 -0.229  0.025  0.014  0.158  0.782 -0.101 -0.491  0.053  0.181  0.022 -0.030  0.054 -0.442 -0.136  0.805
R        0.051 -0.403 -0.100 -0.052  0.032  0.000 -0.370  0.180  0.062  0.139  0.191 -0.061 -0.562 -0.049  0.000 -0.146 -0.162  0.099  0.087  0.013  0.075
S        0.138  0.638 -0.012  0.110 -0.122  0.000  0.425  0.246  0.157  0.223  0.308  0.042 -0.577  0.291  0.154  0.127  0.222  0.037 -0.044 -0.061 -1.829
T       -0.004 -0.129 -0.013  0.072  0.172  0.000  0.151 -0.045 -0.011  0.052  0.049  0.055 -0.731 -0.008 -0.058  0.095  0.155  0.016 -0.067  0.383  0.539
V       -0.128 -0.869 -0.090 -0.150 -0.165  0.000 -0.245 -0.214  0.030 -0.315 -0.178 -0.063 -0.776 -0.126  0.009 -0.205 -0.113 -0.108 -0.039 -0.263  0.987
W       -0.366 -0.663 -0.475 -0.196  0.223  0.000  0.317  0.231 -0.177  0.197  0.224 -0.193 -0.826 -0.405 -0.200 -0.380 -0.171  0.064  0.833  0.127  0.000
Y       -0.003  0.190 -0.070 -0.134 -0.401  0.000 -0.207 -0.048  0.000 -0.149  0.034 -0.349 -0.630 -0.103 -0.154 -0.077 -0.052 -0.069  0.071 -0.065 -0.660
X       -0.081  0.000 -0.597 -0.140  0.594  0.000  0.000  0.004 -0.051  0.158 -1.323 -0.274  0.000 -0.055  0.455 -0.419 -0.033  0.333  0.000  0.000  0.000
