i-1/i     A      C      D      E      F      G      H      I      K      L      M      N      P      Q      R      S      T      V      W      Y      X
A        0.592  0.002  0.577  0.655 -0.124  0.531  0.518 -0.081  0.682  0.148  0.184  0.607 -0.166  0.674  0.504  0.578  0.300  0.103  0.354 -0.041  0.525
C       -0.102  0.272  0.760  0.433 -1.037 -0.344  0.119  0.378  0.592 -0.017  0.518  0.429 -0.016  0.532  0.000  0.744  0.190 -0.077 -0.063  0.997  0.000
D       -0.009  0.752 -0.311 -0.167 -0.111  0.023  0.524  0.001 -0.541  0.178  0.222  0.276 -0.036 -0.605 -0.524 -0.022 -0.173 -0.252  0.945 -0.600 -1.353
E        0.581  0.043  0.339  0.244  0.156  0.228  0.158 -0.003  0.043  0.432  0.421  0.324  0.535  0.014 -0.002  0.454  0.231 -0.147 -0.198  0.062 -0.717
F       -0.083 -0.251 -0.008  0.134  0.423  0.033  0.311 -0.132  0.280 -0.004 -0.259  0.002  0.000  0.174  0.180  0.413 -0.205  0.218  0.148 -0.000  0.417
G        0.324  0.000  0.719  0.832  0.050  0.092  0.634  0.411  0.629  0.875  0.305  1.360  1.009  0.690  0.924  0.578  1.028  0.780  0.173  1.086  0.000
H        0.536  0.000  0.221  0.275  0.469  1.141  0.320  0.143  0.248  0.311  0.616  0.911 -1.310  0.495  0.251  1.119  0.694  0.359  1.219  0.798  0.000
I       -0.176  0.083 -0.198 -0.082 -0.238 -0.323  0.298 -0.340 -0.111 -0.386  0.060 -0.877 -0.263  0.015 -0.633 -0.742 -0.237 -0.271  0.151 -0.256 -0.491
K        0.907  0.009  0.062  0.146 -0.091  0.513 -0.259  0.284  0.498  0.420  0.426  0.579  0.381  0.418  0.440  0.734  0.049  0.183  0.096 -0.334  0.117
L       -0.135  0.211 -0.040 -0.161 -0.145 -0.420  0.076 -0.094  0.012 -0.334 -0.237 -0.060 -0.397  0.278 -0.250 -0.305  0.023 -0.220 -0.274 -0.104 -0.278
M       -0.103  0.313 -0.115  0.249 -0.252 -0.346  0.011 -0.363 -0.061 -0.066  0.217 -0.385 -0.008  0.466  0.374  0.173  0.154  0.020 -0.647  0.185  0.643
N        0.103 -0.024  0.120 -0.164  0.180  0.742  0.139 -0.046 -0.006  0.315  0.478  0.204 -0.015 -0.179  0.040  0.394 -0.435  0.222  0.000  0.957  0.000
P        0.000 -0.302 -1.217  0.174  0.000  0.000  0.000  0.000  0.384  0.000  0.000  0.000  0.000  0.000 -0.228 -0.476 -0.362 -0.237  0.000  0.000  0.000
Q        0.697 -0.194  0.080  0.158  0.021  0.375  0.444  0.253  0.319  0.239  0.413  0.144  0.430  0.237  0.208  0.444  0.162  0.012  0.030  0.156  0.000
R        0.679  0.976  0.044  0.221  0.299  0.145  0.565 -0.065  0.417  0.183  0.443  0.538  0.179  0.312  0.317  0.434  0.342  0.390 -0.074  0.030  0.000
S        0.704  0.589  0.472  0.429  1.160  0.660  0.894  0.864  0.765  0.757  0.563  1.090  0.625  0.559  0.736  0.489  1.042  0.749  1.012  1.015  0.166
T        0.672  0.477  0.725  0.640  1.335  0.526  0.995  0.791  0.987  0.925  0.617  1.099  0.260  0.718  1.047  0.690  0.664  0.974  1.150  1.102  0.884
V       -0.244  0.261  0.135  0.023 -0.267 -0.508 -0.083 -0.238 -0.107 -0.291  0.260 -0.140 -0.521  0.041  0.012 -0.542 -0.064 -0.324 -0.988 -0.296 -1.315
W       -0.430  1.051 -0.203 -0.033  0.389 -0.516  0.384 -0.170 -0.168  0.222 -0.676 -0.263  0.625  0.503 -0.228  0.315 -0.633 -0.181 -0.006  0.773  0.000
Y        0.027 -0.087  0.340 -0.056  0.236 -0.146  1.284 -0.285  0.411 -0.284 -0.099 -0.028 -0.436  0.139  0.249  0.263  0.393  0.057 -0.217  0.429  1.282
X       -0.975  0.000  0.320  0.000  0.237  0.000  0.000 -0.330 -1.037 -1.064  0.000 -0.230  0.000 -0.908 -0.807 -1.264  0.000  0.476  0.635 -0.755  1.115
