i-1/i     A      C      D      E      F      G      H      I      K      L      M      N      P      Q      R      S      T      V      W      Y      X
A        0.194  0.215  0.306  0.157 -0.184 -0.136  0.329 -0.078  0.134 -0.032  0.096  0.321 -0.021  0.131  0.105  0.228  0.034  0.082 -0.045 -0.153  0.112
C        0.227  0.922 -0.156  0.043  1.032 -0.235  1.315  0.341  0.248  0.263  0.218 -0.625  0.728 -0.095 -0.240 -0.782  0.410  0.243 -0.652  0.065  0.000
D        0.855  0.800  0.352  0.482  0.698  0.333  0.120  0.410  0.430  0.278 -0.617 -0.222 -0.129  0.739  0.450  0.282  0.225  0.068  0.520  0.689  0.000
E        0.711  0.892  0.270  0.366 -0.090  0.496  0.332  0.262  0.570  0.383  0.095 -0.151  0.513  0.742  0.448  0.360  0.662  0.353  0.679  0.171 -0.132
F       -0.079 -0.236  0.490  0.104 -0.257 -0.063 -0.000 -0.156 -0.039 -0.090  0.380  0.199 -0.230  0.300 -0.115  0.320 -0.077  0.007  0.075  0.179  0.000
G        0.379  1.014  0.001  0.115  0.041  0.080  0.415  0.436  0.554  0.452  0.496  0.205 -1.046 -0.175  0.080  1.125  0.428  0.330 -0.115  0.457  0.000
H        0.167 -0.131  0.969  0.274  0.518  0.553 -0.209  0.047  0.002  0.238 -0.197  0.069  0.067  0.550  0.482  0.206  0.177  0.026  0.193 -0.159  0.099
I       -0.208  0.374 -0.007 -0.121  0.013 -0.049  0.484 -0.212  0.084  0.046  0.363  0.764  0.073  0.048 -0.266  0.250 -0.133 -0.246  0.030 -0.081  0.819
K        0.719  0.491  0.398  0.329  0.365  0.546  0.787 -0.175  0.423  0.199  0.122  0.479  0.413  0.278  0.627  0.330  0.279  0.129  0.335  0.371 -0.275
L       -0.005  0.157  0.027 -0.044 -0.015 -0.144  0.242 -0.123  0.100  0.141  0.149  0.460 -0.031  0.062  0.021  0.137  0.178 -0.088  0.248  0.053 -0.323
M        0.010 -0.149  0.363 -0.064  0.083  0.028  0.051  0.363  0.217  0.192  0.898  0.379  0.002  0.151  0.077  0.767 -0.096  0.000 -0.695  0.051 -0.965
N        0.657  0.668  0.372  0.474  0.619  0.192  0.184  0.393  0.559  0.438  0.678  0.518 -0.488  0.555  0.250  0.211  0.184  0.480  0.549 -0.046  0.000
P       -1.397 -0.645  0.000 -0.651 -1.007  0.220 -0.776  0.000 -0.413  1.156 -0.096 -1.083  0.000  0.118  0.052  0.000 -1.044 -1.294  0.000 -0.505  0.000
Q        0.676  1.015  0.191  0.472  0.411  0.465  0.172  0.108  0.266  0.346  0.491  0.107  0.416  0.442  0.447  0.545  0.383  0.468 -0.661  0.398  0.793
R        0.578  0.443 -0.020  0.019  0.402  0.311  0.456  0.060  0.321  0.327  0.358  0.552  0.117  0.143  0.198  0.461  0.145 -0.006  0.184  0.548 -1.402
S        0.454  0.416  0.033  0.297  0.753  0.067  0.505  0.940  0.207  0.351  0.335  0.712 -0.062  0.463  0.481  0.582 -0.256  0.353  0.412  0.525  0.925
T        0.383  0.657 -0.242  0.387  0.478 -0.048  0.370  0.121  0.277  0.367 -0.009  0.271  0.031  0.039  0.224  0.303  0.195  0.094  0.826  0.223 -0.129
V        0.158  0.493  0.069  0.308  0.329  0.087  0.459  0.034  0.056  0.046 -0.030  0.373 -0.160 -0.020 -0.072 -0.043 -0.089  0.086  0.077 -0.045 -1.344
W       -0.136  0.000  0.233  0.401 -0.109 -0.156  1.104 -0.277 -0.102  0.004 -0.517  0.618  0.088  0.120 -0.254  1.278 -0.688 -0.220 -1.053  0.009  0.000
Y       -0.357  0.063  0.511 -0.017 -0.363 -0.488 -0.122 -0.100 -0.187 -0.295  0.291  0.561 -0.454  0.244  0.046  0.090  0.372  0.115  0.666 -0.507  0.000
X        0.186  0.000 -0.257 -0.631 -0.770  0.000  0.000 -0.552  0.516 -0.384  0.458  0.011  0.000 -1.115 -0.429  0.173  0.000 -0.278  0.000  0.000 -0.707
