i-1/i     A      C      D      E      F      G      H      I      K      L      M      N      P      Q      R      S      T      V      W      Y      X
A        0.562  0.271  0.241  0.598  0.634  0.196  0.787  0.498  0.582  0.371  0.422  0.544  0.016  0.389  0.277  0.432  0.453  0.341  0.345  0.008  0.279
C        0.372  0.000  0.280  0.331 -0.243  0.348  0.773  0.355  0.301 -0.242  1.282  0.847 -0.143  0.344  0.086  0.995  0.867  0.285  0.234  0.000  0.000
D       -0.052  0.024  0.063  0.104  0.108  0.012  0.664 -0.050 -0.240  0.084 -0.037 -0.209  0.218 -0.191 -0.406 -0.336  0.240 -0.113  0.162 -0.078 -1.184
E        0.078  0.695 -0.124 -0.100  0.044  0.101  0.137  0.058  0.195  0.088  0.008 -0.186  0.036  0.281  0.159 -0.098 -0.021  0.020 -0.426  0.150 -0.287
F        0.649  0.322  0.406  0.274  0.154  0.339 -0.062  0.236  0.337  0.566  0.197  0.413  0.677  0.391  0.274  0.436  0.022  0.456  0.639  0.820 -0.916
G        0.198  0.451 -0.283  0.418  0.415 -0.125  0.081 -0.121  0.157  0.085  0.562  0.269  0.555  0.226  0.095  0.408 -0.168  0.085  0.917  0.040  0.000
H        0.398  0.094 -0.394  0.182  0.485 -0.151  0.957  0.021  0.704  0.024  0.627  0.536 -0.556  0.569 -0.036  0.503  0.106  0.313 -0.238 -0.185  0.000
I        0.321 -0.971  0.414  0.007  0.282  0.175 -0.021  0.012  0.070  0.154  0.181  0.358  0.118  0.186  0.138  0.201 -0.300  0.137 -0.068  0.186  0.576
K        0.166  0.337  0.399  0.275  0.067  0.020  0.377  0.084  0.540  0.336  0.341  0.099 -0.848  0.276 -0.020  0.462  0.135  0.240 -0.224  0.274 -0.196
L        0.668  0.628  0.293  0.267  0.127  0.348  0.571  0.130  0.419  0.357  0.344  0.619  0.258  0.356  0.418  0.519  0.392  0.259  0.037  0.102  1.375
M        0.344  1.279  0.424  0.376  0.295  0.557  0.849 -0.040  0.333  0.708  1.016  0.847  0.785  0.372  0.447  0.412  0.602  0.029  0.639  0.425  0.742
N        0.182 -0.038  0.420 -0.286  0.138  0.047 -0.877  0.308  0.197 -0.064  0.501 -0.065 -0.038  0.698  0.219 -0.609  0.249  0.161  0.882  0.221  0.871
P       -1.184  0.000 -1.328 -0.723 -0.170  0.931  0.000 -0.670 -0.326 -0.967 -0.761  0.000 -0.680 -1.284 -0.677  0.000 -0.950 -1.045 -1.052  0.000  0.000
Q        0.193 -0.062  0.104  0.176  0.222 -0.091  0.162  0.089  0.054  0.284 -0.387  0.262 -0.094  0.238  0.404  0.136  0.212  0.243  0.077 -0.025  0.429
R        0.145  0.524  0.361  0.318  0.276  0.326  0.527  0.080  0.325  0.376  0.167 -0.105 -0.807  0.383  0.155  0.273  0.236  0.078  0.600  0.279  0.140
S        0.136  0.319 -0.092  0.344  0.323 -0.379  0.048 -0.038  0.122  0.316  0.082  0.423  0.277  0.243  0.389  0.214  0.469  0.005  0.531  0.424  0.566
T        0.458  0.067 -0.281  0.174 -0.135  0.114  0.390  0.044  0.234  0.088  0.272  1.042 -0.023  0.346  0.213  0.287 -0.302  0.174  0.075 -0.128 -0.517
V        0.265  0.126 -0.004  0.145 -0.264 -0.139  0.187 -0.166  0.068  0.005 -0.062  0.455 -0.039 -0.038  0.255  0.265 -0.036 -0.072  0.109  0.594 -1.384
W        0.555  1.174 -0.056  0.371  0.598 -0.251  0.332  0.211  0.663  0.346  0.521 -0.125  0.989  0.506  0.087  0.620  0.093  0.387 -0.468 -0.536  0.000
Y        0.642  0.250 -0.153  0.090  0.190  0.337  0.698 -0.088  0.242  0.120  0.358  0.624 -0.393  0.335 -0.029  0.216  0.245  0.165 -0.914  0.106  0.000
X        0.806  0.000 -0.122  0.741  0.000  0.000  0.647 -0.651 -0.296 -0.133 -0.892 -0.337  1.247  0.639  0.011  0.000  0.013 -1.210  0.000 -1.380  0.000
