i-1/i     A      C      D      E      F      G      H      I      K      L      M      N      P      Q      R      S      T      V      W      Y      X
A        0.013 -0.070 -0.038 -0.013  0.101  0.000 -0.008 -0.020 -0.017 -0.025  0.070 -0.055  0.029  0.002 -0.016 -0.041 -0.090 -0.036  0.072 -0.025  0.163
C        0.069  0.023  0.072  0.048  0.053  0.000  0.098 -0.024  0.071  0.053 -0.103  0.116  0.027  0.127 -0.055  0.097 -0.191  0.036 -0.053 -0.006  0.000
D       -0.018 -0.062  0.017 -0.033 -0.068  0.000 -0.056 -0.084 -0.063 -0.059  0.088 -0.112 -0.014 -0.050 -0.062 -0.016 -0.047 -0.074 -0.072 -0.015 -0.040
E       -0.031 -0.163 -0.051 -0.065 -0.147  0.000 -0.065 -0.063 -0.053 -0.046 -0.110 -0.072 -0.050 -0.058 -0.043 -0.051 -0.017 -0.080 -0.008 -0.092  0.074
F        0.050  0.027  0.021  0.017  0.053  0.000 -0.072  0.034  0.043  0.039 -0.109  0.012  0.103  0.023  0.016  0.035 -0.040  0.029 -0.032 -0.016  0.079
G        0.039 -0.031  0.020 -0.009 -0.035  0.000  0.073 -0.019 -0.002  0.015  0.201 -0.063  0.010 -0.037  0.017 -0.018 -0.004 -0.023  0.141  0.032  0.164
H        0.039 -0.072 -0.012 -0.028 -0.198  0.000  0.079 -0.073 -0.015 -0.010 -0.111 -0.116 -0.124 -0.040 -0.013 -0.045 -0.055 -0.046  0.054  0.033 -0.276
I        0.025  0.042  0.037  0.042  0.055  0.000 -0.083 -0.043  0.060  0.003  0.031 -0.035  0.097  0.056  0.077  0.040 -0.009  0.023  0.065  0.030 -0.023
K       -0.012  0.002 -0.029 -0.039 -0.053  0.000 -0.066 -0.019 -0.054 -0.033  0.065 -0.043  0.010 -0.015 -0.059 -0.027 -0.031 -0.068 -0.071 -0.054  0.018
L        0.040  0.005 -0.008  0.031  0.038  0.000  0.056  0.008  0.063  0.013 -0.023 -0.015  0.073  0.066  0.062  0.024 -0.016  0.047 -0.026  0.065 -0.148
M        0.086 -0.007  0.051  0.029  0.009  0.000 -0.079 -0.006  0.064 -0.003 -0.112 -0.038  0.012 -0.010  0.059  0.033 -0.064 -0.039 -0.030  0.075 -0.271
N       -0.035  0.063 -0.043 -0.042 -0.123  0.000 -0.057 -0.092 -0.013 -0.024 -0.071 -0.075  0.098 -0.022 -0.064 -0.013 -0.140 -0.047  0.076 -0.160 -0.169
P        0.143  0.265  0.000  0.000  0.106  0.000  0.000  0.153  0.198  0.129  0.214  0.000  0.000  0.175  0.174 -0.126  0.076  0.145  0.252  0.277  0.000
Q       -0.046 -0.172 -0.022 -0.027 -0.086  0.000 -0.006 -0.011 -0.051 -0.042  0.049 -0.022  0.023 -0.065 -0.062 -0.115 -0.035 -0.088 -0.051 -0.033 -0.090
R       -0.025 -0.110  0.019 -0.053 -0.092  0.000 -0.127 -0.040 -0.025 -0.014 -0.021 -0.000 -0.086 -0.052 -0.012 -0.040 -0.069 -0.031 -0.148  0.025 -0.064
S        0.013 -0.099 -0.065 -0.012 -0.015  0.000  0.031 -0.037  0.017  0.011  0.087  0.019 -0.017 -0.016 -0.039  0.013 -0.003 -0.073 -0.129  0.013 -0.092
T       -0.005  0.103 -0.029  0.029  0.021  0.000  0.078  0.055  0.009 -0.021  0.006  0.008  0.081  0.000  0.037 -0.029  0.084  0.026  0.027 -0.199  0.120
V        0.035  0.042  0.026  0.047  0.085  0.000  0.030 -0.033  0.046  0.016  0.002  0.022  0.059  0.047  0.087  0.008  0.017  0.050 -0.029  0.114  0.224
W        0.006  0.155 -0.029  0.009 -0.218  0.000 -0.173  0.080  0.053  0.029 -0.126  0.039  0.071  0.042  0.100  0.047 -0.086 -0.015 -0.185  0.060  0.000
Y        0.080  0.027 -0.014  0.011 -0.133  0.000 -0.063  0.025 -0.029  0.033 -0.070 -0.110  0.048 -0.090 -0.033  0.040 -0.072 -0.019  0.111 -0.069  0.012
X       -0.036  0.000  0.105  0.056 -0.216  0.000 -0.073  0.017  0.038 -0.012  0.085 -0.010  0.091 -0.031 -0.055  0.074 -0.084  0.126  0.000  0.138  0.179
