i-1/i     A      C      D      E      F      G      H      I      K      L      M      N      P      Q      R      S      T      V      W      Y      X
A       -0.004 -0.079  0.012  0.005 -0.055  0.000 -0.129 -0.032 -0.018 -0.034 -0.019 -0.019  0.037  0.036 -0.024 -0.020 -0.056 -0.068 -0.090 -0.055  0.072
C       -0.094 -0.069 -0.104 -0.157 -0.171  0.000  0.000 -0.212 -0.213 -0.106 -0.050 -0.182 -0.077 -0.115 -0.136 -0.067 -0.161 -0.073  0.000 -0.042  0.000
D        0.118  0.220 -0.009  0.079  0.194  0.000  0.047  0.032  0.134  0.091  0.068 -0.002  0.214  0.116  0.165  0.110  0.094  0.140 -0.091  0.181 -0.050
E        0.077 -0.003 -0.003  0.035  0.061  0.000  0.120 -0.031  0.114  0.021 -0.053  0.038  0.120  0.060  0.137  0.064  0.045  0.100  0.047 -0.017 -0.052
F       -0.035 -0.082  0.058 -0.058 -0.259  0.000 -0.113  0.012 -0.021  0.026  0.189  0.086 -0.064 -0.066 -0.076  0.003  0.005 -0.008  0.074 -0.140  0.342
G        0.102  0.064  0.073  0.037 -0.022  0.000  0.161  0.067  0.061  0.107  0.025  0.005  0.147  0.083  0.099  0.083  0.018  0.094 -0.104  0.088  0.349
H        0.024 -0.127  0.079  0.089 -0.116  0.000 -0.001 -0.027  0.080 -0.030 -0.100  0.005  0.130  0.060  0.045  0.086  0.032 -0.049  0.294  0.086  0.012
I       -0.114 -0.049 -0.077 -0.139 -0.121  0.000 -0.167 -0.112 -0.163 -0.044  0.002 -0.112 -0.042 -0.139 -0.157 -0.126 -0.197 -0.161  0.160 -0.233  0.077
K        0.034 -0.024 -0.024 -0.000 -0.022  0.000 -0.039 -0.025 -0.006 -0.006  0.036 -0.070  0.004 -0.033  0.009 -0.038 -0.108 -0.003 -0.129  0.005 -0.093
L       -0.107 -0.155 -0.069 -0.156 -0.085  0.000 -0.137 -0.053 -0.143 -0.079  0.003 -0.076 -0.076 -0.135 -0.166 -0.143 -0.104 -0.153 -0.007 -0.124 -0.135
M       -0.072 -0.004 -0.060 -0.127 -0.043  0.000  0.011  0.003 -0.092 -0.029 -0.111 -0.114  0.049 -0.006 -0.069 -0.136 -0.022 -0.042  0.039 -0.029  0.256
N        0.120 -0.021  0.044  0.041  0.052  0.000  0.084  0.021  0.056 -0.020 -0.009 -0.018  0.109  0.077  0.031  0.023 -0.073  0.034 -0.123  0.067 -0.142
P        0.209  0.277  0.000  0.208  0.000  0.000  0.000  0.000  0.000  0.202  0.128 -0.001  0.000  0.231  0.000  0.078  0.046  0.000  0.246  0.164  0.288
Q        0.070 -0.012 -0.035  0.011  0.139  0.000 -0.024  0.014  0.062 -0.004  0.024 -0.106  0.062  0.017  0.091  0.026  0.010  0.090  0.116  0.004  0.040
R       -0.000 -0.066  0.016  0.060 -0.038  0.000 -0.073 -0.090 -0.022 -0.024 -0.103 -0.045 -0.040 -0.037 -0.024 -0.021 -0.092 -0.059 -0.174 -0.008  0.089
S        0.095  0.035  0.014  0.023  0.043  0.000  0.049 -0.013  0.033  0.033  0.055  0.025  0.106  0.017  0.062  0.026 -0.063  0.023 -0.095  0.159  0.119
T        0.058 -0.254  0.010  0.018 -0.045  0.000  0.110 -0.074 -0.000  0.018 -0.091 -0.007  0.090  0.028  0.030 -0.036  0.067  0.041  0.152  0.136 -0.141
V       -0.101 -0.062 -0.086 -0.149 -0.130  0.000 -0.122 -0.085 -0.167 -0.076 -0.024 -0.135 -0.055 -0.072 -0.133 -0.083 -0.149 -0.173  0.061 -0.154 -0.066
W       -0.056  0.000 -0.006  0.144  0.067  0.000  0.124  0.050  0.078  0.073  0.161  0.066  0.115 -0.011 -0.054  0.162 -0.062  0.170  0.021 -0.102  0.000
Y        0.008  0.029  0.098 -0.056 -0.047  0.000  0.041 -0.051 -0.077  0.053  0.049 -0.001  0.169  0.043 -0.061 -0.076  0.055 -0.134  0.001  0.003  0.214
X       -0.180  0.000 -0.072 -0.183  0.029  0.000 -0.107  0.058  0.000 -0.079  0.020 -0.226  0.000 -0.237  0.000 -0.143  0.002 -0.163  0.000  0.199 -0.383
