i-1/i     A      C      D      E      F      G      H      I      K      L      M      N      P      Q      R      S      T      V      W      Y      X
A        0.030 -0.086 -0.043 -0.027  0.014  0.000 -0.045 -0.028 -0.042 -0.018 -0.016 -0.021  0.016 -0.028 -0.021 -0.037 -0.069 -0.022 -0.053 -0.012 -0.133
C       -0.067  0.000 -0.030 -0.039  0.245  0.000 -0.059 -0.071  0.009 -0.005  0.156 -0.037  0.068 -0.032  0.062 -0.072 -0.034  0.064  0.039  0.000  0.000
D       -0.018 -0.049 -0.002  0.014 -0.003  0.000 -0.055 -0.025 -0.022 -0.000  0.012  0.024 -0.022  0.036 -0.002 -0.011 -0.056 -0.050 -0.057  0.051  0.047
E       -0.030 -0.026 -0.002 -0.022 -0.085  0.000 -0.104 -0.027 -0.018 -0.026 -0.018 -0.043 -0.019 -0.020 -0.048 -0.026 -0.080 -0.075 -0.019 -0.030 -0.042
F        0.086 -0.070 -0.027 -0.017 -0.109  0.000  0.002  0.046  0.018  0.021  0.125 -0.091  0.040 -0.024  0.020 -0.028 -0.062  0.025  0.127  0.042 -0.465
G        0.047 -0.074  0.047 -0.019  0.153  0.000 -0.026 -0.026  0.008 -0.012  0.013  0.042 -0.004  0.054  0.038 -0.027 -0.034  0.061  0.026 -0.148  0.057
H       -0.052 -0.206 -0.015  0.047  0.052  0.000 -0.039 -0.072  0.017 -0.022  0.054  0.011 -0.024  0.030  0.022  0.132  0.037 -0.006 -0.124  0.043  0.000
I        0.035 -0.122 -0.016 -0.023 -0.069  0.000 -0.049 -0.013 -0.010 -0.032  0.101 -0.058  0.082 -0.022 -0.008 -0.020 -0.027  0.021 -0.124 -0.167  0.083
K       -0.019 -0.056  0.048  0.030 -0.074  0.000 -0.021 -0.029  0.003 -0.009 -0.008  0.015  0.014  0.005  0.002 -0.008 -0.054 -0.072 -0.026  0.018  0.117
L        0.041 -0.037 -0.051 -0.004 -0.135  0.000 -0.048 -0.007 -0.019  0.005  0.022 -0.055  0.017 -0.002 -0.001 -0.039 -0.064 -0.030 -0.077 -0.039 -0.005
M        0.016 -0.112 -0.033 -0.070 -0.165  0.000 -0.099  0.005 -0.019 -0.015  0.070 -0.041  0.054 -0.031 -0.041 -0.031 -0.030 -0.056 -0.061 -0.162 -0.053
N        0.023  0.104 -0.004 -0.016  0.042  0.000  0.001 -0.053 -0.024 -0.029  0.014 -0.012  0.056 -0.081 -0.010 -0.094 -0.113  0.028 -0.062  0.007  0.101
P        0.132  0.252  0.000  0.199  0.093  0.000  0.000  0.000  0.155  0.192  0.000  0.000  0.000  0.256  0.098  0.211  0.270  0.171  0.000  0.306  0.000
Q       -0.035 -0.000  0.014 -0.001 -0.021  0.000 -0.028 -0.057 -0.049 -0.041  0.006  0.026 -0.030 -0.034 -0.072  0.005 -0.061 -0.091 -0.024 -0.056 -0.004
R       -0.017 -0.182  0.033 -0.022 -0.060  0.000 -0.043 -0.016 -0.019 -0.019 -0.150 -0.087 -0.004 -0.019 -0.071  0.009 -0.038 -0.065  0.029 -0.030 -0.081
S       -0.029 -0.015  0.020 -0.011 -0.054  0.000  0.088 -0.059  0.015 -0.021 -0.081 -0.016 -0.065 -0.027 -0.009  0.015 -0.023 -0.030  0.076  0.033 -0.141
T       -0.018  0.067  0.059 -0.032  0.004  0.000 -0.148 -0.077  0.013 -0.071  0.011 -0.051  0.050  0.034 -0.115 -0.088  0.106 -0.026  0.030 -0.014 -0.033
V        0.008 -0.059 -0.014 -0.033  0.004  0.000  0.129 -0.026 -0.008 -0.007 -0.007 -0.090 -0.007 -0.025  0.016 -0.040 -0.044  0.019 -0.017  0.012 -0.166
W        0.043  0.000 -0.010 -0.002  0.052  0.000  0.119  0.028  0.029  0.058  0.018 -0.045  0.038 -0.053  0.025  0.055  0.004 -0.103  0.171  0.044  0.000
Y        0.040  0.048  0.052 -0.009 -0.016  0.000  0.129 -0.078  0.020  0.022 -0.014 -0.018  0.092  0.025  0.022  0.033 -0.079 -0.083 -0.076 -0.152  0.215
X        0.046  0.000 -0.020  0.043  0.000  0.000  0.030  0.044  0.019  0.020  0.202 -0.052  0.069 -0.007  0.078 -0.076 -0.008 -0.220 -0.296  0.014  0.000
