i-1/i     A      C      D      E      F      G      H      I      K      L      M      N      P      Q      R      S      T      V      W      Y      X
A        0.051 -0.046  0.009  0.019 -0.042  0.000  0.012 -0.059  0.035  0.023  0.006  0.021  0.130  0.019  0.024 -0.017 -0.034 -0.019 -0.080  0.004 -0.074
C       -0.004  0.079 -0.032 -0.051  0.025  0.000 -0.221 -0.062 -0.028 -0.015  0.091 -0.018  0.109  0.006 -0.070  0.028 -0.046 -0.088 -0.080 -0.120  0.000
D        0.075  0.238  0.061  0.043 -0.017  0.000  0.050  0.014  0.084  0.031  0.072  0.059  0.056  0.058  0.017  0.010 -0.011  0.084 -0.005  0.072  0.218
E        0.036 -0.054  0.038  0.045  0.041  0.000  0.051 -0.008  0.068  0.059  0.040  0.044  0.018  0.033  0.071  0.022  0.026  0.025  0.021  0.058  0.030
F       -0.077 -0.089 -0.068 -0.094 -0.008  0.000 -0.109 -0.175 -0.097 -0.147 -0.143 -0.137 -0.184 -0.160 -0.119 -0.025 -0.121 -0.112 -0.125 -0.102 -0.025
G        0.142  0.058  0.043  0.061  0.038  0.000  0.139  0.094  0.085  0.074  0.013 -0.039  0.074  0.096  0.100  0.141  0.030  0.076  0.020  0.019  0.231
H       -0.021 -0.073  0.000 -0.012 -0.001  0.000  0.021 -0.028 -0.079 -0.042  0.029 -0.077  0.000  0.083  0.023  0.005  0.099  0.023  0.068 -0.041 -0.120
I       -0.029 -0.077 -0.017 -0.053 -0.002  0.000 -0.003 -0.128 -0.034 -0.028  0.008 -0.019  0.078 -0.059 -0.035 -0.025 -0.001 -0.083  0.053 -0.077 -0.205
K        0.072  0.114  0.021  0.045  0.113  0.000  0.118 -0.038  0.075  0.046  0.067  0.060  0.128  0.073  0.093  0.046 -0.002  0.059  0.058  0.176 -0.146
L       -0.013 -0.096 -0.031 -0.034  0.013  0.000 -0.067 -0.037 -0.019 -0.029  0.003 -0.019 -0.023 -0.012 -0.009 -0.012 -0.012 -0.045 -0.068 -0.003  0.065
M       -0.021  0.171 -0.009 -0.059  0.058  0.000 -0.004  0.100  0.035 -0.012 -0.019 -0.051  0.007 -0.053  0.022  0.040  0.044  0.008 -0.118  0.186 -0.066
N        0.074  0.067  0.032  0.091  0.051  0.000  0.026  0.061  0.052  0.068  0.047  0.066  0.000  0.072  0.101  0.047 -0.022  0.119  0.075  0.112  0.301
P        0.108  0.278 -0.022  0.053  0.048  0.000  0.018  0.062  0.095  0.127  0.034  0.030  0.056  0.108  0.011  0.044  0.018  0.085  0.142  0.040 -0.172
Q        0.038  0.115  0.014  0.045  0.106  0.000  0.101  0.029  0.062  0.028 -0.014  0.002  0.117  0.051  0.050  0.005  0.024 -0.002 -0.043  0.092  0.098
R        0.072  0.162  0.015  0.026  0.197  0.000  0.022  0.054  0.074  0.066  0.036  0.087  0.070  0.049  0.083 -0.018 -0.021  0.045 -0.011  0.041  0.219
S        0.100 -0.021  0.069  0.094 -0.049  0.000  0.002  0.110  0.105  0.082  0.132  0.073 -0.055  0.121  0.118  0.103  0.122  0.089  0.178  0.061  0.073
T        0.012 -0.115  0.024  0.035  0.102  0.000  0.077 -0.015  0.034 -0.019  0.005  0.007  0.017 -0.033  0.084  0.027  0.128  0.061  0.026  0.067  0.089
V       -0.015  0.009 -0.036 -0.063 -0.088  0.000  0.053 -0.060 -0.070 -0.029  0.023 -0.073  0.127 -0.045 -0.064 -0.040 -0.043 -0.057 -0.043 -0.109  0.065
W       -0.099 -0.316 -0.079 -0.128 -0.187  0.000  0.000 -0.216 -0.178 -0.261 -0.211  0.000 -0.178 -0.182 -0.138 -0.095 -0.070 -0.254  0.204 -0.171  0.000
Y       -0.093 -0.107 -0.067 -0.131 -0.030  0.000 -0.135 -0.108 -0.171 -0.147 -0.074 -0.100 -0.168 -0.100 -0.069 -0.047 -0.252 -0.165  0.092 -0.030 -0.129
X       -0.069  0.000 -0.133  0.018 -0.172  0.000 -0.039 -0.241  0.104 -0.017  0.180 -0.120  0.000 -0.150  0.073  0.041  0.079 -0.010  0.000 -0.028  0.156
