i-1/i     A      C      D      E      F      G      H      I      K      L      M      N      P      Q      R      S      T      V      W      Y      X
A        0.048 -0.150 -0.042  0.036  0.044  0.083 -0.142  0.131  0.066  0.036  0.120  0.205  0.000  0.080  0.134  0.097  0.047 -0.037 -0.185 -0.074  0.166
C       -0.027  0.132  0.071  0.135  0.190  0.483  0.319  0.225 -0.009  0.113  0.196 -0.146  0.000 -0.208  0.029 -0.167  0.111  0.256 -0.024  0.280  0.000
D        0.097 -0.101  0.196  0.090  0.068  0.231  0.160  0.009  0.058  0.036 -0.032  0.155  0.000  0.019  0.024  0.187  0.168  0.084 -0.231 -0.014  0.366
E        0.019  0.281  0.093  0.134 -0.106  0.178  0.062  0.059  0.060  0.048 -0.069  0.161  0.000  0.141  0.126  0.088  0.122 -0.043 -0.048  0.172 -0.044
F        0.040 -0.052 -0.143  0.001  0.036  0.127 -0.037 -0.083  0.155 -0.012  0.035 -0.186  0.000  0.157 -0.012  0.200  0.034  0.120  0.155 -0.016 -0.168
G        0.058  0.000  0.117  0.117  0.135  0.123 -0.025  0.201  0.098  0.067  0.035  0.108  0.000  0.213  0.056  0.067  0.062  0.004  0.430  0.399  0.000
H       -0.090  0.313 -0.121  0.085 -0.076  0.018  0.181  0.049  0.069 -0.061  0.106  0.082  0.000  0.032  0.033  0.312  0.092 -0.068 -0.366  0.038 -0.435
I        0.044 -0.068 -0.126 -0.100 -0.024 -0.008  0.108 -0.046 -0.012  0.009  0.099 -0.063  0.000  0.002  0.019  0.069  0.013 -0.007  0.057  0.103 -0.117
K        0.117  0.085  0.095  0.070  0.287  0.046  0.202  0.131  0.146  0.141  0.172  0.046  0.000  0.015  0.142  0.160  0.019  0.131  0.189  0.086  0.172
L        0.080  0.020 -0.090 -0.140  0.110  0.201 -0.012  0.019  0.018  0.036 -0.026  0.064  0.000  0.074  0.021 -0.005  0.024  0.069  0.177  0.000 -0.050
M       -0.015 -0.174 -0.462  0.062  0.143  0.017 -0.048  0.128  0.071  0.199  0.064 -0.307  0.000 -0.215 -0.045  0.038  0.095  0.112  0.072  0.015  0.091
N        0.013  0.095  0.299  0.018 -0.064  0.117  0.027  0.032  0.087 -0.005 -0.100  0.236  0.000  0.163  0.148 -0.030  0.068  0.107  0.046 -0.059  0.000
P       -0.117  0.086  0.016 -0.241  0.000  0.000  0.000  0.000 -0.014  0.282  0.000 -0.063  0.000  0.007 -0.350 -0.148 -0.243 -0.190  0.000  0.000  0.000
Q        0.085 -0.533  0.083  0.096  0.204 -0.076  0.011  0.086  0.061  0.099  0.090  0.042  0.000  0.005 -0.005 -0.000  0.081  0.022  0.098 -0.005  0.000
R        0.085  0.179  0.106  0.155  0.153  0.233  0.070  0.184  0.063  0.092 -0.048  0.163  0.000  0.050  0.080  0.010  0.070  0.012 -0.091  0.140  0.000
S        0.188  0.039  0.071  0.218  0.025  0.035  0.134  0.011  0.175  0.116  0.079  0.026  0.000  0.110  0.110  0.126  0.003 -0.013  0.245  0.159  0.000
T        0.110 -0.012 -0.083  0.054  0.155 -0.054  0.095  0.107  0.192  0.130  0.034  0.271  0.000 -0.039  0.191  0.004  0.192  0.159  0.265 -0.264 -0.039
V        0.032  0.124 -0.034 -0.094  0.040  0.105  0.285  0.012  0.009  0.088  0.181  0.022  0.000  0.173  0.048  0.075  0.140  0.169 -0.035  0.093  0.247
W        0.082 -0.322 -0.099 -0.159  0.490  0.029 -0.135  0.143 -0.106  0.054  0.126 -0.077  0.000 -0.091 -0.157  0.208 -0.241 -0.021  0.335 -0.315 -0.141
Y        0.047  0.455 -0.167  0.003  0.064  0.090  0.147  0.073 -0.025  0.079  0.103  0.277  0.000  0.147  0.032  0.087  0.091  0.012  0.174 -0.171  0.000
X        0.287  0.044  0.281 -0.327 -0.415  0.000  0.000  0.378  0.186 -0.212  0.000  0.270  0.000  0.159  0.000 -0.265  0.145  0.294 -0.465 -0.265 -0.358
