i-1/i     A      C      D      E      F      G      H      I      K      L      M      N      P      Q      R      S      T      V      W      Y      X
A        0.030 -0.067  0.067 -0.017  0.058  0.018 -0.035  0.043  0.112  0.071  0.100  0.132  0.000  0.051  0.122  0.012  0.104  0.059  0.084  0.100  0.078
C       -0.007  0.050 -0.158  0.135  0.075  0.439  0.196 -0.049 -0.005  0.088  0.014 -0.019  0.000 -0.005  0.186  0.281  0.198  0.065  0.021  0.162  0.000
D        0.185 -0.108  0.127  0.274  0.122  0.148  0.337  0.084  0.201  0.043  0.253  0.226  0.000  0.194  0.104  0.139  0.209  0.074  0.049  0.105 -0.427
E        0.145 -0.043  0.110  0.254  0.103  0.114  0.188  0.020  0.182  0.100  0.167  0.171  0.000  0.185  0.165  0.142  0.015  0.153  0.154  0.104  0.072
F       -0.085 -0.122 -0.004 -0.125 -0.071  0.052 -0.190 -0.141 -0.150 -0.170 -0.088  0.051  0.000  0.008 -0.166 -0.121 -0.009 -0.091 -0.068 -0.154 -0.243
G        0.177 -0.310  0.225  0.262  0.256  0.373  0.558  0.135  0.210  0.189  0.330  0.165  0.000  0.266  0.112  0.172  0.099  0.286  0.263  0.156  0.000
H        0.166 -0.115  0.153  0.091 -0.044 -0.256  0.211  0.119 -0.032  0.112  0.143  0.038  0.000  0.220  0.019  0.033  0.004  0.110  0.420  0.078 -0.409
I       -0.122  0.045 -0.221 -0.262 -0.191 -0.076 -0.223 -0.195 -0.203 -0.203 -0.154 -0.150  0.000 -0.185 -0.161 -0.139 -0.117 -0.156 -0.119 -0.147  0.461
K        0.103  0.057  0.085  0.007  0.157  0.044  0.065  0.106  0.090  0.121  0.056  0.139  0.000  0.082  0.103  0.009  0.089  0.031 -0.004  0.062  0.305
L       -0.114 -0.082 -0.134 -0.188 -0.074 -0.068 -0.049 -0.141 -0.169 -0.130 -0.196 -0.060  0.000 -0.142 -0.168 -0.119 -0.029 -0.183 -0.079 -0.140 -0.021
M       -0.070 -0.061 -0.067 -0.128  0.093 -0.088 -0.079 -0.147 -0.093 -0.125 -0.060  0.157  0.000 -0.228 -0.052 -0.058 -0.069 -0.090 -0.037 -0.001 -0.269
N        0.201  0.237  0.251  0.156  0.146  0.275  0.142  0.125  0.133  0.130  0.250  0.213  0.000  0.228  0.069  0.252  0.072  0.281  0.002  0.248 -0.096
P        0.054 -0.088  0.237  0.068  0.179  0.000  0.000  0.241  0.325  0.215 -0.263  0.000  0.000 -0.143  0.000  0.315  0.317  0.254  0.276  0.301  0.000
Q       -0.007  0.016  0.169  0.062  0.195 -0.001  0.146  0.040  0.118  0.069  0.038  0.084  0.000  0.010  0.040  0.118  0.008  0.054  0.286  0.061 -0.073
R        0.058  0.072  0.011 -0.026  0.105  0.056  0.134  0.056 -0.012  0.036  0.179  0.012  0.000 -0.004  0.063  0.031  0.056 -0.007 -0.205  0.096  0.032
S        0.247  0.073  0.272  0.260  0.219  0.176 -0.001  0.145  0.210  0.145  0.154  0.268  0.000  0.244  0.157  0.132  0.135  0.186  0.071  0.159  0.206
T        0.162  0.206  0.054  0.237  0.070  0.198  0.198  0.223  0.112  0.158  0.140  0.180  0.000  0.159  0.157  0.044  0.102  0.170  0.045  0.014  0.214
V       -0.147 -0.104 -0.221 -0.241 -0.199 -0.024 -0.168 -0.085 -0.212 -0.171 -0.169 -0.108  0.000 -0.155 -0.200 -0.103 -0.076 -0.135 -0.186 -0.193  0.061
W        0.050  0.028  0.155 -0.186 -0.267  0.001 -0.297 -0.124 -0.022  0.072  0.213  0.085  0.000 -0.080 -0.101 -0.036 -0.013 -0.209 -0.267  0.017  0.000
Y       -0.086  0.309  0.065 -0.141 -0.135 -0.132 -0.105 -0.033 -0.118 -0.087 -0.227 -0.003  0.000  0.140 -0.070  0.016  0.012 -0.140 -0.233 -0.025 -0.509
X       -0.202  0.000 -0.086 -0.143  0.048 -0.264  0.275  0.069  0.202  0.001  0.235  0.262  0.000 -0.052  0.055 -0.027 -0.035 -0.254  0.000 -0.539 -0.050
