i-1/i     A      C      D      E      F      G      H      I      K      L      M      N      P      Q      R      S      T      V      W      Y      X
A        0.031  0.027  0.052  0.110  0.150  0.034  0.165 -0.017  0.115  0.053  0.056  0.195  0.000  0.055  0.140  0.055  0.050  0.022 -0.075 -0.012  0.098
C        0.036  0.000  0.036 -0.015 -0.152 -0.200  0.288  0.204  0.055 -0.031 -0.052  0.154  0.000  0.117  0.044 -0.002  0.168 -0.211 -0.238  0.000  0.000
D        0.009 -0.235 -0.065  0.209 -0.051 -0.022  0.047  0.094  0.182  0.004  0.022 -0.197  0.000  0.105  0.097 -0.007  0.073  0.063 -0.184  0.043 -0.424
E        0.137  0.029  0.090  0.100  0.106  0.059  0.108  0.082  0.165  0.039  0.016 -0.014  0.000  0.058  0.113  0.113  0.088  0.049  0.044  0.070 -0.105
F        0.004 -0.002  0.029  0.005  0.243  0.064  0.132  0.018  0.022  0.091  0.040  0.104  0.000  0.075  0.016  0.101 -0.018  0.022  0.004  0.196 -0.067
G        0.067 -0.100 -0.011  0.023  0.063  0.272 -0.109  0.079  0.131  0.057  0.049 -0.075  0.000  0.206  0.105  0.134  0.214  0.115  0.113 -0.091  0.448
H        0.139  0.036  0.044  0.103 -0.105  0.284  0.190  0.140  0.100  0.013  0.159  0.139  0.000  0.140  0.137  0.122  0.333  0.092 -0.065  0.038  0.000
I       -0.011  0.001  0.069 -0.088  0.056  0.011 -0.078  0.132 -0.032  0.040  0.053  0.019  0.000  0.019  0.033  0.030  0.073  0.107 -0.115 -0.158 -0.223
K        0.060  0.139 -0.083 -0.060  0.065  0.086  0.005 -0.027  0.085  0.077 -0.013  0.073  0.000  0.057  0.054  0.094  0.027 -0.030 -0.025  0.019  0.039
L        0.021 -0.089  0.014 -0.021 -0.013  0.079 -0.010 -0.072  0.026 -0.009  0.061  0.111  0.000  0.014 -0.029  0.037  0.041 -0.055  0.061  0.017  0.096
M        0.158  0.084 -0.127  0.032  0.191 -0.053  0.005  0.043 -0.089  0.024  0.001  0.196  0.000  0.039 -0.020 -0.037  0.104 -0.004  0.205 -0.091  0.414
N        0.022  0.018  0.113 -0.031 -0.005 -0.068  0.257 -0.070  0.118 -0.054  0.115 -0.084  0.000  0.152 -0.040 -0.066  0.039 -0.003 -0.278 -0.036 -0.028
P        0.027 -0.074  0.152 -0.369 -0.405  0.336  0.000 -0.473 -0.119 -0.075  0.111  0.000  0.000 -0.010 -0.135 -0.448 -0.288 -0.082 -0.267  0.000  0.000
Q        0.074  0.167  0.024  0.111  0.077  0.177  0.127  0.058  0.134  0.081  0.069  0.242  0.000  0.177  0.129  0.106  0.139  0.129  0.289  0.085  0.075
R        0.041 -0.053 -0.095  0.041  0.022  0.156 -0.243  0.034  0.126  0.039  0.131  0.104  0.000  0.013  0.067  0.003 -0.032  0.003  0.092  0.003 -0.217
S        0.089 -0.006 -0.118  0.035 -0.038  0.111 -0.141  0.066 -0.054  0.081  0.095  0.172  0.000  0.182  0.020  0.002  0.143  0.061 -0.042  0.137  0.222
T        0.040  0.139  0.098  0.094  0.175  0.165  0.142  0.135  0.032  0.119  0.036  0.005  0.000  0.181  0.228  0.142  0.093  0.065  0.362  0.193  0.381
V        0.008 -0.044 -0.001  0.028 -0.035  0.119  0.075 -0.033 -0.052 -0.000  0.039  0.171  0.000  0.006 -0.030  0.052 -0.011 -0.098 -0.331 -0.012 -0.125
W        0.089  0.496  0.031 -0.161  0.191  0.383 -0.229 -0.048  0.075 -0.007  0.110  0.247  0.000 -0.036  0.138  0.229  0.020  0.315  0.311 -0.073  0.000
Y       -0.074  0.059 -0.075 -0.002 -0.065  0.004  0.391  0.086  0.063  0.127 -0.067  0.193  0.000 -0.143 -0.128 -0.018  0.043  0.112 -0.061 -0.161  0.181
X        0.058  0.000  0.254  0.052  0.000  0.218  0.297  0.325 -0.061 -0.103 -0.253  0.055  0.000 -0.342 -0.068  0.257 -0.223  0.388  0.000  0.058 -0.063
