i-1/i     A      C      D      E      F      G      H      I      K      L      M      N      P      Q      R      S      T      V      W      Y      X
A       -0.096 -0.158 -0.104 -0.115 -0.071 -0.037  0.103 -0.129 -0.046 -0.060 -0.013 -0.114  0.000 -0.030 -0.062 -0.073 -0.070 -0.068 -0.057 -0.080 -0.107
C       -0.257  0.144 -0.163 -0.131 -0.164 -0.278  0.090  0.202 -0.176  0.026  0.008 -0.078  0.000 -0.082 -0.067 -0.196  0.054 -0.096  0.346  0.583  0.000
D       -0.165 -0.015 -0.133 -0.138 -0.082 -0.034 -0.329 -0.112 -0.135 -0.187 -0.180 -0.240  0.000 -0.133 -0.165 -0.118 -0.147 -0.159 -0.061 -0.051 -0.054
E       -0.045 -0.138 -0.099 -0.165  0.092 -0.123 -0.187 -0.094 -0.112 -0.016 -0.007 -0.194  0.000 -0.148 -0.175 -0.111  0.006 -0.101  0.040 -0.071 -0.166
F        0.264  0.127  0.142  0.183  0.157  0.106  0.110  0.121  0.247  0.194  0.264  0.137  0.000  0.201  0.242  0.246  0.179  0.309 -0.075  0.369  0.319
G       -0.139 -0.428 -0.064 -0.106 -0.187  0.104 -0.463  0.038 -0.074 -0.029 -0.196  0.047  0.000 -0.240 -0.332 -0.026 -0.111  0.028  0.100 -0.079 -0.090
H        0.108  0.121  0.059 -0.100 -0.333 -0.104 -0.034  0.036 -0.074  0.074  0.064  0.014  0.000  0.063  0.216  0.157  0.108  0.069 -0.061 -0.042  0.279
I        0.028 -0.144 -0.027  0.005  0.007  0.029  0.117  0.045  0.022  0.005  0.025  0.037  0.000  0.092  0.040 -0.026  0.049  0.050  0.116  0.123 -0.063
K       -0.107 -0.280 -0.152 -0.138 -0.107 -0.174 -0.213 -0.049 -0.233 -0.128 -0.129 -0.154  0.000 -0.127 -0.210 -0.109 -0.169 -0.150 -0.188 -0.199 -0.157
L        0.003  0.054  0.017 -0.033  0.061 -0.009  0.127  0.022  0.071  0.027  0.104  0.094  0.000  0.020  0.064 -0.043  0.023 -0.016  0.173  0.001  0.127
M        0.010  0.204  0.038 -0.000 -0.023 -0.071  0.156 -0.009  0.056 -0.084  0.056 -0.004  0.000 -0.013  0.009 -0.041 -0.068 -0.016 -0.054 -0.062  0.490
N       -0.028  0.035  0.057 -0.129 -0.114 -0.100 -0.129  0.118 -0.063  0.017  0.058  0.140  0.000  0.031 -0.154 -0.122  0.016  0.051 -0.063 -0.056 -0.158
P        0.020 -0.223  0.011  0.362 -0.518  0.181 -0.102  0.000 -0.161 -0.310  0.000  0.268  0.000  0.010  0.056  0.143 -0.138 -0.503 -0.538  0.000 -0.209
Q       -0.066 -0.056  0.026 -0.081 -0.048  0.035 -0.039 -0.001 -0.059  0.008  0.023 -0.014  0.000 -0.043 -0.086 -0.033  0.054 -0.036 -0.023 -0.089 -0.031
R       -0.091 -0.090 -0.057 -0.085 -0.110 -0.103 -0.191 -0.053 -0.085 -0.053 -0.009 -0.111  0.000 -0.019 -0.085 -0.147 -0.146  0.033  0.100 -0.020 -0.102
S       -0.192 -0.106 -0.108 -0.244 -0.094 -0.091 -0.142 -0.128 -0.183 -0.233 -0.237 -0.027  0.000 -0.249 -0.165 -0.179 -0.147 -0.173 -0.144 -0.155  0.086
T       -0.023 -0.148 -0.192 -0.122 -0.032 -0.159 -0.082 -0.132 -0.181 -0.088 -0.021 -0.129  0.000  0.003 -0.033 -0.193 -0.032 -0.002 -0.374 -0.039 -0.015
V        0.014  0.005  0.023 -0.004 -0.046 -0.042 -0.130 -0.002  0.043 -0.063  0.021  0.003  0.000 -0.057 -0.091 -0.029 -0.024 -0.020 -0.010  0.016 -0.084
W        0.199  0.384  0.073  0.263  0.328  0.109 -0.097  0.457  0.069  0.271  0.143  0.022  0.000 -0.009  0.120  0.180  0.297  0.247  0.563  0.232  0.000
Y        0.235  0.085  0.186  0.163  0.018  0.032  0.193  0.180  0.117  0.211  0.141  0.066  0.000  0.068  0.065  0.084 -0.053  0.089  0.160  0.197  0.000
X        0.285  0.000  0.187  0.171  0.502 -0.378  0.000  0.153  0.267  0.229 -0.155  0.352  0.000 -0.053  0.029  0.160 -0.176  0.000  0.000 -0.367  0.157
