i-1/i     A      C      D      E      F      G      H      I      K      L      M      N      P      Q      R      S      T      V      W      Y      X
A        0.416 -0.608  0.400 -0.077  0.105  0.340  0.550  0.487  0.037  0.300  0.729  1.040  7.433  0.074  0.445  0.484  0.454  0.281  0.075  0.043 -0.633
C        0.804 -0.020  0.192  0.626  0.960 -0.747  1.713  0.807  0.835  0.693  1.193  1.030  0.000 -0.633  2.389 -0.586  1.498  0.793  0.195  1.553 -1.762
D        0.079 -0.720  0.184  0.210  0.148  0.010  0.315  0.600  0.846 -0.335 -0.449  0.253  0.000  0.800  0.582 -0.036 -0.245  0.082 -1.759 -0.424  2.758
E        0.192  0.264  0.014 -0.287  0.042 -0.236  0.432  0.324  0.557  0.694  0.085  0.876  0.000  0.913  0.678  0.358  0.998 -0.096  0.039  0.764  0.000
F        0.830 -0.114 -0.557  0.670  0.362  0.931  1.648  0.481  0.752  1.043  0.760  0.952  0.000  0.830  0.725  1.138  1.485  0.999  2.294  0.601  2.556
G        0.023  0.000 -0.542 -0.256  0.499  0.468 -0.390  0.601 -0.083 -0.081 -1.452  0.120  0.000  0.025  0.108 -0.311 -1.150  0.266 -0.618  1.156  0.000
H       -0.248  0.836 -0.446  0.193  0.549 -0.068  1.143  0.536 -0.382  0.423  0.654 -0.115  4.431  1.018 -0.479  0.120  2.580  0.663 -0.150  1.377 -0.451
I        0.453  0.000  0.337  0.837  0.856  0.680  1.227  0.506  0.459  0.979  0.640  1.094  0.000  1.084  0.478  1.322  1.400  0.993 -0.236  0.865 -0.515
K       -0.407  1.606  0.193  0.106  1.101 -0.086  0.036  0.430  0.133 -0.012 -0.459  0.425  4.770 -0.326  0.592 -0.038  0.485  0.539  0.431  0.790  0.639
L        0.753  0.894  1.041  0.694  1.141  0.395  1.141  0.656  0.703  1.050  1.369  0.825 -9.698  0.946  0.827  1.180  1.942  0.974  0.782  0.565  0.358
M        1.042  1.432  0.433  0.852  1.231 -0.442  0.619  0.857  0.988  1.088 -0.268  0.866  0.000  0.086  0.183  0.435  2.058  0.699  0.843  0.448 -0.403
N       -0.070 -1.286  0.264  0.514 -0.557 -0.696  1.071  0.572 -0.042  0.719  0.506  1.268  0.000  0.142  0.424  0.045  0.832  1.061 -0.019  1.374  0.000
P        0.000 -2.153 -2.344 -1.731  0.000  0.000  0.000 -2.935 -0.203  0.874  0.000 -0.299  0.000 -1.766 -1.974 -0.265  0.000  0.842  0.000  0.000  0.000
Q        0.028  1.299  0.303  0.575  0.076 -0.134  0.261  0.110  0.373  0.417  0.284  0.119  0.000  0.519  0.244  0.055  1.003  0.704  0.476  0.616  0.348
R       -0.216  0.583  0.165  0.236 -0.469 -0.070  0.868  1.189 -0.132  0.350 -0.003  0.265  0.000 -0.262 -0.139  0.274  0.634  0.196  0.583  0.500 -1.536
S       -0.283  1.116 -0.313 -0.176  0.016  0.014  0.504  0.297  0.104  0.168  0.197  0.081  0.000  0.236  0.213  0.125 -0.078  0.010 -0.846  0.502  2.755
T        0.058  1.069 -0.037 -0.125  1.122 -0.574 -0.166  0.132  0.254  0.051  0.166  0.195  0.000 -0.796 -0.632 -0.321  0.941  0.972  0.973  0.146  2.546
V        0.382  1.072  1.205  0.666  1.710  1.438  0.806  0.200  0.698  0.763  0.439  0.776 -6.380  0.877  0.455  0.569  2.112  0.762  1.362  1.753  0.598
W        0.189 -0.674  1.134  0.866  1.518 -0.729  1.514  1.169  0.609  0.778  0.273  1.808  0.000  0.885  0.322 -0.424  2.277  1.530  0.371  0.983  1.583
Y        0.338 -0.113  0.872  0.518  0.715  0.527  0.795  0.723  0.720  0.747  0.487  1.805  0.000  0.633  1.005  0.367  1.170  0.487 -0.138  0.440  1.561
X        0.730  1.075 -0.230  0.000  1.658  0.000  0.000 -0.109  1.251  2.051  0.000 -0.928  0.000  0.271  0.000 -0.885  0.000  0.648  0.000 -0.417  1.387
