i-1/i     A      C      D      E      F      G      H      I      K      L      M      N      P      Q      R      S      T      V      W      Y      X
A       -0.033  0.796  0.153  0.243  0.195  0.152  0.097  0.450  0.204  0.036  0.056  0.895  0.000  0.427  0.200 -0.204  0.921  0.595  0.389  0.283  0.396
C        0.318  1.942  0.467 -0.107  1.153  1.412  1.350  1.182 -0.172  0.923  0.665  0.548  0.000  0.272 -1.496  1.449  0.769  0.051  1.174  0.313  0.000
D       -0.206 -1.221  0.038  0.266  0.201 -0.174  0.598  0.348  0.335  0.146  0.553 -0.301  0.000  0.477  0.295  0.590  0.229  0.660  0.107  0.306 -2.062
E       -0.026 -0.438 -0.283  0.128  0.330 -0.299 -0.290  0.310  0.347  0.256  0.117  0.004 -1.849  0.220  0.292 -0.067 -0.399  0.617  0.228  0.573  0.806
F        0.277 -0.310  0.632  0.655  0.741 -0.192 -0.623  0.216  0.326  0.224  0.823  0.757  0.000  0.384 -0.320  0.478  0.923  0.249  0.738  0.445  0.000
G        0.123 -1.930  0.060  0.283  0.461  0.287  0.115 -0.222 -0.016  0.012  0.213  0.913  0.000  0.358 -0.088 -0.157  0.118  0.197 -0.519  0.023 -1.743
H       -0.198  0.026 -0.405 -0.210  0.593 -0.560  0.046 -0.018 -0.813  0.068 -0.416  0.441  0.000 -0.592 -0.677 -0.707 -0.673 -0.684 -0.108  0.367  1.800
I        0.236 -0.333  0.308  0.145  0.521  0.225 -0.103  0.539  0.603  0.488  0.118  0.718  0.000  0.011  0.218  0.799  1.728  0.654  0.398  0.379  1.764
K        0.209 -0.468 -0.219 -0.291  0.449 -0.819  0.427  0.265 -0.019  0.144 -0.390  0.376  0.000  0.107 -0.230 -0.379  0.363  0.527 -0.359 -0.173 -1.851
L        0.158  1.419  0.496  0.436  1.239  0.551  0.758  0.813  0.196  0.591  0.937  0.716 -9.367  0.232  0.152  0.570  1.655  0.616  1.017  0.519  0.964
M        0.136 -0.897  0.843  0.217  0.874 -0.548 -0.464  0.139 -0.241  0.829  0.876  1.147  0.000 -0.543 -0.178  0.556  0.822  0.428 -0.396  1.684 -0.673
N       -0.162  1.068 -0.103 -0.255  1.212 -1.071  0.542  0.087  0.175  0.255  1.450  0.166  0.000  0.192 -0.471  0.181 -0.227  0.439  0.171  0.534  1.202
P        1.021  0.000  1.806  0.537 -0.847  0.676  0.000 -0.098  1.347  0.663  0.257  0.000  0.000  1.270  1.715  2.206  2.219  1.727  1.171  0.993  0.000
Q       -0.376  0.154 -0.171  0.033 -0.320 -0.836  0.071  0.132 -0.302 -0.037 -0.102  0.093  5.733 -0.089  0.163 -0.471  0.357 -0.330 -0.706 -0.179 -0.087
R       -0.139 -0.531  0.048 -0.330 -0.107 -0.582  1.383  0.055 -0.203 -0.114  0.058 -0.448  0.000 -0.309  0.003 -0.558  0.701 -0.002 -0.576  0.480 -1.383
S       -0.093 -0.689  0.022 -0.383 -0.207  0.008  0.528 -0.194  0.328 -0.374 -0.109  0.443  0.000 -0.489  0.300 -0.450 -0.702 -0.029 -0.868 -0.114 -0.241
T       -0.597 -1.374 -0.982 -0.107 -0.997 -0.428 -0.334 -0.486  0.030 -0.526 -0.865  0.183  0.000  0.153 -0.537  0.176 -0.361 -0.077 -0.843 -0.133  0.281
V        0.190  0.736 -0.071 -0.002  1.135  0.514  1.150  0.613 -0.087  0.383  0.296  0.377  0.000  0.476  0.208 -0.099  1.162  0.364  0.121  0.639  1.870
W        0.571  2.024  0.791  0.154  1.078 -0.808  0.270  0.669  0.052  0.661 -0.054  0.752  0.000  0.434  0.173  0.481 -1.136  0.107  0.000  0.984  0.000
Y       -0.218  2.347  0.213 -0.161  0.413  0.435  0.521  0.409 -0.241  0.163  0.568  0.098  0.000  0.846  0.408 -0.265  0.091  0.191  0.273  0.489 -2.184
X       -0.034  0.000 -0.774 -1.401  2.484  0.396  2.505  0.831  1.497  1.146  0.164  1.993  0.000  1.450  0.365  1.299  1.236 -0.572  0.000 -0.538  1.483
