i-1/i     A      C      D      E      F      G      H      I      K      L      M      N      P      Q      R      S      T      V      W      Y      X
A        0.153  0.856  0.307  0.209  0.904  0.491  0.618  0.537  0.395  0.339  0.053  0.736  0.000  0.328  0.264  0.251  1.111  0.170  0.145  0.416  0.751
C       -0.546  0.000  0.165 -0.124  1.506 -1.618  0.880 -0.207  0.059  0.805 -0.776  1.021  0.000 -0.319 -0.560  0.252  0.733 -0.352 -1.080  0.000  0.000
D        0.131 -1.331  0.231  0.808  0.961 -0.220  0.354  0.537  0.733  0.462  0.217  0.266  0.000  1.231  1.023  0.140  0.381  0.641  0.384  0.803 -1.182
E        0.465  0.761  1.134  0.787  0.559  0.636  1.235  0.349  0.988  0.447  0.589  1.073  4.359  0.808  1.226  0.801  1.691  0.549  1.136  0.565 -0.087
F       -0.399  0.365 -0.485 -0.302  0.712 -0.563  0.219 -0.257  0.071 -0.403 -0.147  0.243  0.000 -0.017 -0.175 -0.498  0.158  0.395 -1.011  0.445  0.006
G        0.528  0.095  0.420  0.092  1.049  0.900  0.365  0.663  0.359  0.349  1.164  0.577  0.000  0.314 -0.236  0.649  1.536  0.776  1.558  0.318  0.000
H        0.072  3.168  1.061  0.696  0.786  0.106  1.584  0.010  0.498  0.225 -0.204  0.482  0.000  0.499  0.382  1.291  0.439  1.140  1.400  0.001  0.000
I       -0.544 -0.990 -0.521 -0.412 -0.107 -0.603  0.327 -0.421 -0.254 -0.420  0.259  0.184 -11.363  0.014 -0.309 -0.767  0.251  0.693 -1.030  0.348  0.695
K        0.470  1.054  0.769  0.798  1.206  0.413  0.678  0.496  0.621  0.595  0.070  0.784 -2.348  0.554  0.337  0.663  1.254  0.398  0.479  0.624  2.207
L       -0.200  0.021 -0.126 -0.181 -0.754 -0.310  0.014  0.072 -0.094 -0.119  0.001  0.419  1.363 -0.051 -0.203 -0.185  0.469 -0.206 -0.263  0.398 -0.961
M       -0.816 -0.139  0.560  0.136  0.198 -0.309 -0.418  0.247 -0.050  0.332 -0.537  0.272  0.000  0.420 -0.112  0.749  0.607  0.192  1.039  0.003 -1.396
N        0.304  1.567 -0.079  0.387  0.157 -0.842  1.661 -0.205  0.712  0.533  0.643  0.269  0.000  1.133 -0.057  0.997  1.609 -0.273 -1.781  0.571  2.312
P       -1.048  0.000 -1.364 -2.054  0.686  2.525  0.000 -2.444 -0.026 -1.231 -1.425 -0.198  0.000 -1.338  0.368 -0.447  0.000 -0.614  2.351  0.000  0.000
Q        0.355  0.974  0.649  0.734  0.388  0.110  1.606  0.917  0.716  0.600  0.908  0.715  0.000  1.095  0.773  1.047  1.217  0.746  0.160  0.736 -1.322
R        0.198 -0.003  0.238  0.349  0.479  0.305  1.263  0.698  0.281  0.250  0.515  0.987  0.000  0.026  0.502  0.135  1.573  0.787 -0.238  0.971  1.945
S        0.702  1.248  1.354  0.898  0.701  0.829  0.189  0.990  0.111  0.618  0.297  1.396  0.000  1.025  0.451  0.744  0.901  0.891  0.232  0.618  0.871
T        0.407  0.869  1.067  0.508  1.099  0.259 -0.418  0.408  0.470  0.831  0.839  0.657  0.000 -0.165  0.898  1.064  0.159  0.773  1.000  1.058  0.886
V       -0.531 -2.442 -0.327 -0.315 -0.127 -0.093  0.096 -0.130 -0.480  0.022 -0.166  0.281  0.000  0.002 -0.372 -0.011  0.264  0.212 -0.054 -0.084 -0.185
W       -0.830  1.193 -0.313  0.431 -2.710  0.138  0.632  0.782  0.671 -0.356 -1.983  0.066  0.000  0.072  0.172  0.728  0.772  1.378  0.000  0.447  0.000
Y       -0.324 -1.846 -0.705 -0.190  0.035 -1.082 -0.287 -0.049 -0.472 -0.464 -0.797  0.010  0.000 -0.605 -0.277 -0.215  2.092  0.250 -1.551  0.390  0.000
X       -0.834  0.000 -0.566  1.385  0.000 -2.511 -1.159 -0.902  0.227  0.111  0.579 -0.243  0.000 -1.720 -0.451 -2.533 -0.255 -0.145 -1.339 -1.317 -1.078
