i-1/i     A      C      D      E      F      G      H      I      K      L      M      N      P      Q      R      S      T      V      W      Y      X
A       -1.465 -1.859 -1.674 -1.473 -1.530 -1.359 -1.294 -1.698 -1.671 -1.425 -1.439 -1.649  0.000 -1.360 -1.364 -1.783 -1.082 -1.472 -1.981 -0.928  0.000
C       -0.597 -0.305  0.117  0.778 -0.477 -0.164  1.704  0.530  0.651 -0.139  0.289  1.333  0.000 -0.179  0.626 -0.405 -0.912  1.462  0.641  1.916  0.000
D        0.412  1.127  0.230  0.597  1.213  0.690  0.001  0.686  0.087  0.462  0.344 -0.373  0.000  0.266  0.226 -0.036 -0.867  0.747 -0.647  0.102  1.707
E       -0.024 -0.141 -0.281 -0.100  0.568 -0.192 -0.657  0.268 -0.457  0.206  0.254 -0.643  0.000 -0.341 -0.508 -0.660  0.395  0.106  0.221  0.093  0.332
F       -0.459 -0.565 -0.326 -0.603 -0.916 -0.997 -1.043 -0.009 -0.604 -1.002 -0.845 -0.120  0.000 -0.258 -0.838 -0.362 -0.318 -0.558 -1.804 -1.139 -2.146
G        2.409  2.749  2.081  1.858  2.505  2.002  1.347  2.420  2.143  2.095  2.166  0.000  0.000  1.777  1.533  1.334  2.228  2.378  1.335  2.458  0.000
H       -0.163 -1.069 -0.685 -0.823 -2.285 -0.893 -0.572 -0.106 -0.374  0.129 -0.665 -0.144  0.000 -0.114 -0.767 -0.222 -1.152 -0.589 -0.475 -1.320  1.859
I        0.310 -0.019  0.672  0.155 -0.406  0.296  0.964  0.051  0.342 -0.602 -0.494  0.621  0.000  0.385  0.235  0.272  0.490  0.389  0.729  0.150 -0.167
K       -0.478 -0.028 -0.572 -0.644 -1.022 -0.770 -1.605 -0.288 -0.773 -0.390 -0.463 -0.665  0.000 -0.591 -0.504 -0.471 -0.576 -0.088 -1.306 -1.738  1.435
L       -0.747 -0.968 -0.742 -0.392 -1.103 -1.472 -0.157 -0.601 -0.421 -0.984 -0.393 -0.395  0.000 -0.603 -0.489 -0.711 -0.922 -0.786 -1.144 -0.792 -2.362
M       -0.246 -0.630  0.349  0.068 -1.570 -0.028  0.219 -0.348  0.013 -0.301 -0.347  0.201  0.000 -0.101 -0.281  0.020 -1.581 -0.558  0.315 -1.084  1.486
N        0.942  0.702  0.738  0.312  1.689  0.845 -0.070  0.656  0.658  1.169  1.336  0.538  0.000  0.882 -0.086  0.627  1.347  1.462  0.915  0.898  1.548
P       -2.266 -2.899  0.000 -1.929 -2.557 -1.724 -0.616 -2.033 -2.572 -2.163 -2.019 -2.075  0.000 -2.233 -2.475 -2.294 -1.602 -1.598 -0.757 -2.023 -2.400
Q       -0.144 -1.738 -0.086  0.055  0.024 -0.245 -0.265  0.320 -0.383  0.295  0.208 -0.214  0.000 -0.085 -0.457 -0.065  0.616  0.158  0.268 -0.307  0.204
R       -0.471 -1.213 -0.843 -0.942 -0.810 -0.723 -0.128 -0.186 -0.819 -0.448  0.086 -0.766  0.000 -0.869 -0.727 -0.496 -0.407  0.117 -0.180 -0.118 -2.330
S        1.995  0.000  2.168  2.013  2.777  2.791  0.000  2.094  1.851  1.998  2.183  2.192  0.000  2.032  2.131  2.030  1.134  2.177  1.791  2.634  0.000
T        1.665  1.413  1.552  1.758  1.505  1.230  1.857  1.651  2.056  1.745  0.000  2.330  0.000  2.254  1.860  1.837  1.298  2.128  1.780  2.215  0.906
V       -0.067  0.631  0.499  0.065 -0.335 -0.481 -0.518  0.216  0.145 -0.514 -0.260  0.282  0.000  0.050 -0.145 -0.098 -0.070  0.360 -0.383 -0.198  0.107
W       -1.052  0.857 -1.411 -0.595 -0.035 -2.409 -1.069  0.076 -0.468 -1.366 -0.594 -1.052  0.000 -0.114 -0.471 -0.576  0.398 -0.124  0.029 -1.529  0.000
Y       -0.947 -1.256 -0.737 -0.584 -1.411 -0.171 -0.153 -0.284 -0.559 -0.744 -0.775 -0.730  0.000 -0.664 -0.550 -1.218 -0.926 -0.149 -0.596 -0.832  0.528
X        1.069  0.000  0.000  1.860  0.000  2.654  1.679  0.000  1.963  0.814  0.619 -0.764  0.000  1.142  1.522  0.549 -0.545  0.000  0.000  1.648  0.485
