i-1/i     A      C      D      E      F      G      H      I      K      L      M      N      P      Q      R      S      T      V      W      Y      X
A        0.216 -0.172  0.053  0.224  0.697 -0.115  0.006  0.330  0.029  0.057  0.242 -0.004  0.033 -0.094  0.297 -0.062  0.276 -0.163  0.954 -0.084  0.000
C        0.000  0.000  0.358  0.088 -0.205  0.222 -0.031 -1.333  0.234 -1.172  0.000 -0.161  0.393 -0.213 -0.235 -0.694  0.533 -0.202  0.000 -1.442  0.000
D        0.128  0.822  0.020  0.129 -0.222  0.036  0.005  0.372  0.466  0.129  0.189 -0.029 -0.035  0.395  0.432  0.095 -0.043  0.152  0.698  0.026  0.959
E        0.097  0.027  0.279  0.133  0.624  0.013 -0.816  0.361  0.306  0.517  0.259 -0.100  0.146  0.064  0.240  0.222 -0.333  0.354  0.534 -0.054  0.000
F       -0.128  0.000 -0.198  0.096  0.298 -0.275 -1.057 -0.256 -0.065 -0.121  0.596 -0.131  0.101  0.064  0.031 -0.198  0.016 -0.098 -0.113  0.264  0.000
G        0.361 -0.126  0.372  0.461  0.885  0.156  0.149  0.841  0.527  0.593  0.262  0.534  0.482  0.513  0.291  0.242  0.471  0.901 -0.028  0.544  0.000
H        0.248  0.000  0.291  0.267 -0.718 -0.093  0.329 -0.463  0.091 -0.107 -0.934  0.233  0.240  0.777 -0.228 -0.178  0.339  0.214  0.000  0.158  0.000
I       -0.115 -0.615 -0.041 -0.162 -0.432  0.300 -0.552  0.479  0.331  0.066 -0.247  0.269  0.096  0.088  0.053 -0.081  0.264  0.339 -1.687  0.298  0.000
K        0.305  0.000  0.305 -0.004  0.388 -0.029  0.529  0.309  0.279  0.203  0.575  0.268 -0.106  0.653  0.475  0.187  0.130  0.271  0.158  0.832  0.694
L        0.013  0.595  0.093  0.127  0.316  0.288 -0.035  0.468  0.062  0.208 -0.023  0.121 -0.120  0.029  0.223 -0.113  0.247  0.254  1.024  0.494  0.000
M        0.472  0.000  0.202 -0.425  0.141  0.223  0.292  0.948  0.575  0.324  0.000  0.098 -0.247  0.132  0.336  0.408  0.219  0.911  0.000  0.000  0.000
N        0.366 -0.193  0.438  0.154 -0.523  0.163 -0.123 -0.063  0.167  0.340 -0.153  0.252 -0.001 -0.347  0.144  0.113  0.252  0.031 -0.087 -0.220  0.000
P       -0.875 -0.880 -1.077 -1.001 -1.467 -0.524 -0.932 -1.333 -1.092 -1.172 -1.110 -1.013 -0.726 -0.972 -1.147 -0.870 -1.145 -1.333 -1.687 -1.442 -1.886
Q        0.247  0.000  0.328  0.604  0.694 -0.031  0.097  0.508  0.228  0.374  0.457  0.384  0.075  0.203  0.261 -0.031  0.339  0.248  0.318 -0.878 -0.534
R        0.191 -0.153  0.300  0.286  0.586  0.140  0.442  0.355  0.231  0.394  0.532  0.314 -0.006  0.409  0.109  0.317  0.409  0.164 -0.853  0.251  0.000
S        0.283  0.290  0.547  0.279  0.282  0.142  0.412  0.466  0.444  0.177 -0.156  0.437  0.281  0.058  0.198  0.116  0.105  0.073  0.427 -0.125  1.430
T        0.119  0.375  0.123  0.050 -0.375  0.147  0.289  0.273  0.249  0.001  0.415  0.325 -0.073  0.281  0.542  0.055  0.194  0.443  0.753  0.409  0.000
V        0.150  0.446  0.111 -0.083  0.469  0.109 -0.225  0.463  0.065  0.337  0.226  0.028  0.055  0.139  0.414 -0.111  0.312  0.153  0.241  0.464  0.000
W        0.000  0.000 -0.726  0.159 -0.332  0.473  0.000  0.198  0.116 -0.060  0.387  0.003 -0.387 -0.173 -0.353 -0.229  0.529  0.044  0.000  1.276  0.000
Y       -0.387  0.000 -0.093 -0.081 -0.065 -0.060  0.476 -0.121  0.258  0.125  0.000 -0.205  0.081 -0.595  0.257 -0.132 -0.140  0.415  0.770 -0.909  0.000
X        0.000  0.000 -0.192  0.000  0.000  0.000  0.000  0.000 -0.302  0.000  0.000  0.000  0.000  0.000  0.070  0.172 -0.799  0.637  0.000  0.000  0.000
