i-1/i     A      C      D      E      F      G      H      I      K      L      M      N      P      Q      R      S      T      V      W      Y      X
A        0.044  0.000 -0.215 -0.105 -0.164  0.000 -0.483 -0.040 -0.164  0.136  0.662 -0.235 -0.046  0.055  0.148  0.047 -0.211  0.262  0.000 -0.456  0.000
C        0.509  0.000 -0.281  0.081  0.000  0.000  0.000  0.000 -0.314 -0.032  0.000 -0.053 -0.042 -0.582  0.167  0.062 -0.857 -0.056  0.000  0.000  0.000
D        0.199 -0.406  0.249 -0.028 -0.301  0.000 -0.941 -0.160 -0.149 -0.204 -0.158 -0.221 -0.030 -0.098  0.075 -0.014 -0.388  0.305  0.042 -0.335 -0.053
E       -0.044 -0.612 -0.118 -0.103 -0.127  0.000 -0.179 -0.224 -0.219  0.146 -0.282  0.332  0.195  0.046 -0.087 -0.039 -0.105 -0.044 -0.444 -0.104  0.000
F        0.016 -1.426  0.012  0.487  0.246  0.000  1.103  0.674  0.224 -0.336  0.304 -0.251 -0.230  0.090  0.278  0.421  0.777 -0.206  0.000  0.769  0.000
G        0.109  0.162  0.082  0.119 -0.147  0.000  0.418  0.005  0.396  0.056  0.045  0.209  0.113  0.135  0.147 -0.057 -0.332 -0.217  0.207  0.411  0.000
H        0.062 -0.275 -0.071  0.390  0.837  0.000 -0.439 -0.382 -0.354 -0.230 -0.222 -0.006 -0.169 -0.187 -0.342  0.152 -0.222 -0.089  0.000 -0.075  0.000
I       -0.291  0.000  0.262 -0.179  0.419  0.000 -0.325  0.040  0.351 -0.043 -0.301 -0.006 -0.006  0.163  0.445  0.239  0.043  0.170  1.070 -1.108  0.000
K       -0.029  0.020  0.132 -0.227  0.118  0.000  0.280  0.165 -0.011  0.324  0.438  0.109  0.070  0.409  0.128  0.053 -0.134  0.392  0.218  0.228 -0.113
L       -0.103  1.426 -0.101 -0.055 -0.731  0.000  0.168  0.006  0.158 -0.300  0.649 -0.024 -0.024 -0.196  0.031  0.195  0.408 -0.187 -0.037 -0.632  0.000
M        0.066  0.000 -0.048  0.154 -0.315  0.000 -0.057  0.331  0.106 -0.003 -0.313 -0.344  0.022  0.091 -0.017 -0.266  0.053 -0.046  0.000  0.875  0.000
N        0.153  0.048 -0.302 -0.134  0.024  0.000  0.519 -0.070 -0.313  0.277 -0.375 -0.183 -0.099  0.190 -0.176 -0.118  0.030 -0.174 -0.368 -0.309  0.000
P       -0.157 -0.028  0.039 -0.000 -0.123  0.000  0.063 -0.133 -0.009 -0.555 -0.363 -0.041 -0.124  0.135  0.017  0.032 -0.151 -0.129 -0.306  0.069  0.000
Q        0.092 -0.574  0.344  0.052 -0.049  0.000  0.499  0.035  0.077  0.280 -0.267 -0.007 -0.057 -0.194 -0.149 -0.095 -0.111  0.268  0.345  0.224  1.445
R        0.032 -0.195  0.059 -0.193  0.510  0.000  0.135  0.123 -0.113 -0.025  0.280  0.111  0.011 -0.241  0.027  0.077 -0.147  0.045 -0.851 -0.226 -3.188
S       -0.151  0.000 -0.004 -0.130  0.326  0.000 -0.076  0.550 -0.200 -0.257 -0.235  0.086 -0.089 -0.073 -0.526 -0.024 -0.269 -0.072 -0.054  0.079  2.612
T        0.179  0.031 -0.004  0.116  0.219  0.000  0.750 -0.453  0.056  0.054 -0.837 -0.205  0.137 -0.058 -0.149  0.021 -0.072 -0.049  0.396 -0.127  1.891
V        0.143  0.577 -0.007 -0.026 -0.295  0.000 -0.066  0.092 -0.088 -0.369  0.214 -0.225  0.084  0.407  0.270 -0.092  0.239 -0.137 -0.109 -0.036  0.000
W        0.321  0.000  0.512  0.427  0.737  0.000  0.000 -0.029  0.399  0.900  0.000  0.019 -0.103  0.503 -0.710  0.255  0.463  0.490  0.000  1.214  0.000
Y        0.147  0.000 -0.050  0.202  0.614  0.000 -0.138  0.550  0.255  0.407  0.000 -0.356  0.193 -0.525 -0.018  0.375  0.020  0.249  0.023  0.318  0.000
X        0.000  0.000  0.390 -0.427  0.000  0.000  0.000  0.000  0.355  0.000  0.000  0.000 -0.096  0.000  0.000  0.108  0.199  0.000  0.000  0.000  0.000
