i-1/i     A      C      D      E      F      G      H      I      K      L      M      N      P      Q      R      S      T      V      W      Y      X
A        0.006  0.242 -0.002  0.036  0.011  0.000  0.026  0.024  0.006  0.016  0.065  0.076  0.009  0.017  0.030 -0.005 -0.040  0.004  0.000  0.058  0.000
C       -0.119  0.000  0.000  0.000  0.000  0.000  0.000  0.000  0.000 -0.100 -0.041  0.156  0.021  0.000  0.000  0.014  0.086 -0.002  0.000  0.000  0.000
D        0.010  0.185 -0.034 -0.028 -0.087  0.000  0.059 -0.125  0.009  0.011  0.084  0.008 -0.023 -0.024 -0.004 -0.064  0.014 -0.009  0.089 -0.117  0.000
E        0.019  0.000  0.023  0.019  0.328  0.000 -0.138  0.008  0.013  0.083 -0.018 -0.088  0.015 -0.041 -0.002 -0.001  0.020  0.043  0.092  0.017 -0.043
F       -0.102 -0.051 -0.018 -0.025 -0.024  0.000  0.000  0.163  0.010 -0.038  0.000  0.058 -0.068 -0.083 -0.066  0.024  0.056  0.117 -0.086  0.000  0.000
G        0.001 -0.162 -0.007  0.016  0.053  0.000 -0.003 -0.041  0.057 -0.012 -0.015  0.051  0.004 -0.001  0.026  0.023 -0.040 -0.033 -0.176 -0.040  0.060
H       -0.014  0.000  0.045 -0.065 -0.014  0.000 -0.059  0.131 -0.027  0.008 -0.028  0.013 -0.053  0.001  0.048 -0.007 -0.021  0.066  0.000  0.109  0.000
I       -0.047  0.000  0.029 -0.035 -0.232  0.000  0.106  0.006 -0.008 -0.019  0.025 -0.081 -0.064 -0.027  0.031  0.092  0.002  0.013  0.000  0.235  0.000
K        0.003  0.000  0.001  0.010 -0.012  0.000  0.055 -0.034  0.018 -0.037 -0.015  0.036 -0.005 -0.006 -0.023  0.034 -0.012 -0.047  0.274  0.098  0.000
L        0.043  0.000  0.008  0.001  0.077  0.000  0.050  0.022 -0.000  0.072  0.005 -0.072  0.010  0.024  0.011 -0.008  0.079  0.020  0.165  0.233  0.000
M        0.019 -0.115  0.011  0.040 -0.190  0.000  0.147 -0.062  0.044 -0.044 -0.079  0.006  0.057 -0.036 -0.010 -0.037 -0.032  0.013  0.000 -0.054  0.000
N       -0.007  0.000 -0.003 -0.034 -0.160  0.000 -0.014 -0.025  0.003 -0.021 -0.068  0.045 -0.014 -0.010  0.052 -0.030  0.074 -0.015  0.125 -0.042  0.000
P        0.000  0.128 -0.004  0.012 -0.209  0.000  0.114 -0.127  0.018 -0.025  0.125  0.018 -0.007  0.029 -0.003  0.002  0.032 -0.045  0.000  0.016  0.000
Q        0.063  0.000 -0.027  0.036  0.011  0.000  0.127  0.026 -0.011 -0.075  0.027 -0.017  0.091  0.023 -0.003 -0.017 -0.007  0.021 -0.305  0.042  0.000
R        0.014  0.245  0.023  0.013  0.100  0.000 -0.019  0.056 -0.005 -0.014  0.166 -0.026 -0.021  0.018 -0.014  0.010  0.032  0.035 -0.057  0.040  0.000
S        0.023  0.033 -0.005 -0.019 -0.048  0.000  0.019 -0.059  0.009 -0.021  0.025  0.021  0.036  0.009  0.010  0.023 -0.042  0.017 -0.018 -0.048  0.000
T        0.013 -0.027  0.010 -0.016  0.046  0.000 -0.037  0.118  0.006  0.058 -0.035 -0.036  0.014  0.081 -0.054  0.019 -0.015  0.051 -0.072 -0.150 -0.047
V       -0.027 -0.248  0.015 -0.043 -0.000  0.000  0.022  0.073 -0.030  0.049 -0.063  0.005 -0.017 -0.024 -0.004 -0.011 -0.013 -0.053  0.097  0.083  0.000
W        0.000  0.000 -0.135 -0.134  0.000  0.000  0.000  0.258  0.037  0.000  0.000  0.000 -0.043  0.000  0.000  0.011  0.000 -0.060  0.000  0.000  0.000
Y       -0.163  0.000 -0.115 -0.058  0.208  0.000 -0.146  0.098 -0.080  0.120  0.099 -0.110 -0.024  0.122 -0.029 -0.013 -0.068 -0.051  0.078 -0.229  0.000
X        0.000  0.000  0.000 -0.059  0.000  0.000  0.000  0.000  0.000  0.000  0.000  0.000  0.000  0.000  0.000  0.000  0.000 -0.050  0.000 -0.009  0.000
