i-1/i     A      C      D      E      F      G      H      I      K      L      M      N      P      Q      R      S      T      V      W      Y      X
A       -0.035 -0.075 -0.027 -0.045 -0.100  0.000  0.023 -0.007 -0.042 -0.056 -0.075 -0.031 -0.038 -0.017 -0.046 -0.058 -0.079 -0.010 -0.185  0.077  0.000
C        0.000  0.000 -0.001  0.027  0.175  0.000  0.056  0.000  0.056  0.220  0.000  0.167 -0.070  0.059  0.004  0.143 -0.021 -0.169  0.000  0.265  0.000
D       -0.032 -0.175 -0.001 -0.045 -0.062  0.000 -0.028 -0.037 -0.041 -0.028 -0.033 -0.054 -0.032 -0.046 -0.056 -0.023 -0.005 -0.057 -0.031  0.002 -0.200
E       -0.004 -0.014 -0.059 -0.004 -0.064  0.000  0.034  0.042 -0.024 -0.067  0.016 -0.036 -0.044  0.006 -0.025 -0.038  0.082 -0.033  0.059 -0.073  0.000
F       -0.051  0.000 -0.043 -0.077 -0.130  0.000  0.192  0.060 -0.058 -0.058 -0.068 -0.048 -0.048 -0.062 -0.038  0.042 -0.069 -0.005 -0.113 -0.132  0.000
G       -0.038  0.252 -0.052 -0.018 -0.201  0.000 -0.034 -0.038 -0.018 -0.060  0.024 -0.038 -0.044 -0.042  0.018  0.006 -0.028 -0.102  0.056 -0.064  0.000
H       -0.046  0.000 -0.099 -0.081 -0.012  0.000 -0.113 -0.199  0.005 -0.056 -0.122 -0.058 -0.014 -0.057 -0.044 -0.047 -0.088 -0.004  0.000 -0.226  0.000
I        0.026  0.242 -0.018 -0.018 -0.037  0.000  0.066 -0.006 -0.047  0.035  0.186 -0.077 -0.001  0.004 -0.027  0.039 -0.039 -0.013  0.264 -0.160  0.000
K       -0.061  0.000 -0.018 -0.031 -0.104  0.000 -0.035 -0.062 -0.021 -0.004 -0.043 -0.035 -0.027 -0.048 -0.057 -0.040 -0.023 -0.054 -0.076 -0.160 -0.153
L       -0.039  0.085 -0.006 -0.003  0.117  0.000 -0.056 -0.043 -0.048 -0.011 -0.124 -0.057 -0.022 -0.025 -0.017 -0.029 -0.057 -0.056 -0.100 -0.016  0.000
M        0.004  0.000  0.007  0.109 -0.175  0.000  0.027 -0.052 -0.078 -0.142  0.000  0.051  0.002 -0.011 -0.088 -0.024  0.006 -0.108  0.000  0.000  0.000
N       -0.063  0.000 -0.020 -0.034  0.099  0.000  0.070 -0.010 -0.028 -0.060 -0.013 -0.024 -0.038  0.055 -0.067 -0.041 -0.079 -0.034  0.115  0.057  0.000
P        0.163 -0.083  0.131  0.156  0.035  0.000  0.160  0.144  0.177  0.111  0.201  0.190  0.163  0.173  0.165  0.143  0.148  0.220  0.207  0.245  0.269
Q       -0.059  0.000 -0.014 -0.066 -0.179  0.000 -0.018 -0.011 -0.030 -0.028 -0.033 -0.037 -0.017 -0.009 -0.010 -0.060 -0.052 -0.053 -0.035  0.104  0.099
R       -0.054 -0.033 -0.062 -0.041 -0.116  0.000 -0.057 -0.010 -0.046 -0.037 -0.081 -0.025  0.002 -0.048  0.011 -0.072 -0.066 -0.067 -0.254  0.027  0.000
S        0.012  0.067 -0.004  0.006 -0.006  0.000  0.052  0.014 -0.010  0.045  0.064  0.032  0.029  0.008  0.024  0.027  0.016  0.051 -0.067 -0.027 -0.085
T        0.030  0.120  0.087  0.047  0.306  0.000  0.070  0.044  0.085  0.123  0.034  0.075  0.101  0.062  0.046  0.069  0.041  0.053  0.036  0.053  0.000
V        0.015 -0.089  0.025  0.004 -0.128  0.000  0.102 -0.116  0.026  0.015  0.043  0.017  0.040  0.031 -0.007  0.008 -0.030  0.024 -0.003 -0.127  0.000
W        0.000  0.000  0.080  0.075 -0.130  0.000  0.000  0.000 -0.034 -0.087  0.000 -0.003  0.121  0.030 -0.043  0.132 -0.078 -0.194  0.000 -0.163  0.000
Y       -0.040  0.000  0.016 -0.036 -0.007  0.000 -0.078  0.258 -0.082 -0.073  0.000 -0.014 -0.043 -0.034 -0.007 -0.006 -0.110 -0.191  0.138 -0.058  0.000
X        0.000  0.000  0.153  0.000  0.000  0.000  0.000  0.000  0.019  0.000  0.000  0.000  0.000  0.000 -0.163  0.034  0.184  0.000  0.000  0.000  0.000
