i-1/i     A      C      D      E      F      G      H      I      K      L      M      N      P      Q      R      S      T      V      W      Y      X
A       -0.029  0.000 -0.058 -0.014 -0.028  0.000  0.018  0.033 -0.007  0.021  0.049 -0.022 -0.036  0.003 -0.009 -0.002 -0.044 -0.032  0.000 -0.012  0.000
C        0.100  0.000  0.025  0.000  0.000  0.000  0.000  0.000 -0.055 -0.042  0.000  0.190  0.094  0.131 -0.053  0.069 -0.040  0.032  0.000  0.000  0.000
D        0.014  0.086 -0.023  0.011 -0.157  0.000  0.021 -0.077 -0.009 -0.034  0.029  0.016 -0.045  0.059 -0.057 -0.009 -0.002  0.052  0.019 -0.102  0.162
E        0.022  0.083 -0.026  0.006 -0.017  0.000 -0.071 -0.052  0.047  0.055  0.163 -0.032 -0.006  0.002 -0.006 -0.012 -0.054 -0.046 -0.127  0.010  0.000
F       -0.057  0.000 -0.027  0.068 -0.074  0.000  0.052  0.048 -0.033  0.019 -0.087 -0.030  0.087  0.005 -0.022  0.041  0.077 -0.072  0.000  0.021  0.000
G       -0.018  0.108  0.035  0.008 -0.083  0.000  0.061  0.003  0.013 -0.001 -0.037  0.026  0.033  0.036  0.011  0.027 -0.025 -0.013  0.157 -0.008  0.000
H        0.058  0.207 -0.015 -0.087 -0.315  0.000 -0.118 -0.071 -0.070 -0.134 -0.048  0.007  0.000 -0.013 -0.065 -0.046 -0.064 -0.116  0.000  0.030  0.000
I        0.014  0.000  0.031 -0.021  0.045  0.000  0.192 -0.070  0.039  0.003  0.092  0.019 -0.035 -0.017  0.109  0.020  0.039  0.040  0.000 -0.005  0.000
K       -0.025  0.073 -0.024 -0.013 -0.067  0.000  0.019  0.087 -0.017  0.097 -0.056 -0.031 -0.028 -0.041 -0.060 -0.009 -0.031  0.016 -0.015 -0.042 -0.041
L        0.015 -0.203 -0.003 -0.049 -0.014  0.000  0.038 -0.133  0.025  0.031 -0.057 -0.018  0.052 -0.012  0.022 -0.012  0.065  0.029  0.085  0.007  0.000
M       -0.052 -0.145  0.031 -0.020 -0.047  0.000 -0.008 -0.085  0.056  0.058 -0.043 -0.032  0.033 -0.035  0.008 -0.045  0.001 -0.002  0.000  0.231  0.000
N        0.011 -0.176 -0.019  0.013  0.314  0.000 -0.059  0.047 -0.003 -0.002  0.002 -0.003  0.115  0.035 -0.019  0.022 -0.100 -0.053 -0.069 -0.126  0.000
P       -0.062 -0.086 -0.059 -0.026  0.050  0.000  0.031 -0.028 -0.034 -0.019  0.097 -0.079 -0.000 -0.037 -0.049  0.002 -0.048 -0.013  0.061  0.025  0.000
Q        0.007 -0.103 -0.000  0.000  0.055  0.000  0.034  0.086  0.024  0.067  0.046  0.139 -0.006  0.010 -0.039 -0.032  0.003  0.030  0.037  0.101 -0.096
R        0.011  0.074  0.030 -0.001  0.093  0.000 -0.003  0.038 -0.019 -0.016  0.029 -0.008 -0.003  0.021  0.011 -0.012 -0.034  0.085 -0.203  0.165 -0.261
S        0.046  0.000  0.051  0.009  0.016  0.000  0.045  0.110  0.058 -0.043  0.050  0.063  0.029  0.009  0.051  0.014 -0.000  0.044  0.054 -0.083  0.209
T        0.028  0.028  0.030  0.018  0.034  0.000 -0.006 -0.044 -0.004  0.026  0.132  0.023 -0.046  0.013  0.000  0.036  0.038 -0.002  0.057 -0.042  0.050
V        0.044 -0.137  0.043  0.028  0.049  0.000  0.026  0.061  0.012 -0.059  0.029  0.003 -0.012  0.065  0.062  0.005  0.020 -0.028 -0.101 -0.018  0.000
W        0.000  0.000  0.027  0.078 -0.091  0.000  0.000 -0.070  0.022  0.000  0.000 -0.068 -0.121 -0.073  0.180 -0.022 -0.048 -0.077  0.000  0.278  0.000
Y       -0.010  0.000 -0.008 -0.064 -0.117  0.000 -0.049 -0.030 -0.104  0.025  0.000  0.038  0.075 -0.039  0.016 -0.050 -0.039 -0.120  0.108  0.108  0.000
X        0.000  0.000 -0.011  0.039  0.000  0.000  0.000  0.000  0.062  0.000  0.000  0.000  0.085  0.066  0.000  0.105  0.187  0.000  0.000  0.000  0.000
