i-1/i     A      C      D      E      F      G      H      I      K      L      M      N      P      Q      R      S      T      V      W      Y      X
A        0.022 -0.070 -0.054  0.007  0.028 -0.005  0.141 -0.008  0.063  0.144 -0.134  0.013  0.000  0.034  0.014  0.077 -0.034 -0.034  0.092 -0.405  0.000
C       -0.106  0.000 -0.109  0.000 -0.116 -0.273  0.014 -0.142  0.412  0.000  0.139 -0.160  0.000  0.000 -0.034  0.125  0.003 -0.099  0.704  0.488  0.000
D        0.075  0.000  0.008  0.016  0.054  0.063 -0.077  0.074 -0.034 -0.040 -0.127  0.004  0.000  0.027  0.028 -0.109 -0.049  0.076  0.000  0.013  0.000
E        0.017  0.000  0.052  0.091  0.157  0.125  0.260 -0.037  0.020 -0.093  0.015  0.045  0.000 -0.036 -0.054 -0.086 -0.096 -0.065  0.204  0.059  0.028
F       -0.138  0.000  0.072 -0.307 -0.120 -0.108 -0.297 -0.558  0.017  0.032 -0.268 -0.161  0.000 -0.027  0.062 -0.132 -0.063 -0.057  0.000 -0.322  0.000
G        0.033 -0.450 -0.071  0.070 -0.053  0.049 -0.040  0.258  0.044  0.036  0.153 -0.059  0.000  0.042 -0.034  0.111  0.014  0.037  0.255  0.174  0.000
H       -0.136  0.000  0.093 -0.055  0.045  0.042  0.027  0.317  0.142  0.095  0.180 -0.158  0.000  0.000 -0.147 -0.079  0.071  0.030  0.156  0.000  0.000
I        0.037  0.000  0.009  0.060 -0.284 -0.031 -0.246 -0.045  0.008  0.123 -0.135 -0.098  0.000  0.098 -0.002 -0.056 -0.234 -0.148 -0.126  0.026 -0.222
K       -0.042  0.000 -0.007 -0.003 -0.422  0.055  0.142  0.110  0.036  0.022  0.078  0.078  0.000 -0.032 -0.015 -0.089 -0.056 -0.017 -0.105 -0.370  0.000
L        0.046 -0.061 -0.063 -0.102 -0.133 -0.035 -0.038  0.019 -0.033 -0.004  0.026  0.077  0.000  0.083  0.087 -0.048  0.013  0.017 -0.151  0.329  0.219
M       -0.009  0.000  0.223  0.103  0.000  0.199  0.317  0.156 -0.036  0.069  0.087  0.045  0.000  0.091  0.146  0.005 -0.131 -0.145 -0.220  0.346  0.000
N       -0.088  0.000  0.016  0.072 -0.123 -0.065 -0.186  0.142  0.026 -0.153  0.029 -0.039  0.000  0.049 -0.001  0.051 -0.167 -0.027 -0.010 -0.090  0.000
P       -0.074  0.108  0.047 -0.060 -0.100 -0.017  0.101 -0.056 -0.040  0.002 -0.045 -0.057  0.000 -0.114  0.072 -0.019 -0.104  0.031 -0.451 -0.040  0.068
Q       -0.054  0.000  0.033  0.067 -0.201 -0.094  0.128 -0.087 -0.047 -0.186 -0.042 -0.003  0.000  0.023  0.028 -0.154 -0.022  0.035  0.000  0.076  0.000
R        0.002  0.210 -0.061  0.072  0.083 -0.045  0.108  0.021  0.017 -0.050  0.118 -0.049  0.000 -0.033 -0.085 -0.036 -0.017  0.029 -0.303 -0.009  0.000
S        0.056 -0.185 -0.022  0.042  0.249 -0.019  0.032  0.139  0.021  0.037  0.035 -0.004  0.000  0.025 -0.000  0.059 -0.068 -0.032 -0.108 -0.228  0.000
T        0.016  0.000  0.103  0.020  0.104 -0.056 -0.080 -0.008  0.076 -0.008 -0.021  0.143  0.000  0.078  0.035 -0.030 -0.030  0.035 -0.335  0.122  0.000
V       -0.063  0.166 -0.015  0.049  0.148  0.012  0.035  0.074 -0.115 -0.035  0.038 -0.103  0.000 -0.090 -0.097 -0.063 -0.157 -0.170 -0.364 -0.158  0.303
W        0.023  0.000  0.000  0.106 -0.063 -0.103  0.000  0.000 -0.045  0.184  0.000 -0.051  0.000  0.000 -0.067 -0.071 -0.129  0.004  0.000 -0.134  0.000
Y        0.289  0.063  0.104  0.023 -0.261 -0.059 -0.343  0.105  0.139 -0.087  0.050  0.073  0.000  0.089  0.019  0.012  0.195 -0.089  0.000  0.411  0.000
X        0.104  0.000  0.000  0.069  0.000  0.130  0.000  0.000  0.000  0.430  0.000  0.000  0.000  0.000  0.000  0.000  0.139  0.000  0.000  0.000  0.000
