i-1/i     A      C      D      E      F      G      H      I      K      L      M      N      P      Q      R      S      T      V      W      Y      X
A       -0.030  0.000 -0.013 -0.030 -0.285 -0.007  0.119  0.069 -0.029 -0.029  0.162 -0.060  0.000  0.031 -0.014 -0.125 -0.001 -0.050  0.000 -0.092  0.000
C        0.296  0.000  0.363  0.004  0.000  0.127  0.000  0.000  0.357 -0.023  0.000 -0.208  0.000  0.368  0.391  0.207 -0.182 -0.015  0.000  0.000  0.000
D       -0.131 -0.110 -0.035 -0.059  0.009 -0.074  0.119 -0.267 -0.115 -0.026  0.048 -0.003  0.000 -0.134 -0.080 -0.106 -0.088 -0.097  0.041  0.089 -0.369
E        0.033  0.218  0.102  0.046 -0.082  0.044 -0.001  0.173  0.115  0.068  0.162  0.007  0.000  0.069  0.061  0.055 -0.007  0.105  0.583  0.017  0.000
F        0.000  0.095  0.091 -0.150 -0.232  0.012 -0.317  0.085 -0.143 -0.218 -0.290  0.097  0.000 -0.362 -0.073 -0.064  0.500  0.017  0.000 -0.084  0.000
G       -0.105 -0.463 -0.117 -0.210 -0.217 -0.027 -0.179 -0.214 -0.094 -0.145 -0.135 -0.102  0.000 -0.163 -0.174 -0.125 -0.179 -0.180 -0.200 -0.069  0.000
H        0.025  0.043 -0.288  0.200  0.636  0.033  0.079  0.203  0.062 -0.013  0.039 -0.125  0.000  0.084  0.097 -0.094 -0.166 -0.281  0.000 -0.041  0.000
I        0.047  0.000  0.015  0.145  0.106  0.054  0.017 -0.095  0.195  0.151  0.128  0.093  0.000  0.118  0.094  0.130 -0.071  0.122  0.160  0.395  0.000
K       -0.014  0.376  0.018  0.036 -0.029  0.063 -0.163  0.141  0.051  0.043 -0.025 -0.074  0.000  0.018 -0.017 -0.073 -0.089 -0.057  0.301 -0.128  0.088
L       -0.016  0.290 -0.021 -0.033 -0.071 -0.119  0.170 -0.411 -0.015  0.041  0.004  0.048  0.000 -0.035  0.015  0.005  0.287 -0.141 -0.151 -0.102  0.000
M        0.013  0.342  0.052  0.102  0.071  0.073 -0.000 -0.246 -0.054 -0.040 -0.166 -0.124  0.000 -0.077  0.072  0.047  0.043  0.139 -0.056 -0.568  0.000
N       -0.137 -0.145  0.020  0.031  0.193 -0.010 -0.145 -0.016 -0.104 -0.058 -0.053 -0.051  0.000 -0.108 -0.150 -0.035 -0.320 -0.031 -0.165 -0.036  0.000
P        0.131 -0.265  0.003  0.139 -0.187  0.144 -0.090  0.210  0.136  0.221  0.124  0.208  0.000  0.151  0.130  0.160  0.114  0.115 -0.108  0.119  0.000
Q        0.016  0.557 -0.023  0.140 -0.024  0.021  0.012  0.105  0.080 -0.070  0.049  0.177  0.000  0.059 -0.113 -0.086 -0.088  0.031  0.190  0.077  0.079
R        0.017  0.000  0.051  0.096 -0.017 -0.004  0.125  0.203 -0.025  0.043  0.070 -0.027  0.000 -0.087  0.010  0.048 -0.013 -0.018  0.122  0.081  0.430
S        0.070  0.000 -0.006  0.111 -0.280  0.008  0.117  0.087  0.078 -0.025  0.067  0.027  0.000  0.039  0.099  0.053  0.005  0.061 -0.203 -0.061  0.264
T        0.054 -0.066  0.014  0.134 -0.134  0.002  0.098  0.136  0.058  0.138  0.043 -0.023  0.000  0.078 -0.022 -0.005 -0.123  0.035  0.029  0.155 -0.036
V        0.117 -0.171  0.115  0.077  0.247  0.066  0.283  0.228  0.132  0.209 -0.000  0.161  0.000  0.134  0.164  0.108  0.070  0.183 -0.115  0.568  0.000
W        0.161  0.000 -0.080 -0.307 -0.579 -0.072  0.000 -0.484  0.073  0.000  0.000  0.118  0.000 -0.214  0.378  0.174 -0.128  0.402  0.000 -0.328  0.000
Y        0.052  0.000  0.057 -0.242 -0.262 -0.256 -0.111 -0.305 -0.303 -0.168  0.025 -0.230  0.000  0.143 -0.293 -0.090 -0.005 -0.322  0.023  0.454  0.000
X        0.000  0.000  0.136  0.305  0.000  0.000  0.000  0.000 -0.412  0.000  0.000  0.000  0.000  0.000  0.000  0.110  0.370  0.000  0.000  0.000  0.000
