i-1/i     A      C      D      E      F      G      H      I      K      L      M      N      P      Q      R      S      T      V      W      Y      X
A       -0.170 -2.592 -0.369 -0.197 -1.020 -0.424 -0.674  0.310 -0.272  0.102 -0.573  0.255  0.000 -0.331 -0.304 -0.107  0.143  0.336 -1.249  0.247  0.000
C        0.585  0.000  0.000  1.456  0.000 -0.161  0.000  0.000  0.000  2.823  1.822 -2.734  0.000  0.000  0.000  1.441  1.163 -0.241  0.000  0.000  0.000
D       -1.113 -0.703  0.866 -0.233 -0.692  0.082 -0.116  0.145  0.081 -0.771  0.467 -0.742  0.000  0.339 -1.270  0.062  0.818  0.348  2.807 -0.905  0.000
E        0.035  0.000  0.069 -0.101  0.057 -0.762  1.683  0.111  0.949  0.989 -1.206  0.655  0.000 -1.569 -0.447  0.063  0.229  0.688  0.609  0.224  0.797
F        0.369  1.191 -0.725 -0.228  1.672 -0.937  2.374 -0.657 -1.802  0.129  2.158 -0.226  0.000 -0.215 -0.655 -0.282 -0.544  1.531  1.874  0.000  0.000
G        0.149 -0.644  0.313  0.256 -0.947  0.390 -0.392 -0.276  0.399 -0.397  0.377 -0.832  0.000 -0.320  0.007  0.095  0.344  0.169  0.654 -0.797  0.255
H        0.780  0.000  0.137  0.526 -2.139 -0.483  0.366  1.823 -0.749 -0.464  1.723 -0.124  0.000  0.296 -0.294  0.471 -0.543 -0.494  0.000 -0.884  0.000
I        0.220 -0.689 -0.147  1.092  2.488  0.378  1.005  0.687 -0.193  1.524 -0.692  1.441  0.000  2.607 -0.316  0.454 -0.785 -1.193  0.000  1.236  0.000
K        0.366  0.000  0.179  0.875 -0.012  0.662  1.420 -0.229  0.364  0.558  0.212  0.912  0.000 -0.378  1.068  0.393  0.070 -0.241  1.116 -0.687  0.000
L       -0.231  0.000  0.338 -0.468 -1.317  0.045 -0.218  0.806 -0.754 -0.301 -0.130 -0.602  0.000  1.536 -0.884 -1.067 -0.268  0.421  3.508 -0.886  0.000
M        0.682 -3.498 -0.462 -0.204  1.196  0.381 -0.609 -0.039 -0.717  0.423  0.307 -0.719  0.000  0.512  1.870 -0.246 -0.036 -0.315  0.000  1.235  0.000
N       -0.048  0.000  0.440 -0.474 -1.139  0.245 -0.516 -0.027  0.272 -0.848 -0.220 -0.098  0.000  0.748  0.343  0.413  0.076 -1.062  0.585 -0.909  0.000
P       -0.177  0.958  0.132 -0.103 -0.263  0.058  1.585  1.116 -0.063  0.789  0.971  0.523  0.000  0.282  0.701  0.444 -0.422 -0.522  0.000  1.327  0.000
Q        0.527  0.000  0.047  0.406  1.067  0.244 -1.489 -0.711 -0.449  0.546  1.624  0.897  0.000  0.414  0.734  0.417 -0.272  1.033  0.038  1.407  0.000
R        0.047 -1.185  1.178  0.351 -0.332 -0.025 -0.973  0.360  0.571  0.963 -0.381  1.279  0.000  0.362  0.598  0.308 -0.176 -0.052  2.885  1.156  0.000
S       -0.061 -1.742 -0.125 -0.656 -1.321  0.715 -0.621  0.490 -0.501 -0.043 -0.494  0.376  0.000 -0.257 -0.750 -0.607 -0.446  0.283 -0.917 -0.797  0.000
T        0.197 -1.190  0.190 -0.269  0.385 -0.266 -0.120  1.129 -0.090 -0.340  0.432 -0.264  0.000  0.710 -0.238  0.690  0.148  0.405 -0.201  0.524  0.845
V        1.073  3.252  0.505  0.139  2.278  0.380 -0.680  1.216  1.199  0.670  1.632  1.293  0.000  0.792 -0.051 -0.390 -0.095  1.406  1.463 -0.884  0.000
W       -1.761  0.000 -0.493  0.000 -2.507  0.000  0.000 -0.626 -1.383  0.324  0.000  0.000  0.000  0.000  0.000 -0.395  0.000  0.715  0.000  0.000  0.000
Y        0.527  0.000  0.051  0.605 -1.204 -2.030  3.109 -1.199 -0.328  0.850  2.491 -2.619  0.000 -0.715 -0.223  0.505  0.816  0.812 -3.088  2.432  0.000
X        0.000  0.000  0.000  0.956  0.000  0.000  0.000  0.000  0.000  0.000  0.000  0.000  0.000  0.000  0.000  0.000  0.000 -0.947  0.000 -0.681  0.000
