i-1/i     A      C      D      E      F      G      H      I      K      L      M      N      P      Q      R      S      T      V      W      Y      X
A        0.017 -0.799 -0.104 -0.111 -0.474 -0.178 -0.282 -0.479 -0.055 -0.032  0.379  0.024  0.129 -0.512 -0.382 -0.320 -0.517  0.136 -0.103 -0.578  1.088
C       -0.435  0.000 -0.035 -0.071 -0.762  0.323  0.000 -0.111 -0.311  0.000 -0.395  0.000  0.622  0.590  0.000  0.675  0.000  0.416 -0.730  0.000  0.000
D        0.355 -0.054  0.447 -0.656 -0.372 -0.195  0.000  0.553 -0.247  0.142 -0.180 -0.212 -0.102  0.074 -0.056 -0.132 -0.018 -0.804  0.123 -0.623  0.000
E        0.135  0.000  0.229 -0.253  0.000 -0.087 -0.095 -0.104 -0.305 -0.211 -0.268 -0.467  0.133 -0.349 -0.515 -0.104 -0.630 -0.111 -0.212 -0.342  0.000
F       -0.123  0.000 -0.727 -0.272 -0.554 -0.026  0.000 -0.682  0.106 -0.018  0.000 -0.307 -0.314  0.183 -0.691  0.000 -0.736  0.000  0.424 -0.865  0.000
G       -0.187 -0.633 -0.169 -0.400 -0.519 -0.042 -0.206 -0.185 -0.554 -0.085  0.050 -0.539 -0.080 -0.515 -0.500 -0.130 -0.302 -0.115  0.769 -0.517  0.686
H        0.092 -0.817  0.534 -0.254  0.177  0.164  0.057  0.162 -0.056 -0.030 -0.768  0.202  0.205 -0.209 -0.312 -0.593 -0.386 -0.469  0.000  0.000  0.000
I       -0.339  0.827 -0.065 -0.127  0.618 -0.159 -0.327 -0.873  0.150 -0.317 -0.618  0.255  0.100 -1.050  0.000 -0.570 -0.231 -0.421  0.000  0.201  0.000
K        0.041 -0.603  0.084 -0.644 -0.227 -0.138 -0.474 -0.185 -0.142 -0.170 -0.343 -0.224 -0.290 -0.756 -0.335 -0.035 -0.505 -0.274  0.598  0.000  0.273
L       -0.364 -0.623 -0.067 -0.212  0.000  0.212 -0.401  0.000  0.111 -0.537  0.145  0.440  0.096  0.162 -0.143 -0.404  0.000 -0.178  0.143  0.000  0.000
M       -0.112 -0.819  0.241 -0.076 -0.394  0.158 -0.510 -0.088 -0.227 -0.247 -0.505 -0.206  0.059  0.600 -0.610 -0.499 -0.051 -0.816  0.000 -0.349  0.000
N       -0.183  0.000 -0.230 -0.249 -0.557  0.061  0.078 -0.572 -0.647 -0.362 -0.219  0.160  0.307 -0.105  0.355 -0.171 -0.707 -0.604  0.500 -0.275 -0.053
P       -0.149 -0.097 -0.043 -0.333 -1.032 -0.051 -0.268  0.000 -0.594 -0.364 -0.400 -0.069  0.022 -0.679 -0.240 -0.442 -0.496 -0.434 -0.155 -0.098 -0.252
Q       -0.030  0.000 -0.117 -0.262 -1.012  0.144  0.387 -0.404 -0.789  0.362  0.382 -0.065  0.129  0.241 -0.018 -0.529 -0.267 -0.491  0.135 -0.147 -0.248
R       -0.108  0.165 -0.307 -0.478 -0.719 -0.075  0.103 -0.323 -0.123 -0.382  0.201 -0.129  0.059 -0.015 -0.406 -0.405 -0.383 -0.515  0.000 -0.421  0.000
S        0.141 -0.145  0.179 -0.402 -0.803  0.078  0.367 -0.384 -0.004 -0.094 -0.086 -0.257  0.031 -0.064 -0.213 -0.026 -0.337 -0.647 -0.562  0.322  0.391
T        0.099 -0.244 -0.295 -0.497 -0.456  0.178  0.498 -0.090 -0.617 -0.084 -0.048  0.530  0.162 -0.818 -0.196 -0.556 -0.203 -0.178  0.000  0.293 -0.331
V       -0.321 -0.213 -0.100 -0.757  0.000  0.126  0.123 -0.989 -0.725 -0.260  0.532  0.150 -0.215 -0.001 -0.389 -0.331 -0.552 -0.561 -0.573  0.073 -1.019
W       -0.039  0.000 -0.724  0.583 -1.027  0.247  0.157  0.231 -0.347  0.000 -0.671  1.192 -0.468 -1.058  0.000 -0.197  0.000  0.000  0.000  0.000  0.000
Y       -0.205 -0.292 -0.125  0.163 -0.661  0.493 -0.677  0.000 -0.610  0.261 -0.757 -0.796 -0.128  0.145  0.586 -0.365  0.289 -0.841 -0.471  0.000  0.000
X        0.608  0.000  0.463 -0.415  0.000 -0.116  0.000  1.006  0.000  0.000  0.117  0.000  0.000  0.000 -0.209  0.053  0.000 -1.063  0.000 -0.417  0.000
