i-1/i     A      C      D      E      F      G      H      I      K      L      M      N      P      Q      R      S      T      V      W      Y      X
A        0.055  0.000  0.022 -0.189 -0.288 -0.271  0.095 -0.351 -0.330 -0.058 -0.234  0.133 -0.039 -0.364 -0.397 -0.279 -0.002 -0.299  0.107 -0.702  0.568
C        0.359  0.000 -0.238  0.000  0.000 -0.093  0.207 -0.244 -0.881 -0.717  0.000 -1.263  0.556 -0.924 -0.260 -0.321 -0.723  0.496  0.000  0.000  0.000
D        0.085 -0.154  0.030 -0.425 -0.171 -0.082 -0.455 -0.528  0.444 -0.346 -0.531  0.485  0.510 -0.065 -0.255 -0.450 -0.215 -0.431 -0.127 -0.735  0.729
E        0.135 -0.384  0.014 -0.253 -0.683  0.218 -0.263 -0.370 -0.414 -0.312 -0.012  0.180  0.065 -0.559 -0.128 -0.281 -0.546 -0.554  0.178 -0.459 -0.677
F       -0.193  0.000 -0.183 -0.501  0.716  0.227 -0.544 -0.568 -0.780 -0.495  0.000  0.357 -0.004 -0.577  0.023 -0.714  0.000 -0.578  0.000 -0.045  0.000
G       -0.226 -0.502  0.169 -0.565 -0.205 -0.111 -0.083 -0.713 -0.481 -0.570 -0.207 -0.098  0.024 -0.730 -0.195 -0.111 -0.287 -0.316 -0.336 -0.525 -0.155
H        0.332  0.000  0.205 -0.881  0.727 -0.468  0.254 -0.940 -0.267  0.592 -0.000  0.407  0.666 -0.182 -0.155  0.300 -0.221 -0.735 -0.176  0.355  0.000
I       -0.392  0.000 -0.442 -0.343 -0.375 -0.170 -0.561 -0.459 -0.315 -0.002 -0.706 -0.287  0.022 -0.679 -0.416 -0.740 -0.569 -0.871  0.000 -0.648  0.000
K       -0.284 -0.396  0.051 -0.519 -0.400  0.060 -0.251 -0.585 -0.130 -0.182  0.561 -0.155 -0.220 -0.326 -0.150 -0.323 -0.381 -0.589  0.220 -0.624  1.377
L        0.024 -0.626 -0.371 -0.322 -0.632  0.352 -0.083 -0.743 -0.467  0.178  0.090 -0.388 -0.140  0.062 -0.148 -0.514  0.000 -0.682  0.737 -0.358  0.000
M        0.135  0.000  0.185 -0.517  0.000 -0.121  0.361 -0.008 -0.027 -0.426 -0.098 -0.136  0.309  0.005  0.158 -0.423 -0.202 -0.237 -0.452  0.115  0.000
N        0.080 -0.108  0.287  0.036 -0.775  0.306  0.000 -0.823 -0.463 -0.055  0.260  0.083  0.608 -0.250 -0.418 -0.148  0.262 -0.364 -0.830 -0.096 -0.360
P       -0.055 -0.454  0.169 -0.203  0.000 -0.176 -0.220 -0.017 -0.165 -0.185  0.148 -0.595 -0.187 -0.311 -0.413 -0.185 -0.487 -0.321 -0.433  0.503  0.255
Q       -0.032  0.000  0.142 -0.039 -0.510  0.081 -0.414  0.000 -0.593 -0.132 -0.207 -0.210  0.141  0.263 -0.366 -0.028 -0.423 -0.246  1.183 -0.374  0.000
R       -0.221 -0.587  0.116 -0.480 -0.691 -0.262  0.013 -0.193  0.076 -0.546  0.000  0.093 -0.161 -0.429 -0.617 -0.445 -0.099 -0.851 -0.409 -0.743  0.000
S        0.231 -0.606  0.242 -0.153 -0.921  0.175  0.058 -0.315 -0.430 -0.270 -0.218  0.368  0.126 -0.252 -0.425  0.072 -0.055 -0.471 -0.411 -0.169  0.417
T        0.190 -0.011  0.002 -0.212 -0.151  0.098  0.526  0.050 -0.231 -0.272 -0.210  0.137  0.054 -0.319 -0.321 -0.316 -0.280 -0.422  0.711 -0.267  0.448
V       -0.216  0.134 -0.381 -0.572  0.000 -0.019 -0.493 -0.666 -0.371 -0.465 -0.169 -0.463  0.159 -0.080 -0.065 -0.231 -0.560 -0.118  0.769 -0.789  0.000
W        0.000  0.000 -0.797  0.309  0.000 -0.080 -0.578  0.000 -0.620  0.000  0.666 -0.740  0.321 -0.455 -0.892 -0.270  0.000 -0.587  0.000  0.000  0.000
Y       -0.156  0.000 -0.178 -0.714 -0.445  0.290 -0.170  0.435 -0.737 -0.526 -0.457 -0.147  0.175 -0.321 -0.448 -0.384 -0.457  0.000  0.586  0.000  0.000
X        0.000  0.000  0.920 -0.482  0.000 -0.511  0.000  0.000  0.000  0.000  0.000  0.612 -0.257 -0.743 -0.185 -0.070  0.000  0.532  0.000  0.000  0.000
