i-1/i     A      C      D      E      F      G      H      I      K      L      M      N      P      Q      R      S      T      V      W      Y      X
A       -0.147 -0.024  0.386 -0.047  0.204  0.000  0.732 -0.081  0.216 -0.086  0.424  0.003  0.000  0.190  0.005 -0.053  0.184  0.005  0.000  0.109 -0.229
C       -0.000  0.000 -0.048  0.283  0.153  0.000  0.000  0.239 -0.352  0.000  0.000  0.000  0.130 -0.403  0.000 -0.413  0.000  0.000 -0.001  0.000  0.000
D        0.135  0.218  0.288 -0.198 -0.413  0.000  0.535  0.105 -0.376  0.295  0.716 -0.292  0.072 -0.135  0.019 -0.093  0.151 -0.008  0.435 -0.371  0.000
E        0.266  0.000  0.158 -0.030  0.327  0.000  0.604  0.291 -0.052  0.086  0.719  0.393  0.390  0.105 -0.078 -0.033  0.223  0.110  0.000 -0.321  0.882
F        0.304  0.000  0.422 -0.040  0.436  0.000  0.000  0.867 -0.078  0.655  0.000  0.773  0.123 -0.450 -0.052  0.325  0.265 -0.069  0.000  0.418  0.000
G        0.023  0.494  0.348 -0.063 -0.026  0.000  0.118  0.000  0.053  0.167  0.500  0.098  0.181 -0.358  0.092  0.077  0.065 -0.126  0.000  0.235  1.104
H        0.119  0.000  0.227 -0.117 -0.212  0.000 -0.114 -0.390  0.479  0.264 -0.415 -0.879  0.491 -0.063  0.054  0.101  0.138  0.013  0.000  0.521  0.000
I        0.317  0.000  0.074  0.058  0.620  0.000  0.235  0.185 -0.285  0.450  0.064  0.461  0.190  0.292  0.109  0.219 -0.098  0.007  0.000 -0.031  0.000
K        0.119  0.113  0.163  0.066  0.438  0.000  0.310 -0.011  0.147  0.231  0.904  0.195  0.038  0.008  0.268  0.032  0.092  0.152  0.000  0.472 -0.365
L       -0.010  0.000  0.166 -0.098  0.161  0.000  0.012  0.276 -0.002 -0.082  0.000  0.270  0.452 -0.056  0.015  0.048 -0.272  0.001  0.537 -0.339  0.000
M       -0.031  0.579  0.495  0.112  0.452  0.000  0.369  0.131  0.156  0.294  0.000 -0.080  0.066  0.084 -0.046  0.037 -0.043  0.170  0.000  0.248  0.000
N        0.282  0.000  0.069 -0.064  0.051  0.000  0.389 -0.228  0.011  0.112  0.007 -0.014  0.415  0.002 -0.275  0.202  0.258  0.000  0.732 -0.230 -1.673
P        0.146  0.000  0.099  0.123  0.188  0.000  0.171 -0.003 -0.001  0.457 -0.043 -0.131  0.181  0.465 -0.081  0.174  0.337 -0.136  0.667  0.466  0.000
Q       -0.052  0.000  0.088 -0.074  0.539  0.000  0.574  0.277 -0.122  0.285  0.418 -0.078  0.199 -0.039 -0.085 -0.005 -0.015  0.263  0.000  0.114  0.000
R        0.114  0.000 -0.369 -0.058  0.516  0.000  0.000  0.267 -0.059  0.069  0.231 -0.021  0.167 -0.127  0.021  0.105  0.188  0.231  0.000  0.289  0.000
S       -0.124  0.000  0.339 -0.193  0.298  0.000  0.623  0.374  0.033  0.136  0.423 -0.103  0.341 -0.175 -0.014 -0.034  0.136  0.048  0.769  0.050 -0.283
T        0.378 -0.085  0.315 -0.060  0.362  0.000  0.392  0.534  0.176  0.291  0.525  0.417  0.063 -0.082 -0.141  0.205  0.264  0.084  0.764  0.256  0.607
V        0.169  0.507 -0.241  0.313  0.421  0.000  0.245  0.488  0.192  0.295  0.217  0.264  0.027 -0.126 -0.060  0.080  0.333  0.004 -0.624  0.334  0.000
W       -0.159  0.000 -0.272 -0.357  0.000  0.000  0.182  0.071 -0.304  0.000  0.000  0.128 -0.005  0.211  0.358 -0.107  0.000 -0.163  0.000  0.000  0.000
Y       -0.285  0.000  0.540 -0.689  0.177  0.000 -0.587 -0.132  0.000 -0.277  0.721 -0.032 -0.123 -0.570 -0.378  0.316  0.104  0.235  0.000 -0.257  0.000
X       -0.186  0.000  0.000  0.438  0.000  0.000  0.000  0.000  0.000  0.209 -0.143 -0.343  0.000  0.000  0.000 -0.257  0.000  0.250  0.000  0.000  0.000
