i-1/i     A      C      D      E      F      G      H      I      K      L      M      N      P      Q      R      S      T      V      W      Y      X
A        0.175  0.411  0.035 -0.060 -0.043  0.000  0.227  0.337  0.385  0.191  0.172 -0.220  0.221 -0.216 -0.192 -0.036 -0.035 -0.272  0.000  0.047  0.000
C       -0.689  0.000 -0.043  0.215  0.515  0.000  0.000  0.000 -0.154  0.297 -0.140  0.478  0.187 -0.448  0.363 -0.014  0.025 -0.159  0.000  0.000  0.000
D        0.107  0.947  0.024  0.306  0.002  0.000  0.574  0.183  0.114  0.152  0.000  0.296  0.087  0.088 -0.009  0.213 -0.032  0.262  0.000  0.085  0.000
E        0.098  0.135  0.172  0.064  0.424  0.000  0.567  0.159  0.182  0.186  0.048  0.166  0.250  0.132 -0.119  0.050  0.129 -0.232  0.000  0.410  0.146
F       -0.140  0.000  0.116  0.035  0.387  0.000 -0.156  0.000  0.216  0.525  0.648  0.667  0.098 -0.022  0.490  0.040  0.090  0.074  0.000  0.789  0.000
G        0.205  0.627  0.065  0.026  0.373  0.000  0.131  0.131 -0.129  0.270  0.126  0.166  0.124 -0.157  0.238  0.033  0.222 -0.440  0.593 -0.229  0.000
H        0.169  0.000  0.026 -0.022  0.752  0.000 -0.067  0.725 -0.058 -0.096  0.444  0.391  0.533 -0.196  0.224  0.202 -0.197  0.285 -0.200  0.108  0.000
I        0.002 -0.072 -0.210  0.008  0.691  0.000  0.544 -0.091 -0.170 -0.455 -0.207 -0.656  0.248 -0.055 -0.165  0.053 -0.186 -0.265  0.000  0.598  0.000
K        0.250  0.849 -0.120  0.017  0.051  0.000  0.291 -0.314  0.042  0.255  0.577  0.135  0.135  0.198 -0.131 -0.090 -0.013 -0.082  0.000  0.153  0.000
L       -0.042  0.191 -0.303 -0.326  0.090  0.000 -0.185  0.138 -0.134 -0.097  0.001 -0.501  0.139 -0.050 -0.023 -0.055 -0.114 -0.541  0.756  0.511  0.000
M       -0.009  0.000  0.105 -0.332  0.281  0.000  0.166 -0.052  0.052  0.189 -0.162 -0.435  0.439 -0.404 -0.180  0.064 -0.004  0.000  0.000 -0.433  0.000
N       -0.069  0.000  0.144 -0.021 -0.552  0.000  0.390  0.490  0.146  0.067  0.245  0.037  0.244 -0.036 -0.187 -0.013 -0.099  0.269  0.617  0.462  0.317
P        0.000  0.200  0.053 -0.137  0.291  0.000 -0.138  0.182 -0.108  0.050  0.487 -0.012  0.000 -0.515 -0.569 -0.208 -0.162 -0.012  0.518 -0.075  0.950
Q       -0.006 -0.293  0.355 -0.174  0.446  0.000 -0.798 -0.446 -0.088  0.117 -0.208 -0.402  0.120 -0.033 -0.249 -0.102 -0.269 -0.158  0.000  0.529  0.000
R        0.384  0.000 -0.061  0.128  0.399  0.000 -0.095 -0.408 -0.212  0.047  0.454 -0.218  0.224  0.077 -0.172 -0.086  0.050  0.141  0.441  0.009  0.000
S        0.320  0.577  0.145 -0.134 -0.161  0.000  0.330  0.010  0.153  0.228  0.501  0.515  0.292  0.040  0.232  0.033  0.004  0.027  0.000  0.381  0.495
T        0.331  0.000  0.377  0.104  0.546  0.000  0.716  0.148  0.014  0.278  0.845  0.195  0.362  0.006  0.241  0.051  0.084 -0.026  0.554 -0.099 -0.258
V        0.181  0.755 -0.223 -0.082  0.390  0.000  0.034  0.022 -0.260  0.106  0.339 -0.521  0.069  0.010 -0.050  0.092  0.044  0.037  0.349  0.129  0.985
W       -0.169  0.000 -0.575  0.360  0.000  0.000  0.000  0.000  0.518  0.000 -0.238  0.000  0.325 -0.356  0.270 -0.027  0.191  0.413  0.000  0.520  0.000
Y        0.521  0.000 -0.365 -0.091 -0.042  0.000  0.000 -0.065  0.485  0.183  0.489 -0.041  0.258  0.004 -0.389 -0.196  0.541  0.389  0.000  0.000  0.000
X        0.602  0.000  0.437  0.000  0.000  0.000  0.000  0.000  0.759  0.000  0.000  0.805  0.294  0.000  0.000 -0.410  0.051  0.000  0.000  0.000  0.290
