i-1/i     A      C      D      E      F      G      H      I      K      L      M      N      P      Q      R      S      T      V      W      Y      X
A        0.101  0.000  0.209  0.040  0.182  0.000  0.165 -0.011  0.181  0.194  0.667  0.577  0.240 -0.012  0.020  0.123 -0.026  0.253 -0.298  0.109  0.000
C        0.165  0.000  0.629 -0.441  0.000  0.000  0.812  0.416 -0.327  0.000  0.000  0.449 -0.420 -0.071 -0.684 -0.176 -0.667  0.141  0.000  0.000  0.000
D        0.157  0.129  0.000 -0.011  0.474  0.000  0.307 -0.216 -0.083 -0.224  0.457 -0.648  0.213  0.043 -0.118 -0.023  0.176  0.088  0.346  0.495  0.000
E        0.015 -0.245  0.075  0.027 -0.271  0.000 -0.188 -0.117  0.098  0.000  0.612  0.084  0.278  0.047  0.104 -0.204 -0.163  0.064  0.000  0.357  0.000
F        0.068  0.000  0.148 -0.168  0.000  0.000  0.384  0.239  0.418  0.000  0.000  0.400  0.287 -0.030 -0.115  0.251  0.000 -0.015  0.000  0.761  0.000
G        0.258  0.522  0.173  0.104  0.163  0.000  0.377  0.160  0.339  0.296  0.538  0.821  0.303  0.382  0.113  0.045  0.173 -0.042  0.761  0.380 -1.200
H        0.004  0.000  0.103  0.471  0.643  0.000 -0.015  0.420  0.012 -0.007  0.199  0.513 -0.018 -0.136  0.304  0.232 -0.246 -0.422  0.000  0.099  0.000
I        0.234 -0.362  0.431 -0.184  0.000  0.000 -0.089 -0.038  0.061  0.372  0.607  0.598  0.105  0.368 -0.051  0.278  0.285  0.252  0.000 -0.628  0.000
K       -0.028  0.708  0.198  0.005  0.386  0.000  0.235 -0.500 -0.081  0.117  0.845  0.432  0.162 -0.052  0.073  0.122  0.093 -0.096  0.265  0.316  0.721
L        0.116  0.945  0.089 -0.281  0.863  0.000  0.602  0.497  0.200  0.369  0.552 -0.273  0.142 -0.297  0.019  0.278  0.272 -0.193  0.824  0.103  0.000
M        0.203  0.000 -0.074  0.037  0.000  0.000  0.723 -0.018  0.044  0.561  0.681  0.457  0.154 -0.087  0.111 -0.306 -0.144  0.098 -0.208 -0.289 -0.447
N        0.258  0.000  0.110  0.011  0.384  0.000  0.600  0.077 -0.292  0.201  0.445  0.022  0.007 -0.077 -0.182 -0.177  0.101  0.068  0.511  0.468  1.457
P       -0.034  0.796  0.239 -0.093  0.156  0.000  0.671  0.131  0.006  0.143 -0.106 -0.153  0.015 -0.298  0.096  0.198  0.105  0.079  0.000 -0.270 -1.009
Q        0.138  0.000  0.192  0.052  0.014  0.000  0.343 -0.001 -0.188  0.075  0.397  0.175  0.320  0.038 -0.201  0.051  0.300  0.220  0.704  0.230  0.000
R        0.002  0.000 -0.006 -0.173  0.675  0.000  0.147  0.174 -0.189  0.446  0.483 -0.165  0.261  0.198  0.047  0.075  0.100  0.251  0.000  0.156  0.000
S       -0.097 -0.382  0.085 -0.192  0.204  0.000  0.156  0.399 -0.105  0.092  0.651 -0.168  0.118 -0.365 -0.219 -0.025 -0.178 -0.189  0.000  0.182 -0.061
T        0.160  0.219  0.190  0.077 -0.366  0.000  0.707  0.114  0.089  0.243  0.473  0.004  0.123 -0.182 -0.137  0.056  0.160 -0.126  0.000  0.298  0.920
V        0.341  0.000  0.348  0.014  0.426  0.000  0.478  0.470 -0.126 -0.181  0.783 -0.344  0.201 -0.396 -0.111  0.077  0.229  0.068  0.171 -0.563  0.000
W        0.000  0.000  0.521 -0.507  0.000  0.000  0.000  0.235 -0.123  0.000  0.000  0.460 -0.156 -0.686  0.000 -0.406  0.514  0.402  0.000  0.000  0.000
Y       -0.043  0.000  0.406  0.418  0.651  0.000  0.665  0.339  0.000  0.070  0.000  0.571  0.253 -0.327  0.293  0.401  0.485  0.245 -0.350  0.000  0.000
X        0.000  0.000  0.340  0.101  0.000  0.000  0.000  0.000  0.000  0.000  0.000 -0.756  0.313 -0.185  0.467  0.000 -0.496  0.545  0.000  0.000  0.000
