i-1/i     A      C      D      E      F      G      H      I      K      L      M      N      P      Q      R      S      T      V      W      Y      X
A        0.739 -0.447 -0.333  0.043 -0.242 -1.150 -0.839 -0.396  0.447  0.181  0.634  0.505 -0.185 -0.608 -0.559 -0.300 -0.112 -0.500  0.000  0.382  0.000
C        0.000  0.000 -0.461  0.176 -0.858 -1.091  0.000 -0.391  0.485  0.000 -0.379  0.000  0.415  0.878  0.000  0.162 -0.821  0.000  1.186  0.000  0.000
D        0.810 -0.300 -0.113 -0.114 -1.122 -0.403  0.263 -1.044  0.209  0.018 -0.045  0.096 -0.335  0.330 -0.675 -0.093 -0.185 -1.066  0.905 -0.529  0.000
E        0.835  0.000  0.038 -0.215 -0.060 -1.300  0.570 -0.299 -0.535 -0.446  0.351  0.027 -0.196 -0.484 -0.484 -0.209 -0.338 -0.321  0.622 -0.588  0.689
F        0.982  0.000 -0.371  0.385  0.000 -0.978  0.000 -0.302 -0.037 -0.597  1.356 -0.087 -0.323 -0.045 -0.630 -0.258 -0.103 -1.117  0.000 -0.875  0.000
G       -0.127 -0.277 -0.460 -0.244 -0.395 -0.349  0.702 -0.608 -0.382 -0.040 -0.145  0.279  0.059  0.024 -0.438  0.061  0.019 -0.303 -0.678 -0.741  0.209
H       -0.423  0.911 -1.182 -0.290 -0.532 -0.628 -0.235 -0.237 -0.387 -0.024  0.280 -0.288 -0.228 -0.331 -1.302 -0.045 -0.325 -0.553  0.000  0.847  0.000
I        0.537  0.000 -0.135  0.317 -0.289 -1.164  0.515 -1.050 -0.338 -0.612  0.157  0.422 -0.462 -1.260 -1.479  0.186 -0.248 -0.793  0.000  0.350  0.000
K        0.068  0.000 -0.310 -0.192 -0.148 -0.919 -0.111 -0.911 -0.187 -0.016 -0.684  0.752 -0.124 -0.501  0.313 -0.306 -0.118 -0.458  1.381 -0.427  0.000
L        0.107 -0.785 -0.218  0.013  0.281 -0.712 -0.422 -1.202  0.197  0.163 -0.582 -0.008  0.042 -0.579 -0.147 -0.558 -0.830 -0.459 -0.387 -0.101  0.000
M        0.495  0.000  0.108 -0.135  0.236 -0.495 -1.219  0.121 -0.429 -0.162 -0.048 -0.068  0.169 -0.178 -0.567 -0.397 -1.032 -0.524  0.000 -0.790  0.000
N        0.149  0.000 -0.500  0.042  0.479 -0.866  0.636 -1.241 -0.574 -0.517 -0.245  0.307 -0.353  0.021 -0.038 -0.462 -0.809 -0.189  0.000  0.014  0.445
P        0.097 -0.633 -0.279 -0.079 -1.210 -0.235  0.771 -0.673 -0.513  0.127  1.419 -0.533 -0.419  0.314 -0.685 -0.141  0.235 -0.673 -0.078 -1.091  0.000
Q        0.485  0.000 -0.008 -0.164  0.859 -1.074  0.144 -1.206 -0.857  0.277  0.269  0.253  0.053  0.202 -0.284 -0.024 -0.339 -0.688  0.000  0.153  0.000
R       -0.299 -0.809 -0.499 -0.266 -0.238 -0.863  0.221 -0.472  0.370 -0.241 -0.083 -0.278  0.033  0.340 -0.531 -0.227 -0.171 -0.586  0.000  0.157  0.000
S        0.427  0.000 -0.227 -0.131  0.142 -0.427  0.860  0.169  0.118  0.034  0.357  0.037  0.107  0.026 -0.265  0.078 -0.649 -0.321  0.247 -0.313  0.000
T        0.604  0.226 -0.020 -0.210 -0.074 -0.826  0.561 -0.101 -0.048 -0.157  1.075  0.467 -0.547 -0.074  0.088  0.163 -0.613 -0.114  0.000  0.155  0.000
V       -0.187  0.000 -0.075 -0.504  0.000 -1.256 -0.223  0.000 -0.302 -0.116  0.733 -0.153 -0.195  0.231 -0.556 -0.361 -0.917 -0.928  0.000 -1.174  0.000
W        1.003  0.000 -0.625  0.585  0.000 -1.618  1.397  0.000  0.000 -0.717  0.000  0.288  0.000 -1.427  0.000 -0.375  0.000  1.528  0.000  0.000  0.000
Y        0.257 -0.748  0.564 -0.489  0.509 -1.594  0.888 -0.506 -0.643  0.170 -0.202  0.000 -0.247  0.589 -0.625  0.025 -0.274 -0.393 -0.558  0.003  0.000
X       -1.087  0.000  0.812 -0.233  0.000  1.579  0.000  0.000  0.000 -0.294 -0.174  0.530  0.000  0.000  0.956 -0.514  0.000  0.589  0.000  0.000  0.000
