i-1/i     A      C      D      E      F      G      H      I      K      L      M      N      P      Q      R      S      T      V      W      Y      X
A        0.218  0.000  0.104  0.169 -0.229 -0.529  0.060  0.004 -0.190  0.127  0.592  0.672 -0.113 -1.042 -0.495  0.014 -0.447 -0.328  0.955 -0.820  0.000
C       -0.311 -0.345 -0.087  0.000  0.000  0.183  0.000  0.000  0.245  0.633  0.000  0.000  0.000  0.000 -0.212  0.000 -0.624  0.000  0.000  0.000  0.000
D       -0.517  1.286 -0.142 -0.474 -0.455 -0.211  0.544 -0.453  0.018  0.120  0.341  0.400 -0.429  0.235 -0.805 -0.294 -0.440 -0.233  0.796  0.732  0.039
E        0.449  0.000  0.022  0.110 -0.985 -0.604 -0.036  0.019 -0.084  0.494  0.518 -0.226 -0.125 -0.392 -0.588 -0.065 -0.322  0.065 -0.283 -0.734 -0.321
F        0.140  0.000 -0.281 -0.147  0.000  0.143 -0.095  0.000 -0.103  0.134 -0.955  0.631 -0.906 -0.354 -1.066  0.022  0.000 -0.974  0.000 -0.164  0.000
G        0.117  0.000 -0.038 -0.025  0.394 -0.729  1.401 -0.333 -0.598 -0.217 -0.547 -0.078  0.201  0.129 -0.173  0.092 -0.537 -0.398  0.548 -0.886  0.635
H       -0.380  0.000 -1.044 -0.016  0.000 -0.967 -0.360 -0.515  0.362 -0.097 -0.297 -0.299 -0.228  0.215  0.110 -0.650 -0.225  0.254  0.713  0.817  0.000
I       -0.444  0.000 -0.524 -0.398 -0.226 -0.493  0.469 -0.912 -0.721 -0.676 -1.226 -0.240 -0.505 -0.022 -0.641 -0.020 -0.906 -1.206 -0.968  0.073  0.000
K        0.364 -0.534 -0.024 -0.519 -0.461 -0.601 -0.726  0.150 -0.240  0.685 -0.165  0.124  0.160 -0.753 -0.293 -0.063 -0.771  0.273  0.266 -0.156  0.000
L        0.417  0.000 -0.021 -0.022 -0.388 -1.064  0.071 -0.454 -0.636 -0.355  0.408 -0.052 -0.438  0.158 -0.997 -0.091 -0.547 -0.992 -0.057 -0.519  0.015
M        1.348 -0.530 -0.386  0.191  0.000 -0.412 -0.855 -0.313 -0.815 -0.398 -0.945  0.000  0.198  0.676 -0.406 -0.475 -0.935  0.000  0.000 -0.186  0.000
N        0.011  0.000 -0.489 -0.172  0.344 -0.597 -0.477 -0.341 -0.673 -0.921  0.496 -0.220 -0.104  0.321 -0.297 -0.159 -0.533 -0.287  0.146  0.000  0.000
P       -0.125 -0.635 -0.686 -0.645 -1.334 -1.183 -0.514 -1.091 -0.474 -0.224  0.226 -0.771 -0.048 -0.063 -0.304 -0.461 -0.787 -0.689 -0.368 -0.795  0.000
Q        0.520  0.534 -0.026 -0.421 -1.223 -0.785  0.796 -0.806 -0.364 -0.350 -0.186  0.336  0.051 -0.049 -0.298  0.236 -0.427 -0.069  0.000  0.042  0.000
R        0.099  0.000 -0.004 -0.228  0.350 -0.388 -0.209 -0.655 -0.546 -0.102  0.000  0.037  0.371 -0.205 -0.121  0.035  0.035 -0.747  1.161  0.421  0.000
S        0.171  0.579  0.090 -0.061 -0.342 -0.382 -0.359 -0.427  0.071 -0.258  0.324  0.003  0.072 -0.260 -0.187  0.068 -0.708 -0.478  0.558  0.532  0.000
T        0.213 -0.469 -0.194  0.037 -1.306 -0.529 -0.028 -0.490 -0.292  0.195  0.110 -0.282 -0.071  0.124 -0.173 -0.184 -0.783 -0.641 -0.220 -0.044  0.000
V        0.356  0.000 -0.730 -0.347 -1.160 -0.522  0.468 -0.314 -0.254 -0.091 -0.510 -0.031 -0.390  0.191 -0.377 -0.441 -0.099 -0.536  0.000  0.000 -0.240
W        0.474  0.000 -0.619  0.562 -0.520 -1.713  0.000  0.000 -1.181 -0.164  0.000  0.000  0.000  0.283  0.000 -0.499  0.961  0.000  0.000 -1.177  0.000
Y        0.001  0.000 -0.548 -0.348 -0.610 -1.541  0.000 -0.763 -0.178  0.508  0.355  0.197 -0.473 -0.207 -0.850 -0.133  0.000 -0.092  0.000  0.000  0.000
X        0.000  0.000  0.000 -1.024  0.000  0.112  0.000  0.000  0.000  0.000  0.000  1.146  0.000  0.157  0.000  0.000  0.000  0.000  0.000  0.000  0.000
