i-1/i     A      C      D      E      F      G      H      I      K      L      M      N      P      Q      R      S      T      V      W      Y      X
A        0.282 -0.277 -0.179 -0.328 -0.722 -0.883 -0.339 -0.612 -0.505  0.144 -0.022 -0.002 -0.408 -0.401 -0.591 -0.389 -0.717 -0.853  0.000 -0.715  0.000
C       -1.329  0.000 -0.690 -1.237  0.000  0.091  0.000 -0.493 -0.083 -0.194  0.000  0.231 -0.012  0.840 -0.525  0.000 -0.467  0.883  0.000  0.000  0.000
D       -0.041  0.833 -0.622 -0.446 -0.933 -1.206  0.055 -1.318 -0.796 -0.592 -0.893  0.177 -0.816  0.042 -0.815 -0.386 -0.765 -1.212 -0.872 -0.313  0.000
E        0.434 -0.068 -0.267 -0.212 -0.764 -0.874 -0.442 -0.613 -0.106  0.094 -0.211 -0.235 -0.226 -0.679 -0.550 -0.227 -0.378 -0.390  1.383 -0.194  0.000
F       -0.020  0.000 -0.713 -0.247  0.273 -0.832  0.062 -0.251 -0.511 -1.005 -1.028 -0.299 -0.907 -0.669 -0.340 -0.866 -1.289 -0.545  0.000 -0.157  0.000
G        0.205  0.717  0.139  0.261  0.663 -0.040  1.087  0.165  0.321  0.721  0.569  0.943  0.169  0.543  0.018  0.347  0.248  0.138  0.211  0.289  0.000
H        0.177  0.000 -0.379 -0.301 -0.037 -0.546 -0.498  0.000 -1.241 -0.189 -0.850 -0.500 -0.171 -0.305  0.016 -0.552 -0.876  0.000  0.157 -1.344  0.000
I       -0.072  0.052 -0.716 -0.409  0.814 -0.630 -0.206  0.089 -0.590 -0.434  1.248 -0.170 -0.292 -0.231 -0.953 -0.355 -0.295 -0.090 -0.519 -0.503  0.000
K        0.351  0.856  0.062 -0.101 -0.357 -1.069 -0.136 -0.635 -0.331 -0.182 -0.671 -0.226 -0.280 -0.164 -0.170 -0.013 -0.580 -0.685  0.532 -0.842  0.000
L        0.316 -0.393 -0.540 -0.230 -1.250 -0.453  0.744 -0.622 -0.412  0.348 -0.663  0.132  0.092 -0.140 -0.408 -0.425 -0.753 -0.589  0.689 -0.174  0.000
M        0.001  0.000 -0.308 -0.187 -1.220 -0.597  0.796  0.160 -0.371  0.183 -0.283 -0.130  0.000  0.066  0.225 -0.386 -0.355 -0.898  0.000  0.000  0.000
N       -0.212 -1.279 -0.229 -0.311 -0.522 -0.705 -0.153 -0.813 -0.479 -0.573 -0.848 -0.106 -0.533 -0.422 -0.685 -0.022 -0.741 -0.660  0.997 -0.597  0.000
P       -1.685  0.000 -0.798 -1.359  0.000 -2.308  0.261  0.000  0.000  0.000 -0.939 -1.368 -0.270  0.000  0.000 -0.937  0.000 -1.262  0.000  0.000  0.000
Q        1.047  0.665 -0.353 -0.369  0.164 -0.741 -0.441 -0.845 -0.262 -0.509  0.533  0.119 -0.292  0.013 -0.184 -0.290 -0.182 -0.915  0.000  0.754  0.000
R        0.311 -0.458 -0.104  0.017 -0.758 -0.580 -0.601 -0.411 -0.358  0.029 -0.354 -0.410 -0.332 -0.110 -0.211 -0.272 -0.686 -0.127  0.000 -0.575  0.000
S        0.120 -1.266 -0.509  0.040 -0.830 -0.552  0.647 -0.853 -0.090  0.194  0.104  0.182  0.181  0.291 -0.231 -0.117 -0.428 -0.378 -0.294  0.527  0.714
T        0.105  1.369  0.285 -0.247  0.091 -0.555  0.777 -0.580  0.209  0.184 -0.330  0.330 -0.151  0.400 -0.262  0.064 -0.340  0.011  0.693  0.370  0.000
V        0.088 -0.054 -0.486 -0.507  1.179 -0.586  0.234 -0.723 -0.107  0.405  0.443 -0.206 -0.139  0.032 -0.898 -0.387 -0.847 -0.470 -0.351 -1.106  0.230
W       -0.757  0.000 -0.032 -0.383  0.000 -0.381 -1.097  0.000 -0.243 -0.870  0.249 -1.180  0.271 -0.797 -1.396  0.000 -0.773 -0.628  0.000 -0.808  0.000
Y       -0.077  0.000 -0.774 -0.386 -0.636 -0.885  0.000 -0.192 -0.978  0.137  0.008 -0.627 -0.612  0.107 -0.446 -0.254 -1.169 -0.217  0.000  0.000  0.000
X        0.710  0.000 -0.675  0.966  0.000 -1.205  0.000  0.000 -0.605  0.015  0.000 -0.367  0.000  0.000  0.000  0.000 -1.197  0.000  0.000  0.000  0.000
