i-1/i     A      C      D      E      F      G      H      I      K      L      M      N      P      Q      R      S      T      V      W      Y      X
A        0.545  0.000  0.135 -0.002  0.082 -0.291  0.476 -0.629  0.218 -0.250 -0.415 -0.415 -0.238  0.225 -0.203 -0.324 -0.848 -0.501  0.000 -0.072  0.000
C        0.025  0.000 -1.130 -0.783  0.000 -1.554 -0.318  0.000 -0.085 -0.230  0.000  0.000  0.458 -0.048 -1.524 -0.086  0.000  0.000  0.000  0.000  0.000
D        0.583 -0.241 -0.300 -0.237 -0.622 -1.008 -0.419 -0.140  0.467 -0.021 -0.314  0.363  0.248 -0.181 -0.520 -0.318  0.361 -0.525  0.149 -0.708  0.000
E        0.696 -0.431 -0.045 -0.016 -0.111 -0.700 -0.292 -0.764 -0.303 -0.347 -0.002  0.021 -0.142 -0.318 -0.454 -0.296 -1.102 -0.581  0.413  0.038  0.000
F        0.004  0.000 -0.370 -0.682 -0.143 -1.384  0.257 -0.658 -0.413 -0.154  0.000  0.398 -0.961 -0.243 -0.833 -0.417 -0.089  0.947  0.000  0.228  0.000
G       -0.061 -0.042 -0.465 -0.251 -0.796 -0.612 -0.006 -1.110 -0.665 -0.683 -0.060  0.604 -0.244 -0.240 -0.368 -0.017 -0.767 -0.573  0.926 -0.564  0.000
H        0.136  0.000 -0.404 -1.179 -0.303 -0.695  0.098 -1.351 -0.500  0.230  0.081  0.418  0.529 -0.626 -0.685  0.176 -1.098 -0.818  0.000  0.000  0.000
I        0.992 -0.751 -0.425 -0.363 -1.136 -0.598  0.751 -0.715 -0.399 -0.645  0.416  0.072 -0.079 -0.272 -0.757 -0.282 -0.230 -0.482  0.000  0.000  0.000
K       -0.202 -0.818 -0.149 -0.064 -0.252 -0.926  0.130 -0.379 -0.236 -0.058 -0.218  0.089 -0.078 -0.520 -0.489  0.192 -0.707 -0.726 -0.922 -0.453  0.358
L        0.232 -0.352 -0.618 -0.019 -1.441 -0.606  0.009 -0.857 -0.059  0.263  0.307 -0.421 -0.060  0.049 -0.369 -0.461  0.093 -0.472  0.918 -0.216  0.000
M       -0.463  0.000 -0.417 -0.411  0.000  0.057  1.193 -0.918 -0.176  0.575 -1.114  0.140 -0.308 -0.212 -0.386 -0.367 -0.330 -0.078  0.000 -1.071  0.000
N        0.723 -0.897 -0.378 -0.323  0.556 -0.941  0.214 -0.522 -0.235 -0.388  0.066  0.239 -0.032 -0.038 -0.775 -0.514 -0.680 -0.978 -1.308 -0.321 -0.189
P        0.752 -0.538  0.094 -0.127 -1.081 -0.857  0.170 -0.406  0.205  0.075  0.642  0.178 -0.320 -0.053 -0.197 -0.110 -0.347 -0.340  0.157 -0.083  0.000
Q        0.609  1.231 -0.332 -0.289  0.477 -0.734  0.752  0.000 -0.629  0.217 -0.446 -0.321 -0.454  0.442 -0.481  0.150 -0.555 -0.037  0.403  0.355  0.000
R        0.346 -0.231  0.274 -0.667 -0.248 -1.186  0.381 -0.619 -0.552 -0.066  0.000  0.113 -0.095  0.267 -0.618 -0.124 -0.434 -0.467  0.628 -0.052  0.000
S        0.538  0.000  0.021 -0.081 -0.672 -0.527  0.726 -0.961  0.325  0.009 -0.148  0.396 -0.234 -0.120 -0.636  0.078 -0.290 -0.390  0.000 -0.125  0.000
T       -0.154  0.063 -0.214 -0.027 -0.351 -0.796  0.823 -0.915 -0.363 -0.421  0.623 -0.533 -0.351 -0.540 -0.858 -0.278 -0.274 -0.682  0.369 -0.033  0.000
V        0.591 -1.262 -0.733 -0.442  0.078 -0.764 -0.506 -0.535 -0.456 -0.097 -0.631 -0.193 -0.045 -0.226 -0.274 -0.223 -0.504 -0.452 -0.194 -0.214  0.000
W        0.000  0.000 -0.818  0.068 -0.235 -0.315  0.000  0.000  0.021  0.989  0.000  0.055  0.168 -0.267 -0.055 -0.237 -1.350 -1.109  0.000  0.000  0.000
Y       -0.739  0.000 -0.820 -0.720  0.126 -1.657  0.000 -0.776 -1.228 -0.631  0.000  0.304 -0.507  0.063 -0.856 -0.506 -0.720  0.000  0.744  0.000  0.000
X        0.000  0.000  1.308 -0.014  0.000 -1.454  1.115  0.000  0.000  0.000  0.000  0.768 -0.303 -0.311  0.658 -0.278  0.149  0.000  0.000  0.000  0.000
