i-1/i     A      C      D      E      F      G      H      I      K      L      M      N      P      Q      R      S      T      V      W      Y      X
A        0.008  0.106  0.003  0.059  0.102  0.000  0.028  0.201  0.021 -0.022  0.063  0.073 -0.003  0.074  0.087  0.019  0.107  0.007  0.093 -0.122  0.015
C       -0.020 -0.151  0.000 -0.087  0.000  0.000  0.000 -0.015 -0.112 -0.002  0.000  0.000  0.003  0.088  0.000 -0.096  0.000 -0.094  0.151  0.000  0.000
D       -0.051  0.272  0.043  0.052  0.000  0.000 -0.003  0.015  0.047 -0.020  0.175  0.053 -0.040 -0.022 -0.001  0.009  0.024  0.001 -0.019 -0.080 -0.017
E        0.016  0.000  0.001  0.040  0.048  0.000  0.025  0.119  0.046 -0.003 -0.042  0.073  0.004  0.047  0.063  0.030  0.105  0.047  0.009  0.073 -0.112
F        0.011  0.244 -0.003 -0.013 -0.149  0.000  0.000  0.000  0.010 -0.060  0.000  0.145 -0.002  0.022  0.094  0.109  0.125  0.032 -0.024  0.031  0.000
G        0.093  0.240  0.021  0.047  0.033  0.000  0.009  0.091  0.025  0.069  0.125  0.071  0.026  0.020  0.070  0.031  0.065  0.043 -0.041  0.013  0.013
H        0.030  0.302  0.079  0.065 -0.008  0.000  0.027  0.000  0.065  0.004  0.000  0.030 -0.037  0.086  0.094  0.039  0.058  0.097  0.000  0.060  0.191
I        0.076  0.000  0.031  0.140  0.000  0.000  0.149  0.187  0.043  0.002  0.113 -0.004  0.025  0.124  0.035  0.099  0.069 -0.038  0.000  0.055  0.235
K       -0.012  0.000  0.055  0.025  0.014  0.000  0.104 -0.022  0.025  0.026  0.217  0.045  0.032  0.037  0.047  0.001  0.074  0.024  0.163  0.071  0.072
L        0.006  0.000  0.049  0.016  0.119  0.000  0.136  0.051 -0.005  0.079 -0.032 -0.049 -0.026 -0.013  0.080 -0.002  0.114  0.023 -0.034  0.092  0.060
M       -0.055  0.122  0.049  0.048  0.062  0.000  0.091  0.128  0.087  0.011  0.166  0.064 -0.015  0.058  0.107  0.014  0.073  0.094  0.000 -0.028 -0.014
N        0.042  0.000  0.015  0.007  0.073  0.000 -0.006 -0.038  0.089  0.067  0.020 -0.001  0.009  0.066  0.045 -0.071  0.000  0.031  0.018 -0.010  0.148
P        0.053  0.087 -0.008  0.019 -0.026  0.000  0.068 -0.009  0.033  0.072  0.109 -0.024  0.011  0.000  0.017  0.014  0.137  0.054 -0.189 -0.006  0.200
Q        0.051  0.000  0.006  0.041  0.143  0.000 -0.098  0.236  0.041  0.035  0.056  0.079  0.059  0.025  0.012  0.005  0.012  0.031 -0.162  0.144  0.000
R       -0.002  0.015  0.002  0.025  0.109  0.000 -0.015  0.087  0.036  0.061  0.037  0.023  0.003  0.074  0.078  0.010  0.047  0.014  0.060  0.033  0.000
S        0.050  0.228  0.033  0.042  0.042  0.000 -0.018  0.063  0.049  0.012  0.079  0.032  0.023  0.078  0.012  0.010  0.093  0.117  0.000  0.001  0.210
T        0.039 -0.074  0.017  0.083  0.096  0.000 -0.100  0.151  0.034  0.082  0.128 -0.068 -0.011  0.069  0.024  0.033  0.049 -0.020  0.086 -0.055  0.306
V        0.058  0.074  0.053  0.083  0.000  0.000 -0.097  0.143  0.027  0.109 -0.030  0.016 -0.023  0.045  0.120 -0.036  0.081  0.046  0.000  0.077 -0.038
W        0.000  0.000 -0.062 -0.023  0.000  0.000  0.000  0.248  0.028  0.000  0.198 -0.012 -0.053  0.135  0.123 -0.076  0.000  0.000  0.000  0.000  0.000
Y        0.013  0.288 -0.007 -0.040 -0.052  0.000  0.000  0.000  0.057  0.010  0.094  0.023 -0.051 -0.014 -0.056  0.021  0.055  0.007  0.032 -0.041  0.000
X        0.184  0.000 -0.094  0.000  0.000  0.000  0.000  0.073 -0.088  0.001 -0.026  0.000  0.169  0.000  0.026  0.000  0.034  0.063  0.000  0.000  0.000
