i-1/i     A      C      D      E      F      G      H      I      K      L      M      N      P      Q      R      S      T      V      W      Y      X
A        0.003  0.175  0.025  0.022 -0.079  0.000  0.121  0.071  0.026  0.013 -0.011 -0.002  0.004  0.056  0.019 -0.016  0.115 -0.002  0.047  0.054  0.036
C       -0.045  0.159  0.016  0.000  0.048  0.000  0.000  0.223 -0.019 -0.134  0.000  0.000 -0.110  0.000 -0.028  0.000  0.051  0.000  0.000  0.012  0.000
D       -0.011  0.185 -0.059  0.045  0.093  0.000 -0.046  0.085 -0.048  0.025 -0.082  0.003  0.017  0.057  0.024 -0.034  0.067  0.028  0.100  0.000  0.303
E        0.008  0.000  0.012  0.086 -0.004  0.000  0.150  0.086  0.038  0.040 -0.053 -0.005  0.014  0.062  0.083  0.014  0.045  0.025 -0.055  0.034 -0.054
F       -0.065 -0.070 -0.070 -0.024  0.013  0.000 -0.070 -0.159 -0.015 -0.042  0.014  0.073  0.005 -0.045  0.008 -0.015  0.036  0.055  0.000 -0.023  0.000
G        0.030 -0.096 -0.005  0.069  0.055  0.000  0.149  0.091  0.025  0.041 -0.030  0.025  0.043  0.044  0.049  0.019  0.064  0.078 -0.057  0.026 -0.024
H       -0.093  0.179 -0.095  0.026 -0.042  0.000 -0.008  0.088  0.017  0.011  0.102  0.075  0.014 -0.109  0.000 -0.031  0.048  0.041 -0.062 -0.035  0.000
I       -0.034  0.071  0.105  0.032  0.000  0.000  0.000  0.136  0.043 -0.012 -0.109 -0.022 -0.031 -0.003  0.100  0.050  0.094  0.077  0.100 -0.055  0.062
K        0.039  0.002 -0.006  0.003  0.060  0.000  0.021  0.104  0.041  0.044  0.024  0.005  0.004  0.008  0.102 -0.004  0.030 -0.005  0.176  0.094  0.000
L       -0.049 -0.077  0.120  0.020  0.039  0.000  0.006  0.033  0.043  0.047 -0.042 -0.019  0.027  0.066  0.086 -0.022  0.054  0.000 -0.148  0.000 -0.222
M       -0.024  0.000  0.079  0.027  0.046  0.000  0.000  0.006 -0.006 -0.008 -0.066  0.074  0.088  0.004  0.029  0.039  0.092  0.102  0.000  0.000  0.099
N        0.051  0.000 -0.029  0.057 -0.071  0.000 -0.008  0.052  0.053 -0.042  0.188 -0.107  0.037 -0.029  0.033  0.045  0.023 -0.002 -0.126  0.000  0.270
P        0.040  0.210  0.019  0.034 -0.033  0.000  0.083  0.152 -0.016  0.011  0.085 -0.023  0.042  0.107  0.098 -0.030  0.033 -0.031  0.139  0.028  0.012
Q       -0.038  0.260 -0.004  0.012 -0.040  0.000  0.119 -0.022  0.003  0.026 -0.031  0.065  0.040  0.047 -0.099 -0.007  0.098 -0.017  0.144 -0.050  0.000
R        0.115  0.000  0.015  0.039 -0.006  0.000  0.005  0.087  0.069  0.014  0.121  0.065 -0.039  0.029 -0.021 -0.019  0.009  0.076  0.046  0.024  0.164
S        0.003 -0.023  0.054  0.036  0.057  0.000  0.086  0.014  0.001 -0.033  0.071  0.015 -0.011 -0.025  0.079 -0.002  0.044  0.091 -0.013  0.035  0.227
T        0.052  0.100 -0.071 -0.004  0.062  0.000 -0.091  0.118  0.023 -0.002  0.094  0.072  0.058  0.064 -0.018 -0.013  0.046  0.035  0.000  0.071 -0.032
V       -0.053  0.000  0.018  0.055  0.055  0.000  0.058  0.152 -0.010  0.064  0.167 -0.020 -0.025  0.132  0.011 -0.008  0.003  0.058  0.000  0.000  0.071
W        0.000  0.000  0.016  0.110 -0.130  0.000  0.000  0.000 -0.066 -0.042  0.000 -0.026  0.102  0.000  0.012 -0.004 -0.056  0.092  0.000  0.002  0.000
Y       -0.110  0.000 -0.030  0.014  0.015  0.000  0.096 -0.014 -0.014 -0.006  0.081 -0.056 -0.148 -0.057 -0.018 -0.032  0.052 -0.083  0.000  0.007  0.000
X        0.079  0.000 -0.098  0.054  0.000  0.000  0.000  0.096  0.003  0.023  0.021  0.030 -0.062  0.087  0.000  0.024  0.000  0.054  0.000  0.112  0.000
