i-1/i     A      C      D      E      F      G      H      I      K      L      M      N      P      Q      R      S      T      V      W      Y      X
A        0.016  0.087 -0.031 -0.019 -0.021  0.000  0.047  0.146 -0.020 -0.034  0.056  0.025  0.014  0.071  0.024 -0.014  0.006  0.029  0.000  0.050  0.000
C       -0.132  0.140 -0.023  0.000  0.000  0.000  0.050  0.000 -0.071  0.014  0.000  0.143 -0.007 -0.006  0.149  0.023  0.159 -0.026  0.000  0.000  0.000
D       -0.056  0.206 -0.004  0.045  0.002  0.000  0.036  0.034  0.008  0.001  0.041 -0.046 -0.041  0.021  0.003  0.017  0.071 -0.008  0.013  0.036  0.156
E       -0.022  0.000  0.002  0.023  0.047  0.000 -0.021  0.020  0.063 -0.001 -0.020 -0.031 -0.012  0.026  0.062 -0.051  0.042  0.033  0.159  0.017  0.011
F       -0.062  0.000 -0.076 -0.055 -0.111  0.000  0.155  0.139 -0.090 -0.048  0.175  0.011  0.013 -0.043 -0.002 -0.002 -0.053 -0.050 -0.127 -0.024  0.000
G        0.002  0.265  0.051  0.055 -0.071  0.000  0.009  0.066  0.062 -0.044 -0.022  0.074 -0.012  0.038  0.109  0.008  0.100  0.023 -0.010  0.013  0.053
H        0.009 -0.017 -0.033 -0.067 -0.022  0.000 -0.015 -0.067  0.015  0.040 -0.094  0.083  0.043  0.070 -0.045 -0.027 -0.155  0.117  0.000  0.000  0.000
I       -0.063 -0.075  0.009  0.033  0.061  0.000  0.008  0.042  0.069  0.000  0.000 -0.093 -0.005 -0.003  0.010  0.036 -0.049 -0.013  0.000  0.070 -0.083
K       -0.029 -0.315  0.007  0.039  0.003  0.000  0.029  0.051  0.018  0.011 -0.104 -0.044 -0.023  0.044  0.038 -0.040  0.036 -0.004 -0.012  0.054 -0.036
L       -0.004  0.132 -0.040 -0.055  0.058  0.000 -0.025 -0.019 -0.029 -0.072 -0.056 -0.064  0.001 -0.016  0.036 -0.056  0.011  0.043 -0.098  0.068 -0.052
M       -0.054  0.000 -0.074 -0.017  0.000  0.000  0.059  0.109 -0.026 -0.020  0.119 -0.110 -0.020 -0.033  0.088 -0.020  0.065 -0.151  0.193  0.000  0.000
N        0.015  0.044  0.013  0.021  0.103  0.000  0.065  0.000 -0.018 -0.024 -0.008 -0.017 -0.033  0.096  0.008 -0.027  0.024 -0.010 -0.035  0.111  0.082
P        0.188  0.231  0.000  0.000  0.064  0.000  0.000  0.245  0.000  0.118  0.222  0.000  0.195  0.000  0.000  0.000  0.000  0.000  0.054  0.000  0.221
Q       -0.003  0.036 -0.013  0.011 -0.013  0.000  0.029  0.078 -0.024 -0.048 -0.024  0.005  0.046  0.019  0.036 -0.056  0.016 -0.019 -0.112 -0.018  0.247
R        0.011 -0.134 -0.007  0.065  0.097  0.000 -0.048  0.079 -0.046  0.003 -0.115 -0.034  0.036  0.001 -0.006 -0.035 -0.025 -0.024  0.000  0.041  0.176
S        0.037  0.278  0.021  0.042  0.056  0.000  0.062  0.156  0.069  0.082  0.121  0.076  0.021  0.075  0.077  0.034  0.068  0.084  0.162  0.095  0.003
T        0.083  0.189  0.048  0.076  0.140  0.000  0.064  0.142  0.076  0.117  0.200  0.099  0.070  0.082  0.112  0.036  0.099  0.046 -0.016  0.000  0.120
V        0.012  0.000  0.028  0.048 -0.013  0.000  0.024  0.023 -0.037  0.035  0.097  0.030  0.020  0.073  0.022  0.007 -0.015  0.046  0.150 -0.000  0.056
W       -0.139  0.000  0.043  0.091  0.000  0.000 -0.111  0.000 -0.026  0.000 -0.025 -0.008 -0.054  0.033  0.107  0.000  0.057  0.084  0.047  0.069  0.000
Y       -0.114  0.000 -0.017  0.065  0.012  0.000  0.103  0.000 -0.112 -0.082 -0.184 -0.000 -0.032 -0.017  0.004 -0.065  0.023 -0.082  0.000  0.020 -0.038
X        0.021  0.000  0.037  0.079  0.000  0.000  0.000  0.001  0.041  0.102  0.000 -0.113  0.007 -0.007  0.046  0.070  0.128  0.032  0.000  0.000  0.000
