i-1/i     A      C      D      E      F      G      H      I      K      L      M      N      P      Q      R      S      T      V      W      Y      X
A        0.095  0.155  0.025  0.019  0.123  0.095 -0.019  0.254  0.162  0.124 -0.062  0.015  0.000  0.108  0.179 -0.049  0.024  0.000  0.000 -0.273  0.358
C       -0.034  0.000 -0.063 -0.030  0.000  0.312  0.000  0.000  0.000  0.193  0.000  0.000  0.000  0.290  0.000  0.027 -0.222  0.000  0.000  0.000  0.000
D        0.015  0.142  0.018 -0.014  0.100  0.183 -0.028  0.172  0.157  0.121 -0.018  0.238  0.000  0.058 -0.012  0.075  0.055  0.149  0.242 -0.040  0.166
E        0.064  0.000  0.152  0.057  0.311  0.168 -0.271  0.244  0.242  0.117 -0.149  0.150  0.000  0.118  0.166 -0.038  0.163  0.000  0.000  0.043  0.390
F       -0.032 -0.204  0.006  0.301 -0.290 -0.043  0.000 -0.114 -0.026  0.171 -0.113 -0.210  0.000  0.048 -0.072  0.011  0.049  0.137  0.197  0.000  0.000
G        0.161 -0.053  0.174  0.178  0.282  0.243  0.062  0.276  0.193  0.154  0.119  0.220  0.000  0.079  0.150  0.145  0.140  0.225  0.163  0.042  0.340
H        0.179  0.000  0.252  0.275  0.115  0.267  0.204  0.208 -0.049  0.213  0.241  0.291  0.000  0.000  0.082  0.080 -0.005  0.199  0.000  0.000  0.277
I       -0.047  0.221 -0.053  0.052  0.366  0.085 -0.115  0.225  0.202  0.191 -0.263  0.018  0.000  0.104  0.053 -0.094  0.103  0.077  0.000  0.131  0.162
K        0.019  0.106  0.180  0.093 -0.069  0.230 -0.078  0.114  0.154  0.340 -0.132  0.174  0.000  0.099  0.038  0.024  0.129  0.103  0.221  0.143  0.480
L       -0.007 -0.272  0.082  0.078  0.136  0.175 -0.128  0.255  0.165  0.037 -0.148  0.105  0.000  0.250  0.149 -0.080  0.023  0.117  0.024  0.079  0.023
M        0.033 -0.030  0.023  0.190  0.068  0.250 -0.053  0.000  0.233  0.300 -0.129  0.030  0.000  0.098  0.000 -0.010  0.084  0.000  0.000  0.115  0.000
N       -0.104  0.000  0.190 -0.091  0.046  0.172 -0.025  0.117  0.098  0.187 -0.110  0.123  0.000  0.162 -0.048  0.009  0.237  0.000  0.127  0.048  0.000
P        0.019 -0.311 -0.081 -0.050 -0.064  0.144 -0.374  0.170  0.047 -0.009 -0.151  0.083  0.000 -0.064  0.137 -0.031  0.013  0.028  0.000  0.061  0.000
Q        0.192  0.278  0.147  0.157  0.216  0.225 -0.088 -0.023  0.148  0.389 -0.069  0.035  0.000  0.150  0.201  0.097  0.266  0.228 -0.199  0.306  0.057
R        0.111  0.203  0.113  0.085  0.218  0.195 -0.187  0.251  0.145  0.359  0.177  0.111  0.000  0.087  0.113  0.020  0.191  0.069  0.183  0.000  0.000
S        0.051 -0.165  0.090  0.011  0.040  0.198  0.147  0.007  0.065  0.041 -0.002  0.134  0.000  0.062  0.037 -0.027  0.091  0.170 -0.002 -0.032  0.117
T        0.036 -0.139  0.073 -0.006  0.204  0.160 -0.200  0.000  0.117  0.159  0.095  0.128  0.000  0.015  0.026  0.086  0.201  0.125  0.000  0.241  0.000
V       -0.124  0.108  0.235 -0.016  0.220  0.180  0.321  0.185  0.068  0.292  0.000  0.067  0.000  0.175  0.111 -0.047  0.065  0.000  0.079 -0.184  0.215
W        0.021  0.000  0.000  0.112 -0.138  0.234  0.175  0.265 -0.101  0.000  0.000 -0.322  0.000 -0.007  0.297 -0.244 -0.038  0.000  0.000  0.000  0.000
Y        0.092  0.103 -0.179 -0.234 -0.032 -0.162  0.213  0.163  0.138  0.000  0.000  0.096  0.000  0.077 -0.117 -0.003 -0.186  0.000  0.000  0.000 -0.246
X       -0.219  0.000  0.127 -0.141  0.000 -0.063  0.000  0.094  0.209  0.000  0.058  0.042  0.000  0.000  0.000 -0.186  0.107  0.159  0.000  0.277  0.000
