i-1/i     A      C      D      E      F      G      H      I      K      L      M      N      P      Q      R      S      T      V      W      Y      X
A        0.025 -0.021  0.078  0.071 -0.049  0.088 -0.126  0.000 -0.040  0.123 -0.041  0.030  0.000  0.258  0.187  0.007  0.027  0.136  0.000  0.146  0.000
C       -0.295  0.000  0.181 -0.116  0.000  0.198  0.000  0.000  0.000  0.258  0.000  0.093  0.000  0.062  0.026 -0.024 -0.014  0.155  0.000  0.000  0.000
D       -0.048 -0.233  0.190  0.023 -0.008  0.059 -0.097 -0.011  0.114  0.262  0.143  0.119  0.000  0.218  0.013 -0.100  0.099  0.092  0.241 -0.101 -0.048
E        0.067  0.213  0.198 -0.019  0.049  0.113 -0.131  0.198  0.191  0.116  0.056 -0.056  0.000  0.161  0.137  0.013  0.099  0.179  0.229  0.231  0.446
F       -0.070  0.000 -0.117  0.177  0.280 -0.108 -0.138  0.000  0.055  0.284  0.168  0.103  0.000 -0.013  0.090 -0.232 -0.034  0.229  0.000 -0.044  0.461
G        0.093  0.317  0.090  0.092  0.058  0.108  0.059  0.107  0.128  0.267  0.089  0.056  0.000  0.081  0.099  0.079  0.101  0.093  0.061  0.200  0.011
H        0.066 -0.052  0.145  0.015  0.083  0.058  0.057 -0.289  0.099  0.340 -0.269 -0.137  0.000  0.001 -0.089  0.038 -0.247  0.281 -0.115 -0.058  0.000
I       -0.147  0.000  0.026  0.075 -0.089 -0.161  0.022  0.269  0.086  0.327 -0.008 -0.107  0.000  0.288  0.041 -0.055  0.197  0.166  0.000  0.113  0.212
K       -0.120 -0.202  0.027  0.141  0.280  0.115  0.183  0.092  0.080  0.035 -0.238  0.036  0.000  0.016  0.056 -0.002  0.064  0.141  0.104  0.215  0.191
L       -0.113  0.027  0.026  0.095 -0.063 -0.080 -0.177  0.186  0.009  0.061  0.093  0.067  0.000  0.023  0.055 -0.126  0.061  0.269  0.000  0.113 -0.377
M        0.179  0.000 -0.044 -0.041  0.418  0.073  0.102  0.000  0.036  0.042 -0.207  0.143  0.000  0.093  0.000  0.184  0.091  0.099  0.103  0.000  0.000
N        0.206  0.000  0.150 -0.028  0.092  0.153 -0.298  0.169  0.099 -0.024  0.131  0.071  0.000  0.133  0.104  0.064  0.090  0.212 -0.160 -0.110  0.284
P        0.000  0.072  0.011 -0.050  0.017  0.033 -0.170  0.179  0.039  0.049 -0.133  0.233  0.000  0.092  0.030 -0.089  0.062  0.135  0.000 -0.124  0.353
Q        0.117  0.000  0.197  0.034  0.023  0.062 -0.237  0.000  0.118  0.168 -0.193  0.093  0.000  0.036  0.157 -0.064  0.042  0.078  0.000 -0.246 -0.077
R        0.079  0.100  0.170  0.035  0.124  0.016  0.320  0.158  0.176  0.183  0.086  0.081  0.000 -0.039  0.034 -0.005 -0.024  0.114 -0.102  0.168  0.000
S        0.038 -0.179  0.142  0.118  0.177  0.169  0.091  0.164  0.090  0.181  0.022  0.185  0.000  0.001 -0.050 -0.000  0.115  0.189  0.106  0.171  0.000
T        0.089  0.235  0.194  0.030  0.163  0.095  0.043  0.209  0.119  0.040 -0.136  0.230  0.000  0.054  0.215  0.025  0.101  0.196  0.218  0.120  0.000
V        0.095  0.000  0.161 -0.068  0.233 -0.110 -0.143  0.000  0.157  0.177  0.196  0.062  0.000 -0.024  0.017 -0.059  0.084  0.167  0.060  0.190  0.497
W        0.000  0.000  0.196 -0.031  0.000 -0.075  0.000  0.000  0.037  0.000  0.000 -0.064  0.000  0.151 -0.214  0.075 -0.040  0.158  0.000  0.000  0.000
Y        0.239  0.000  0.050 -0.079  0.201 -0.191  0.042  0.093 -0.181 -0.027  0.000  0.017  0.000  0.100  0.031  0.021 -0.110  0.176  0.000  0.150  0.333
X        0.245  0.000  0.180  0.136  0.000  0.042  0.000  0.000 -0.087  0.350  0.000  0.066  0.000  0.157  0.019 -0.078  0.116  0.220  0.000  0.000  0.192
