i-1/i     A      C      D      E      F      G      H      I      K      L      M      N      P      Q      R      S      T      V      W      Y      X
A        0.024  0.000  0.027  0.032  0.166  0.077 -0.057  0.247  0.064  0.250  0.015 -0.073  0.000  0.200  0.104 -0.006  0.124  0.138 -0.021  0.125  0.212
C        0.147  0.000  0.071  0.075  0.000 -0.104  0.373  0.000  0.000  0.247  0.000  0.306  0.000  0.000  0.000  0.228  0.259  0.000  0.000  0.000  0.000
D       -0.089  0.036  0.148 -0.044  0.016  0.068 -0.237  0.080  0.052  0.018 -0.093  0.152  0.000  0.106 -0.033 -0.220 -0.067  0.103  0.047  0.001  0.320
E        0.106  0.228  0.195  0.099  0.003  0.272 -0.077  0.246  0.175  0.162 -0.046  0.156  0.000  0.064  0.120  0.010  0.074  0.231  0.000  0.171 -0.132
F        0.055  0.281  0.066  0.081  0.087  0.250  0.028  0.000  0.109  0.040 -0.020  0.229  0.000  0.237  0.044 -0.072  0.166  0.227  0.000  0.196  0.000
G       -0.008 -0.210 -0.035 -0.175 -0.113  0.049 -0.272 -0.088 -0.083 -0.106 -0.185 -0.054  0.000 -0.104 -0.081 -0.056 -0.012 -0.004  0.074 -0.009  0.196
H        0.042  0.000  0.063 -0.068  0.178  0.191  0.121  0.024  0.079  0.307 -0.052  0.065  0.000  0.175  0.000  0.107  0.030  0.000  0.171  0.251  0.000
I        0.175  0.000  0.156  0.129 -0.166  0.056  0.145  0.189  0.170  0.192  0.220  0.242  0.000  0.259  0.236  0.041  0.155  0.231  0.000 -0.058  0.000
K       -0.045 -0.034  0.012  0.038 -0.035  0.187 -0.216  0.282  0.139  0.183  0.159  0.058  0.000 -0.086  0.065  0.058 -0.020  0.188  0.226  0.085  0.308
L       -0.006  0.145  0.053  0.070 -0.172  0.095  0.293 -0.193  0.111  0.229  0.043  0.039  0.000  0.076  0.143 -0.015  0.205  0.128  0.000 -0.139 -0.026
M        0.031  0.000  0.220  0.145  0.000  0.145 -0.109  0.000  0.237  0.192  0.040  0.163  0.000  0.282  0.214  0.086  0.130  0.000  0.143  0.299  0.000
N       -0.081 -0.228  0.008  0.042  0.412  0.058  0.000  0.206  0.033 -0.042 -0.219  0.061  0.000  0.051  0.052 -0.120 -0.039  0.064 -0.209  0.024  0.277
P        0.073  0.048  0.016  0.220  0.097  0.158 -0.252  0.240  0.141  0.266  0.047  0.087  0.000  0.246  0.179  0.064  0.195  0.183  0.000  0.047  0.349
Q        0.124  0.094  0.123  0.047  0.152  0.119 -0.119 -0.046  0.179  0.145 -0.125  0.240  0.000  0.144  0.056  0.028  0.028  0.000 -0.155  0.272 -0.056
R        0.029  0.165  0.008  0.114  0.184  0.065  0.154  0.239  0.173  0.199 -0.175  0.138  0.000  0.077  0.127  0.029  0.121  0.107  0.061  0.187  0.126
S        0.076 -0.314  0.091  0.186  0.279  0.183  0.188  0.152  0.140  0.189  0.056  0.141  0.000  0.104  0.178  0.098  0.050  0.000  0.220  0.032  0.170
T        0.075  0.000  0.126  0.056  0.384  0.147  0.009  0.000  0.122  0.207  0.040 -0.060  0.000  0.125  0.092 -0.086  0.019  0.207  0.000  0.117  0.000
V        0.082  0.068  0.228  0.158  0.314  0.131  0.137  0.000  0.190  0.393 -0.066  0.304  0.000  0.142  0.207  0.045  0.158  0.000  0.163  0.000  0.000
W        0.000  0.000  0.161 -0.282  0.000  0.201  0.000  0.000  0.302 -0.068 -0.099  0.206  0.000  0.000 -0.127  0.121 -0.271 -0.108  0.000  0.000  0.000
Y        0.010  0.000  0.016  0.217 -0.174  0.270  0.000 -0.061  0.127  0.212  0.000  0.107  0.000  0.133  0.052  0.102  0.106  0.001  0.000  0.000  0.000
X        0.000  0.000  0.222  0.180  0.379  0.000  0.000  0.000  0.000  0.353  0.000  0.000  0.000 -0.208 -0.099  0.089  0.320  0.000  0.000  0.000  0.000
