i-1/i     A      C      D      E      F      G      H      I      K      L      M      N      P      Q      R      S      T      V      W      Y      X
A        0.993  0.905 -1.048  0.722 -1.164  0.525  0.775  1.105  1.292 -1.155  0.626  0.006  0.000  0.327 -0.796  0.603 -1.368  0.537  0.098 -0.982  1.933
C       -0.540  2.416 -0.085  0.000  0.000  2.650  0.000 -0.433  0.485  1.170  0.057  0.000  0.000 -1.784  0.000 -0.011  0.000  0.000 -1.231  0.000  0.000
D       -0.192 -0.199  1.239 -0.121 -1.201  0.930 -0.219  0.042  1.176 -1.275 -0.048  0.225  0.000 -1.027 -1.106  1.198 -1.562  1.512  0.670 -1.876  0.000
E        0.464  0.000  0.049  1.379  0.365  1.637 -0.795  1.507  2.537  0.156 -0.059  0.473  0.000 -0.853  1.359  1.428 -0.665  0.272  2.658  0.759 -1.000
F        0.152  0.000 -0.436  0.195  0.432  0.304  0.000 -0.496 -1.190  1.320  0.705  0.000  0.000 -0.587 -2.616 -1.186 -2.166  2.033 -1.732  2.446  0.000
G        0.583 -1.147  1.041  1.467  0.193  0.401  0.059  0.862  1.510 -1.038  0.222 -0.260  4.857 -1.224  1.441  1.077 -1.064  0.487  0.890 -1.834  0.010
H        1.594  0.000 -1.077  1.354  0.106  0.609 -0.106 -0.897 -0.505 -0.443  0.000 -0.188  0.000  0.254 -0.936  1.191 -2.531  0.874  0.000  0.000  0.000
I        0.752 -0.056 -0.622 -0.004  2.487  1.679 -1.372  1.366  1.717  0.098 -0.752  0.551  0.000  1.028  0.544 -0.206 -0.771 -0.855  0.000 -0.410  0.000
K        1.238 -1.765  0.071  1.436  0.266  1.206 -2.290  0.000  1.645  0.705 -1.114  0.000  0.000 -0.844  1.796  1.167 -0.776 -0.314  0.458  0.572  0.072
L        0.897 -3.037  0.224  0.677 -0.874  0.678 -0.623  1.454 -0.426 -0.500 -0.793 -1.971  0.000  0.057  1.347  0.012 -0.279 -0.381 -1.191 -1.705  0.000
M       -0.016 -2.473 -0.796  0.863  1.048  1.188 -0.721  0.519  0.367  0.805 -0.238 -0.458  0.000  0.710  1.956  0.825  0.040 -0.046  0.000 -0.285  0.000
N        0.745  0.000 -0.703  0.197 -0.820  1.022  0.022  0.791  0.880 -0.776 -0.939  0.403  0.000 -1.014  1.803  0.329  0.082 -1.696 -1.118 -1.747  1.867
P        1.258  0.000 -0.977  1.315 -1.108  0.401 -1.809  2.078  0.502 -0.555 -0.680  0.171  0.000 -2.508 -0.081  0.188 -1.034 -0.651  0.916  2.164  0.000
Q        1.406  2.455  0.470  0.698 -2.340  0.484  1.829 -1.201  0.649  0.341 -0.188 -1.036  0.000 -0.759  1.013  1.182 -1.491  1.234 -1.611 -0.297  0.000
R        1.582  0.000  0.549  0.827  0.249  0.993 -1.879  1.147  0.803  0.911  0.819  0.306  0.000 -0.877  0.791  1.597 -0.719  0.781 -0.135 -0.349  0.000
S        0.161 -2.698  0.227  0.911 -1.198  1.728  0.246 -0.027  0.340 -1.047 -0.879  0.032  0.000 -1.317  0.014  0.469 -0.795  0.040  1.521  1.032 -0.960
T        1.082  1.749  0.151  1.031 -0.561  0.240  0.337  1.383  0.788 -0.779  0.609 -0.372 -4.975 -0.017  1.124  1.067  0.146 -0.703 -0.925  1.146 -2.246
V        0.223  0.000  0.636 -0.677  0.172  0.732  0.340  0.229  0.366 -0.492  1.677 -0.106  0.000  0.054 -0.189  1.176 -0.061  1.446  0.465 -2.073  0.520
W       -1.755  2.224  1.783  0.355  0.097  1.224  0.481  0.000 -0.364  0.000  0.000  2.224  0.000  0.900 -1.249  0.829  0.000  1.095 -0.840  0.000  0.000
Y        0.190 -2.272 -2.451 -0.122 -1.651 -1.709 -0.676  0.807 -0.893 -0.353  0.000  0.000  0.000 -0.725  0.140  0.715 -0.109  1.571 -0.928  1.274  1.787
X        0.000  0.000 -0.685 -1.239  0.000 -0.104  0.000  0.000 -2.151 -2.556  0.657 -2.344  0.000  0.536 -0.539 -0.118  0.529 -1.411  0.000  0.338  0.000
