i-1/i     A      C      D      E      F      G      H      I      K      L      M      N      P      Q      R      S      T      V      W      Y      X
A        1.410  2.529  0.185  0.913  0.842  1.110  0.000  0.066  0.269 -0.380  0.023 -0.686  0.000 -0.408 -0.081  0.962 -0.239  1.282  2.000 -1.067 -1.792
C        1.156 -0.398 -0.261  0.000 -1.108  1.243  0.000 -1.585  0.910 -1.015  0.000  0.000  0.000  0.000  0.000  1.836 -1.259 -1.881  0.000 -2.325  0.000
D        1.199  0.733 -0.165  0.309 -0.454  0.223 -0.816  0.599  1.207 -0.211 -0.537 -0.551  0.000 -1.808 -0.618  1.186 -1.080 -0.005 -1.269  2.059  0.386
E        1.252  0.000 -0.800  0.631 -0.631  0.811 -0.930  1.858  0.901 -0.997  1.135 -1.359  0.000 -0.464  0.440  0.599 -0.975  0.016  1.990  0.145 -1.139
F        0.990  0.000 -0.113  0.024 -0.326  1.159 -1.113  1.215  0.766 -0.903  0.598  0.149  0.000 -0.640  0.456 -0.153  0.610  0.000  2.508 -0.592  0.000
G        1.320 -1.273  0.392  1.144 -0.850  0.350 -0.800  0.396  0.228 -0.822  0.063 -1.249  0.000 -1.354  0.392  0.238 -0.947  1.309  1.727 -0.591  1.985
H        0.876 -0.198  0.276 -0.548 -1.812 -0.149 -0.280  0.904  1.247 -0.212 -0.284 -0.517  0.000 -0.385 -0.420  1.486  0.000 -0.451 -0.091 -0.188  0.000
I        0.973  1.210  0.295  0.024 -1.487  0.134  0.386  0.079  0.464 -1.097 -0.620 -0.206  0.000 -1.672  0.263  0.168 -0.098 -1.592  0.673 -0.507  0.000
K        0.275  0.085 -0.423  0.590 -1.350  0.960 -0.017  0.363  0.870 -0.957  0.255  0.057  0.000 -1.000 -0.912  0.191 -0.662  0.005 -0.226 -1.557  1.743
L       -0.393  0.000 -0.581  0.458 -0.456 -0.308 -0.527  0.435 -0.413 -1.447 -0.961 -1.107  0.000 -1.506  0.028  0.089 -1.630  1.363 -1.397  1.141  0.000
M        0.031  2.875 -0.588  2.462 -0.059  1.571  0.000 -0.728  0.200 -2.246 -0.318 -1.380  0.000 -0.975  1.824 -0.006 -0.348  0.509  0.000  1.857  1.827
N        0.139  0.000  0.587  0.225  0.899  0.310 -0.699  1.442  1.366  1.126  1.675  0.794  1.337 -2.018  0.181  0.619 -0.684  0.960 -1.676 -1.526  0.000
P        0.795  0.847 -0.117  1.290  0.915  0.129  0.213  0.691 -0.114 -0.508 -2.068 -2.498  0.000 -1.399 -0.141  0.045 -0.639  0.400 -3.089  0.733  1.848
Q        0.257 -0.095 -0.116  0.195  0.981  0.813  0.139 -0.168  1.659  0.259 -1.421 -0.381  0.000 -0.737  0.014  1.401 -1.110 -0.296  0.980 -0.599  0.000
R        0.626  0.000  0.897  0.893  0.118  0.469 -0.004  0.378  0.972  0.509 -0.472 -0.649  0.000 -0.342  0.710  0.336 -0.728  0.357  0.373 -0.700  0.000
S        0.810 -0.111 -0.683  1.003 -0.180  1.188  0.603  0.441  0.837  0.372 -0.666 -0.551  0.000 -2.134  0.741  0.912  0.252  0.354 -0.030 -0.956  1.199
T        0.840  0.177  0.710 -0.001  1.122 -0.443 -1.235  0.179 -0.014 -0.165  0.105 -1.200  0.000 -0.541  0.483  1.027 -0.628  1.207 -0.520 -1.548  2.352
V       -0.540  0.000 -0.630  0.811 -0.746  0.631 -1.536  0.689  0.622 -0.023 -1.336 -1.951  0.000 -1.599 -0.236  0.784  1.449  0.520  0.000 -0.639  0.241
W       -0.809 -1.841  1.591 -0.633 -2.314  0.210  0.000  0.000 -0.662 -1.600  0.000 -2.651  0.000  0.000  1.733 -0.776  0.000 -1.889  0.000  0.306  0.000
Y        0.662  0.000 -1.063  0.442 -0.878  0.507  1.859 -1.109 -0.065 -0.847 -0.306 -1.471  0.000 -0.261 -0.346  1.299  0.000  0.948  0.000  0.000 -1.406
X        1.452  0.000  0.000 -0.960  0.000  0.531  0.000  0.000 -2.326  0.000  0.000  3.024  0.000  2.052  0.000  0.994  0.000 -0.792  0.000  0.261  0.000
