i-1/i     A      C      D      E      F      G      H      I      K      L      M      N      P      Q      R      S      T      V      W      Y      X
A        0.681  2.347 -0.269  1.492 -0.851  0.037 -1.762  0.171  1.309 -0.179 -0.160 -0.645  0.000 -0.237  0.549  0.491 -0.839 -0.496  0.000 -0.208  0.000
C       -1.283  1.725  0.711  1.187  0.255  0.851  0.000 -1.508  2.570  0.349  0.895 -1.592  0.000  0.000  0.557  1.152 -1.359 -0.079  0.000  0.000  0.000
D        0.159 -2.237  0.381  0.040 -0.990  0.556 -1.166 -0.547  0.592 -0.229 -0.175 -1.049  0.000 -0.605  0.048  0.013 -1.763  0.029  0.382 -1.063 -0.761
E        0.429  0.151 -0.137  0.489  0.405  0.328  0.743  0.477  0.335 -0.329 -1.253 -1.896  0.000 -1.137 -0.158  0.014 -0.476  0.240 -1.035  1.098  0.767
F        0.001  0.000 -1.255  0.867  1.908 -0.255  0.675 -0.427  0.824  1.032  1.189 -0.880  0.000 -0.728  0.385 -0.525  0.221 -0.353 -1.786 -0.264  0.000
G        0.492  1.942 -0.685  1.329  0.121  0.453 -0.726  0.095  0.404 -0.679  0.040 -0.201  0.000 -1.782 -0.444  1.108 -1.815 -0.754  1.050 -0.987 -2.354
H        0.924 -0.950 -0.861  0.172  1.130  0.422 -0.458  0.263 -0.784 -0.416 -2.209  0.768  0.000 -0.789 -1.047  0.474 -1.501 -0.040  1.157 -0.398  0.000
I       -0.357  0.000  0.332  0.600 -1.801 -0.046 -0.298  0.573  0.752 -0.274 -1.793 -1.500  0.000 -0.328 -0.988  0.831  0.750  0.980  0.537 -1.444  0.000
K        0.169  2.519  0.192  0.515 -1.517  1.071 -1.977  0.952  1.138 -0.692 -1.363 -1.073  0.000 -1.102  0.588  0.383 -0.748  0.833 -0.450  0.802  0.000
L       -0.455 -0.670 -0.346  0.499  0.118 -0.351 -2.595  0.576  0.308 -0.725 -1.102 -1.549  0.000 -2.068 -0.652  0.024  0.238  1.310  0.170 -1.204  0.000
M        0.702  0.000 -0.662  0.168  1.097  0.963 -1.079  2.200 -0.122  0.190  0.201 -2.472  0.000 -1.493  0.323 -0.272 -1.371  1.139 -0.288  0.000  0.000
N        0.274 -1.040  0.374  0.182 -1.220  0.569  0.000 -0.461 -0.106 -1.050  0.438 -0.277  1.189 -0.465 -0.003  0.186 -2.042  0.172 -0.797 -1.091 -0.771
P        1.663  2.203  0.578  0.880 -0.761  0.525 -1.294  1.407  1.507  0.051  0.970 -0.475 -1.414 -0.274  0.345  1.110  0.812  0.982  1.839 -0.063  1.352
Q        1.057  0.794 -0.448  0.220 -1.622  1.149  0.861  0.072  0.424 -0.613 -1.667 -1.277  0.000 -1.371  0.681  0.137 -0.439  1.582  0.907 -1.939  0.015
R        1.749  1.361  0.496  0.870 -1.152  0.796  1.378  0.226  0.375 -0.061 -0.857 -0.805  0.000 -1.489 -0.037  0.098 -0.414 -0.148  1.692 -0.601  1.697
S        0.686 -1.345 -0.143  0.893  0.188  1.960 -1.147 -0.724  0.734 -1.024 -0.474 -1.679  0.000 -1.889 -0.355  0.376 -0.352 -0.599 -0.160 -0.262  0.184
T        1.067  1.169 -0.127  0.131 -0.892  1.598 -0.970  1.298  0.608 -0.531  0.011  0.822  0.000 -0.745  1.034  0.774 -0.241 -0.055  1.543  0.670  2.069
V        0.611  0.000 -0.305 -0.479 -0.843 -0.124  0.715  1.510  0.602 -0.490  1.529 -0.422  0.000 -2.185  0.483  0.874 -0.349  0.930 -0.872  0.582 -0.788
W        0.000  0.000  1.060  0.134  0.000  0.106  0.000  0.000 -0.464 -1.614  0.000 -0.053  0.000 -1.266  0.151 -0.549 -0.164 -0.434 -3.371 -1.886  0.000
Y       -0.614  0.000 -1.379 -0.083  2.738 -0.760  2.566  0.067  0.027 -0.726 -0.267 -2.708  0.000 -1.598 -0.130  1.035 -1.829 -0.548  0.000 -0.546  0.000
X       -0.660  0.000  0.958 -0.368  0.000  0.266  0.000  0.000 -1.847 -1.667  0.000 -2.773  0.000  0.000  0.000 -1.663 -1.400 -2.413  0.000  0.000  0.000
