i-1/i     A      C      D      E      F      G      H      I      K      L      M      N      P      Q      R      S      T      V      W      Y      X
A       -1.130  0.000 -1.482 -0.849 -1.849 -0.786 -2.529 -0.756 -1.075 -1.142 -1.842 -2.600  0.000 -1.534 -1.351 -0.655 -0.855 -1.729 -2.943 -0.820 -1.916
C        2.682  0.000  0.059  0.980  0.000  1.265  0.000  0.000  0.000 -0.393  0.000  1.506  0.000  0.113  2.371  2.161 -2.705  0.852  0.000  0.000  0.000
D       -0.432 -0.652 -0.278 -0.718 -1.556  0.322 -1.807 -0.983 -0.244 -1.428 -0.282 -1.540  0.000 -2.102 -1.433 -1.140 -2.115 -1.288 -1.722 -0.067 -0.341
E        1.305  0.000  0.099  0.987 -0.962  1.051 -1.049  1.022  0.233 -0.025 -0.280 -1.374  0.000 -0.791  1.127  1.046 -0.126  0.718  0.999 -0.323 -1.610
F        0.148  0.000 -0.214  1.276  0.170  0.258  2.501 -0.870  1.006 -2.617  0.000  0.709  0.000 -0.521 -0.145  1.225 -0.879  0.483  0.000  1.058  0.000
G       -0.997 -1.907 -0.571 -0.590 -2.313 -0.481 -2.374 -0.383 -1.583 -2.090 -1.535 -2.587  0.000  0.000 -1.599 -0.141 -2.576 -1.197 -1.255 -1.923 -1.122
H        0.604  0.000 -0.901 -0.461  2.014  0.645  0.705  1.058  0.339 -0.735 -0.335  0.547  0.000  0.000  0.303 -1.106 -1.291  2.635 -1.406  0.855  0.000
I        0.000  0.000  0.000  0.000  0.666  3.419  2.187  0.000  2.525  1.643  0.000  1.397  0.000  0.000  0.000  0.000  0.826  0.000  0.000  2.442  0.000
K        1.137  0.677 -0.517  0.680 -0.584  1.211  0.000  1.745  1.076  0.318  0.016 -0.515  0.000 -0.848 -0.212  0.276 -0.808  0.847 -0.123 -1.481  0.480
L       -0.402 -0.119 -0.545  1.146 -1.123 -0.914  0.374  0.127  0.980 -0.366  0.118 -0.966  0.000 -1.455  1.899  0.353 -1.534  0.166 -0.806 -2.069  0.369
M        0.793  0.000  0.761  1.378  0.302  1.216  1.685  0.647  1.284  0.893  0.662  1.063  0.000 -0.862  0.606  1.344 -0.631  1.089 -0.875  0.449  0.000
N       -0.713 -2.941  0.368 -0.233  1.122  0.893  0.000 -0.832 -0.844 -1.878 -1.413 -1.823  0.000 -2.325 -1.302  0.020 -1.169 -1.302 -1.235 -1.044 -0.539
P       -0.344 -2.109 -2.283 -0.441 -1.714  0.406 -1.719  0.457  0.259 -1.190 -1.887 -2.631 -0.771 -1.520 -0.119  0.312 -2.033 -0.384  0.266 -0.704  0.103
Q        1.207  0.783 -0.228  0.828  0.354  0.573 -1.479  1.526  1.126 -0.716 -1.122 -0.843  0.000 -0.935  0.141  0.207 -2.417 -1.323  0.581 -1.431  0.000
R        0.898  0.475 -0.390  1.190  0.589  0.105  0.129  0.762  1.247 -0.411  1.123 -0.543  0.000 -1.656  0.221 -0.037 -0.653 -0.263 -0.807 -0.630 -2.219
S        1.519 -0.501  1.104  1.260 -0.697  2.156 -0.191 -0.186  2.151 -0.299  0.717  0.440  0.000 -0.098  1.626  1.520 -0.649  0.602  0.016  1.151 -1.349
T        2.038  3.004  0.294  2.560  1.963  1.339  1.294  0.000  1.878  0.885  0.444  0.313  0.000  0.399  1.659  1.061  0.625  2.017  2.436  1.286  2.303
V        2.676  1.323  0.000  0.000  1.827  2.903 -0.447  0.000  0.000  0.000  0.000  2.736  0.000  1.881  0.000  2.120  1.029  2.790  0.000  2.070  0.000
W        0.000  0.000  0.640 -1.226  2.166 -1.200  0.000  0.000 -0.099  0.599  0.521  0.645  0.000  0.393 -0.146  0.000  1.494  2.183 -2.431  0.000  0.000
Y        1.108  0.000 -0.943  0.622 -1.477  0.700  1.121  0.156  1.842  1.322  0.797 -0.813  0.000 -1.133  0.827  1.317 -0.781  2.359  1.838  0.000  0.000
X        0.000  0.000  0.130  0.000  0.000  0.724  0.000  0.000  0.000  0.000  0.000  0.000  0.000  0.481 -0.276  0.804  1.849 -1.909  0.000  0.000  1.137
