i-1/i     A      C      D      E      F      G      H      I      K      L      M      N      P      Q      R      S      T      V      W      Y      X
A        0.748  0.000 -0.147  0.800  0.000  0.000  0.000  0.000  0.441 -0.697  0.000  0.000  0.166  0.184  0.000  0.569  0.000  0.000  0.000  0.000  0.000
C        0.000  0.000  0.000  0.000  0.000  0.000  0.000  0.000  0.000  0.000  0.000  0.000  0.000  0.000  0.000  0.000  0.000  0.000  0.000  0.000  0.000
D        0.292  0.000  0.000  0.000  0.000  0.000  0.000  1.408  0.000  0.000  0.000  0.000  0.144  0.000  0.000  0.000  0.000  0.000  0.000  0.000  0.000
E        0.000  0.000 -1.134  0.000  0.000  0.000  0.000  0.000  0.353 -0.750  0.000  0.000  0.387 -0.035  0.000  0.384 -0.123  0.903  0.000  0.000  0.352
F        0.000  0.000  0.000  0.000  0.734  0.000  0.000  0.000  0.933  0.000  0.000  0.000 -0.368  0.000  1.315 -0.038 -0.218  0.832  0.000  0.000  0.000
G       -0.570  0.000  0.000 -1.146  0.000  0.000  0.000  1.513  0.000 -0.647  0.000  0.000 -0.009  0.000  0.000  0.000  0.000  0.000  0.000  0.000  0.000
H        0.000  0.000  0.000  0.000  0.000  0.000  0.000  0.000  0.000  0.000  0.000  0.000  0.276 -1.171  0.000  0.000  0.000  0.000  0.000  0.000  0.000
I        0.000  0.000  1.011  1.517  0.000  0.588  0.000  0.000 -0.298  0.223  0.000  0.414  0.013  0.000  1.436  0.972  0.342 -0.121 -1.015  1.943  0.000
K       -0.158  0.000  0.543 -1.123  0.000  0.000 -0.596 -0.007  0.000 -0.289  0.000  0.000  0.180  0.000  0.941 -0.336 -0.110  0.446  0.000  0.000  0.000
L        0.000  0.000  1.264  0.000  0.000  0.000  0.140 -1.311  1.225 -0.474  0.000  0.000  0.554 -0.902  1.634 -0.550 -0.601  0.251  0.000  0.000  0.000
M        0.000  0.000  0.000  0.566  0.000  0.000  0.000  0.000  0.000  0.000  0.000  0.000  0.000  0.434  0.000  0.061 -0.466  0.000  0.000  0.000  0.000
N        0.000  0.000  0.000  0.000  0.000  0.000  0.000  0.000  0.000  0.000  0.000  0.000 -0.080  0.000  0.000  0.000  0.688  0.000  0.000  0.000  0.000
P       -1.032  0.000  0.241  1.113  0.000  0.000  0.000  0.322  0.346  0.500  0.000 -0.834  0.043  0.368  1.270 -0.066  0.188  1.337  0.000  0.000  0.000
Q       -1.117  0.000  1.070  0.300  0.000  0.000  0.000  0.000  0.000 -0.580 -0.311  0.000 -0.324  0.000  0.000 -0.058  1.091  0.000  0.000  0.000  0.000
R        0.745  0.000  0.449  0.000  0.000  0.000  0.000  0.668  1.192  0.196  0.000  0.834 -0.350  0.000  1.416  0.045  0.000  1.369  0.000  0.000  0.000
S        0.000  0.000  0.000  0.287  0.000  0.000  0.000  0.000  0.000  0.000  0.000  0.000 -0.145  0.000  0.000  0.000  0.000 -0.186  0.966  0.000 -0.915
T        0.000  0.000  1.496  0.000  0.000 -0.044  0.000 -0.858 -0.487  0.909  0.000  0.000 -0.454  0.000  1.671 -0.236  0.000  1.280  0.000  0.000  0.000
V        0.000  0.268 -0.268  1.435  0.252  0.000  0.000  0.349  0.000  0.684  0.000  0.000  0.022  0.000  0.000 -0.098 -0.882  0.000  0.000  0.000  1.243
W        0.000  0.000  0.000  1.084  0.000  0.000  0.000  0.000  0.000  0.000  0.000  0.000 -0.378  0.000  0.000  0.000  0.000  0.000  0.000  0.000  0.000
Y        0.000  0.000  0.000  0.983  0.000  0.000  0.000  0.000  0.000  0.000 -0.882  0.000  0.571  0.000  0.000  0.000 -1.486  0.000  0.000  0.000  0.000
X        0.000  0.000  0.000  0.000  0.000  0.000  0.000  0.000  0.000  0.000  0.000  0.000  0.000  0.000  0.000  0.000  0.719  0.000  0.000  0.000  0.000
