i-1/i     A      C      D      E      F      G      H      I      K      L      M      N      P      Q      R      S      T      V      W      Y      X
A        0.183  0.000 -0.580  0.000  0.000 -0.290  0.000  0.000 -1.543 -0.737  0.000  0.000 -0.186  0.000 -0.550  0.000 -0.464  0.000  0.000  0.000  0.000
C        0.000  0.000  0.000  0.000  0.000  0.000  0.000  0.000  0.000  0.000  0.000  0.000  0.000  0.000  0.000  0.000  0.000 -0.787  0.000  0.000  0.000
D        0.195  0.000  0.000 -1.116  0.900  0.000  0.000  0.995 -0.815 -0.627  0.000  0.000  0.096 -0.559 -0.272  0.000  1.012  1.291  0.000  0.000  1.293
E        0.563  0.000  1.067  0.000  0.000  0.321  0.000  0.083 -1.598 -0.122 -0.475  0.000  0.125  0.701  0.000 -0.926  0.000 -0.246  0.180 -0.313  0.000
F        0.000  0.000  0.000  0.387 -0.693  0.000  0.000  0.000  0.155  0.000  0.000  0.000  0.000  0.000  0.000  0.000  0.000 -1.492  0.000  0.000  0.000
G        0.000  0.000  0.000  0.000  0.000  0.000  0.000  0.239  0.000  0.000  0.000  0.000  0.000  0.000  0.000  0.000 -0.501  0.000  0.000  0.000  0.000
H        0.000  0.000  0.000 -0.787  0.000  0.000  0.000  0.000 -0.181  0.860  0.000  0.000  0.000  0.000  0.000  0.000  0.063  0.000  0.000  0.000  0.000
I        0.000  0.000 -0.939  0.000  0.000 -0.196  0.000  0.929 -0.554 -0.591  0.000  0.000 -0.643  0.000 -1.037  0.106 -0.697  0.554  0.000  0.000  0.000
K       -0.407  0.000  0.000 -0.360  1.157  0.000  0.000  1.519 -1.159  0.625  0.000  0.000 -0.534  0.000  0.136  0.000 -1.174 -1.289  0.000  0.000  0.513
L       -0.709  0.000  0.000 -0.949  0.000 -0.005  0.000  0.046 -0.917 -0.570  0.000  0.000 -0.562  0.000 -0.610  0.000 -0.051  0.000  0.000  1.026  0.000
M        0.000  0.000  0.000  0.000  0.000  0.000  0.000  0.000  0.000  0.000  0.000  0.000  0.000  0.114  0.000  0.412  0.000  0.000  0.000 -0.831  0.000
N        0.000  0.000  0.000  0.000  0.000  0.000  0.000 -0.560  0.000  0.633  0.000  0.000  0.000 -1.171  0.271  0.000  0.000  0.000  0.000  0.000  0.000
P       -0.207  0.000  0.035 -0.299  0.609 -0.223 -0.760 -0.045 -0.011 -0.356  0.000  0.158 -0.166 -0.134 -0.262 -0.254 -0.692 -0.345  0.043 -0.783  0.000
Q       -0.443  0.000  0.000  0.050  0.000  0.000 -0.910  0.000  0.000 -0.545 -0.391  0.000 -0.459  0.000  0.000  0.000  0.362  0.000  0.000  0.000  0.000
R        0.000  0.000  0.000  0.000  0.901  0.000  0.000  0.000  0.181  0.177  0.000  0.000 -0.091  0.000  0.282  0.000  0.245 -1.145  0.000  0.000  0.000
S       -0.082  0.000  0.000 -0.098 -1.175  0.000  0.000 -1.064 -0.696  0.664  0.180  0.000 -0.013 -0.204 -1.091 -0.586  0.141  0.291  0.000  0.000  0.000
T        0.000  0.000  0.000 -0.005  0.221  0.000  0.000  0.000  1.109  0.491 -0.948 -0.454 -0.296  0.050  0.000  0.000  0.000 -1.125  0.000 -0.296 -0.493
V       -0.202  0.000  0.000 -0.338 -1.450  0.000  0.000 -0.917 -0.049  0.382  0.000  0.000 -0.844  0.000 -1.400  0.604  0.662 -1.014  0.000  1.025 -0.293
W        0.000  0.000  0.000  0.000  0.000  0.000  0.000  0.000  0.000  0.000  0.000  0.000  0.000  0.000  0.000  0.172  0.000  0.000  0.000  0.000  0.000
Y        0.000  0.000  0.000  0.000  0.000  0.000  0.000 -0.083  0.000  0.000  0.000  0.000  0.000  0.000  0.000  0.000  0.000  0.000  0.000  0.000  0.000
X        0.000  0.000  0.000 -1.209  0.000  0.000  0.000  0.000  0.000  0.000  0.000  0.000  0.000  0.000  0.270  0.821  0.000  0.159  0.000  0.000  0.000
