i-1/i     A      C      D      E      F      G      H      I      K      L      M      N      P      Q      R      S      T      V      W      Y      X
A       -0.274  0.000 -0.400  0.109  0.000  0.000  0.000  0.000  0.335 -1.124  0.000  0.000  0.220  0.065 -1.411 -1.197  0.000 -0.481  0.000  0.000  0.000
C        0.000  0.000  0.000  0.000  0.000  0.000  0.000  0.000  0.000  0.000  0.000  0.000  0.000  0.000  0.000  0.000  0.000  0.000  0.000  0.000  0.000
D        0.039  0.000  0.000 -0.961  0.000  0.000  0.000  0.111  0.000  0.000  0.000  0.000 -0.474  0.000  0.000  0.000  0.000  0.000  0.000  0.000  0.000
E        0.000  0.000 -0.389  0.000 -1.075  0.000  1.465  0.000  0.665 -0.724  0.000 -1.107  0.239  0.000  0.000  0.412 -0.257 -0.171  0.000  0.000  0.000
F        0.000  0.000  0.539  0.000  1.305  0.000  0.000  0.000  0.000  0.000  0.000  0.000  0.046  0.000 -0.545 -0.232  0.000 -0.790  0.000  0.000  0.000
G        1.143  0.000  0.000  0.058  0.000  0.000  0.000 -1.172  0.000  0.216  0.000  0.000  0.328  0.000  0.000  0.000  0.000  0.000  0.000  0.000  0.000
H        0.000  0.000  0.000  0.000  0.000  0.000  0.000  0.000  0.000  0.000  0.000  0.000  0.425  0.000  0.000  0.000  0.000  0.000  0.000  0.000  0.000
I        0.000  0.000  0.193 -0.847  0.000  0.000  0.000 -0.244  1.479  0.229  0.000  0.229  0.281  0.000  0.000 -0.126 -0.467 -1.121  0.000  0.000  0.000
K       -0.368  0.000 -1.394 -1.571 -1.549  0.000  0.000 -0.279 -0.606 -1.309  0.000  0.000 -0.314  0.000 -1.594  0.153  0.000  0.181  0.000  0.000  0.000
L       -1.151  0.000 -1.444 -1.567  0.000  0.000 -0.193 -1.416 -1.053  0.864  0.000 -0.114 -0.253 -1.688  0.000 -0.830  0.910 -0.055  0.000  0.000  0.000
M       -0.873  0.000  0.000 -0.655  0.000  0.000  0.000  0.000  0.000  0.000  0.000  0.000  0.000 -1.527  0.000  0.807  0.000  0.000  0.000  0.000  0.000
N        0.000  0.000  0.000  0.000  0.000  0.000  0.000  0.000  0.000  0.000  0.000  0.000  0.366  0.000  0.000  0.000  0.000  0.000  0.000  0.000  0.000
P       -0.449  0.000  1.090 -0.301  0.000  0.000  0.000 -0.261  0.015 -0.563  0.000 -1.161 -0.464 -0.850 -0.804  0.091  0.185 -0.773  0.000  0.000  0.000
Q        0.999  0.000 -0.247  0.466  0.000  0.000  0.000  0.000  0.000 -1.454  0.965 -0.822  0.407  0.000  0.000  0.495 -0.392  0.000  0.000  0.000  0.000
R        0.903  0.000 -0.247  0.000  0.000  0.000  0.000  0.166  0.682 -0.401  0.000 -0.413  0.169  0.000 -0.373  0.694  0.000  0.126  0.000  0.000  1.070
S        0.000  0.000  0.000  0.072  0.000  0.000  0.000 -0.146  0.000  0.000 -0.403  0.000  0.047  0.000  0.000  0.000  0.000  0.179  0.222  0.000 -1.378
T        0.208  0.000  0.579  0.000  0.000  0.000 -0.045 -1.456  1.472 -0.212  0.000  0.000  0.546 -1.053 -0.839 -0.136  0.000 -0.067  0.000  0.000  0.000
V       -0.652  0.988 -0.028 -0.128  0.000  0.000  0.000  0.000  0.000 -1.263  0.000  0.000 -0.363  0.000  0.149 -0.341 -0.039  0.000  0.000  0.000  1.558
W        0.000  0.000  0.000 -0.770  0.000  0.000  0.000  0.000  0.000  0.000  0.000  0.000 -0.501  0.000  0.000  0.000  0.000  0.000  0.000  0.000  0.000
Y        0.000  0.000  0.000 -1.621  0.000  0.000  0.000  0.000  0.000  0.400  0.760  0.000 -0.066  0.000  0.000  0.000 -0.030 -0.806  0.000  0.000  0.000
X        0.000  0.000 -0.668  0.000  0.000  0.000  0.000  0.000 -1.195  0.000  0.000  0.000  0.000  0.000  0.000  0.000  0.000 -1.050  0.000  0.000  0.000
