i-1/i     A      C      D      E      F      G      H      I      K      L      M      N      P      Q      R      S      T      V      W      Y      X
A       -0.374  0.000 -0.811  0.000  0.000  0.000  0.000  0.000  0.569  0.948  0.000  0.000  0.664  1.772  0.934  0.000  1.010  1.144  0.000  0.000  0.000
C        0.000  0.000  0.000  0.000  0.000  0.000  0.000  0.000  0.000  0.000  0.000  0.000  0.000  0.000  0.000  0.000  0.000  0.000  0.000  0.000  0.000
D        0.000  0.000  0.000  0.353  0.000  0.000  0.000 -0.921  0.074 -0.913  0.000  0.000  0.351 -0.285 -1.550  0.000 -0.389 -0.837  0.000  0.000 -0.073
E        0.099  0.000  0.764  0.000  0.000  0.000  0.000  0.304  1.160 -0.340  0.000  0.000 -0.062 -0.623  0.000  0.000  0.000 -1.124 -0.203  0.545  0.000
F        0.000  0.000  0.000  0.441 -0.255  0.000  0.000  0.000 -0.023  0.000  0.000  0.000  0.000  0.000  0.000  0.000  0.000 -0.438  0.000  0.000  0.000
G        0.000  0.000  0.000  0.000  0.000  0.000  0.000  0.632  0.000  0.000  0.000  0.000  0.000  0.000  0.000  0.000  0.000  0.000  0.000  0.000  0.000
H        0.000  0.000  0.000  0.000  0.000  0.000  0.000  0.000 -1.018 -1.005  0.000  0.000  0.000  0.000  0.000  0.000 -0.270  0.000  0.000  0.000  0.000
I        0.000  0.000  0.000  0.000  0.000  0.000  0.000  0.932  0.278  0.670  0.000  0.000 -0.003  0.000  1.054 -0.703  0.320 -0.677  0.000  0.000  0.000
K       -0.275  0.000  0.000  0.393  0.000  0.000  0.000  0.131  0.521  0.270  0.000  0.000  0.058  0.000  0.505  0.000  0.978  0.581  0.000  0.000 -0.416
L       -1.190  0.000  0.000 -0.501  0.000  0.000  0.000  1.246  1.056  0.742  0.000  0.000 -0.316 -1.275  0.347  0.000  0.761  0.772  0.000 -0.687  0.000
M        0.000  0.000  0.000  0.000  0.000  0.000  0.000  0.000  0.000  0.000  0.000  0.000  0.000 -0.297  0.000 -0.546  0.000  0.000  0.000  0.565  0.000
N        0.000  0.000  0.000  1.223  0.000  0.000  0.000 -0.757  0.000  0.558  0.000  0.000  0.196  0.000 -0.813  0.000  0.000  0.000  0.000  0.000  0.000
P       -0.192  0.000  0.729 -0.258  0.224  0.000 -1.482 -0.064 -0.250 -0.031  0.000  1.062 -0.061  1.010 -0.231 -0.363 -0.181 -0.111 -0.451 -0.264  0.000
Q        0.000  0.000  0.000  0.000  0.000  0.000  0.686  0.000  0.000 -0.898 -1.515  0.000 -0.826  0.000  0.000  0.000 -0.160  0.000  0.000  0.000  0.000
R        0.332  0.000  0.000  0.000  0.380  0.000  0.000  0.000  0.972 -0.695  0.000  0.000 -0.021  0.000  1.105  0.000  0.042  0.693  0.000  0.000  0.000
S        0.329  0.000  0.000 -0.530 -0.910  0.000  0.000  1.355 -0.801  0.581  0.055  0.000 -0.142  0.781  0.000  0.631 -0.399 -0.748  0.000  0.000  0.000
T        0.000  0.000  0.000 -0.527  0.000  0.000  0.000 -0.248  0.000 -1.562  0.000  0.272  0.421 -0.723  0.000  0.000  0.000  1.146  0.000  1.117  0.000
V        0.000  0.000  0.000  0.013  1.539  0.000  0.000  0.711 -0.024  1.547  0.000  0.000 -0.697  0.000 -0.242 -0.105  0.678  0.000  0.000  0.000 -1.729
W        0.000  0.000  0.000  0.000  0.000  0.000  0.000  0.000  0.000  0.000  0.000  0.000  0.000  0.000  0.000 -0.220  0.000  0.000  0.000  0.000  0.000
Y        0.000  0.000  0.000  0.000  0.000  0.000  0.000  0.000  0.000  0.000  0.000  0.000  0.000  0.000  0.000  0.000  0.000  0.000  0.000  0.000  0.000
X        0.000  0.000  0.000  0.000  0.000  0.000  0.000  0.000  0.000  0.000  0.000  0.000  0.000  0.000 -0.899  0.000  0.000  0.784  0.000  0.000  0.000
