i-1/i     A      C      D      E      F      G      H      I      K      L      M      N      P      Q      R      S      T      V      W      Y      X
A        0.882  0.000  0.011  0.409  0.000  0.000  0.000  0.000 -0.879  0.000  0.352  0.000 -0.087  0.000  0.423 -0.017  0.075  0.505  0.000  0.000  0.000
C        0.000  0.000  0.000  0.000  0.000  0.000  0.000  0.000  0.000  0.000  0.000  0.000  0.000  0.000  0.000  0.000  0.000  0.000  0.000  0.000  0.000
D        0.000  0.000  0.000  0.000  0.000  0.000  0.000  0.000  0.000  0.000  0.000  0.000  0.214  0.606  0.000  0.614  0.000  0.753  0.000  0.000  0.000
E        1.498  0.735  1.169  0.518  0.000  0.000  0.000  0.923  0.651  0.625  0.000  1.159 -0.415  0.000  0.000  0.000 -0.046  0.372  0.624  0.000  0.000
F        0.000  0.000 -1.706 -0.430  0.000  0.000  0.000  0.000  0.000  0.000  0.000  0.000 -0.314  0.000  0.000  0.002 -0.836 -0.828  0.000  0.000  0.000
G        0.000  0.000  0.000  0.000  0.000  0.000  0.000  0.471  0.000 -0.213  0.000  0.000  1.234  0.000  0.000  0.000 -0.899  0.000  0.000  0.000  0.000
H        0.000  0.000  0.000  0.000  0.000  0.000  0.000  0.000  0.000  0.000  0.000  0.000  0.381  0.000  0.000  0.000  0.000  0.000  0.000  0.000  0.000
I        0.861  0.000  0.000  0.148  1.450  0.000  0.000 -0.580  0.304  0.168  0.000  0.000 -0.175  0.000  0.732  1.320 -0.008 -0.155  0.000  0.000  0.000
K        0.000  0.000  0.000  0.749  0.000  0.000  0.000 -0.203  0.129 -0.698  0.000  1.087 -0.382  0.000  0.000 -0.095  0.000  0.565  0.000  0.000  0.000
L       -0.708  0.000 -0.296 -0.215  0.000  0.000  0.245  0.000 -0.189 -0.288  0.000  0.000 -0.433  0.000 -0.758  0.628  0.479 -0.681  0.000  0.000  0.000
M        0.000  0.000  1.693  0.000  0.000  0.000  0.000  0.000  0.000  0.000  0.000  0.000  0.000  0.000  0.000 -0.271 -1.155  0.000  0.000  0.000  0.000
N        0.000  0.000  0.000  0.000  0.000  0.000  0.000  0.000  0.000 -0.843  0.000  0.000  0.000  0.000  0.000  0.000 -0.631  0.000  0.000  0.000  0.000
P        0.391  0.000 -0.774  0.562  0.328  0.784  0.691  0.184  0.798  0.826 -0.906 -0.167  0.854  0.666  0.000  0.944  0.150  0.698  1.105  0.000  0.000
Q       -1.040  0.000  0.000  0.000  0.000  0.061  0.000  0.000  0.000 -0.759 -0.239  0.000 -0.209  0.000  0.000  0.000  0.000  1.135  0.000  0.000  0.000
R        0.424  0.000  0.000  0.000  0.000  0.000  0.000  0.000  0.233  0.769  0.000  0.000 -0.184  0.000 -0.566 -0.126  0.000  0.953  0.000  0.000  0.000
S        0.000  0.000  0.000  0.787  0.000  0.000  0.000 -0.144 -0.331 -0.512  0.529  0.449  0.745  0.000  0.000  0.000  0.000  1.189  0.000  0.000  0.000
T        0.000  0.000  0.000  0.000 -0.321  0.000  0.000  0.812 -0.196  0.325  1.768  0.502  0.482  0.572  0.000  0.000  1.455  0.002  0.000  0.000  0.000
V        0.003  0.000  1.426 -0.586 -1.647  0.000  0.000 -0.701  0.285  0.000  0.000  0.000  0.051  0.000  0.510  0.425 -0.369 -0.173  0.000  0.000  0.297
W        0.000  0.000  0.000  0.000  0.000  0.000  0.000  0.000  0.000  0.000  0.000  0.000  0.000  0.000  0.000 -1.132  0.000  0.000  0.000  0.000  0.000
Y        0.000  0.000  0.000  0.000  0.000  0.000  0.000  0.000  0.000  0.000  0.000  0.000 -0.840  0.000  0.000  0.000 -0.163  0.000  0.000  0.000  0.000
X        0.000  0.000  1.552  0.000  0.000  0.000  0.000  0.000  0.000  0.000  0.000  0.000  0.000  0.000  0.000  0.000  0.000  0.000  0.000  0.000  0.000
