i-1/i     A      C      D      E      F      G      H      I      K      L      M      N      P      Q      R      S      T      V      W      Y      X
A        0.042  0.000 -0.267  0.000  0.000  0.046  0.000  0.000 -0.150 -0.393 -0.242  0.000  0.000  0.111 -0.011  0.000 -0.324 -0.436  0.000  0.000  0.000
C        0.000  0.000  0.000  0.000  0.000  0.000  0.000  0.000  0.000  0.000  0.000  0.000  0.000  0.000  0.000  0.000  0.000  0.402  0.000  0.000  0.000
D        0.078  0.000  0.000  0.299  0.000  0.000  0.000  0.000  0.278 -0.083  0.000  0.000  0.000  0.000  0.000  0.000 -0.092  0.233  0.000  0.000 -0.021
E       -0.369  0.000  0.000  0.000  0.000 -0.370  0.000  0.077  0.183  0.194  0.121  0.000  0.000  0.070  0.000  0.163  0.000  0.001  0.000 -0.106  0.000
F        0.000  0.000  0.000  0.000 -0.513  0.000  0.000  0.000  0.113  0.000  0.000  0.000  0.000  0.000  0.000  0.000  0.000  0.223  0.000  0.000  0.000
G        0.000  0.000  0.000  0.000  0.000  0.000  0.000  0.347  0.000  0.000  0.000  0.000  0.000  0.000  0.000  0.000 -0.083  0.000  0.000  0.000  0.000
H        0.000  0.000  0.000  0.000  0.000  0.000  0.000  0.000  0.350 -0.166  0.000  0.000  0.000  0.000  0.000  0.000  0.000  0.000  0.000  0.000  0.000
I        0.000  0.000  0.518  0.000  0.000  0.000  0.000 -0.095 -0.190 -0.407  0.000  0.000  0.000  0.000  0.137  0.000 -0.483  0.000  0.000  0.000  0.000
K        0.000  0.000  0.000 -0.020 -0.363  0.000  0.000 -0.225 -0.337  0.364  0.000  0.000  0.000  0.000  0.334  0.000 -0.353  0.061  0.000  0.000 -0.159
L       -0.134  0.000  0.000 -0.325  0.000 -0.109  0.000  0.227 -0.193  0.072  0.000  0.000  0.000  0.000  0.225  0.000 -0.044  0.286  0.000 -0.212  0.000
M        0.000  0.000  0.000  0.000  0.000  0.000  0.000  0.000  0.000  0.000  0.000  0.000  0.000  0.000  0.000 -0.197  0.000  0.000  0.000 -0.269  0.000
N        0.000  0.000  0.000  0.242  0.000  0.000  0.000 -0.027  0.000  0.127  0.000  0.000  0.000  0.000  0.425  0.000  0.000  0.000  0.000  0.000  0.000
P       -0.011  0.000  0.142  0.156  0.020 -0.225 -0.139 -0.252 -0.142 -0.043  0.000 -0.027  0.000 -0.128 -0.052  0.046 -0.294 -0.254 -0.215 -0.299  0.000
Q        0.044  0.000  0.000 -0.073  0.000  0.000  0.000  0.000  0.000 -0.400  0.477  0.000  0.000  0.000  0.000  0.000  0.140  0.000  0.000  0.000  0.000
R        0.359  0.000  0.000  0.000 -0.084  0.000  0.000  0.000 -0.005  0.357  0.000  0.000  0.000  0.000  0.000  0.000 -0.432  0.008  0.000  0.000  0.000
S        0.048  0.000  0.000 -0.394 -0.133  0.000  0.000 -0.328 -0.416  0.115 -0.184  0.000  0.000  0.000 -0.538  0.380 -0.174 -0.307  0.000  0.000  0.000
T        0.000  0.000  0.000 -0.137 -0.480  0.000  0.000  0.000 -0.151 -0.157 -0.246  0.000  0.000  0.108  0.000  0.000  0.000  0.410  0.000  0.031 -0.114
V       -0.508  0.000  0.000 -0.016 -0.498  0.000  0.000  0.218  0.007  0.372  0.000  0.000  0.000  0.000  0.176 -0.314  0.017  0.175  0.000  0.000  0.360
W        0.000  0.000  0.000  0.000  0.000  0.000  0.000  0.068  0.000  0.000  0.000  0.000  0.000  0.000  0.000  0.535  0.000  0.000  0.000  0.000  0.000
Y        0.000  0.000  0.000  0.000  0.000  0.000  0.000 -0.245  0.000  0.000  0.000  0.000  0.000  0.000  0.000  0.000  0.000  0.000  0.000  0.000  0.000
X        0.000  0.000  0.000  0.084  0.000  0.000  0.000  0.000  0.000  0.000  0.000  0.000  0.000  0.000 -0.104  0.000  0.000 -0.168  0.000  0.000  0.000
