i-1/i     A      C      D      E      F      G      H      I      K      L      M      N      P      Q      R      S      T      V      W      Y      X
A       -1.373  0.000 -0.649  0.000  0.000  2.022  0.000  0.000  0.415 -2.082 -0.938  0.000  0.000 -2.658 -2.927  0.000 -3.913  0.000  0.000  0.000  0.000
C        0.000  0.000  0.000  0.000  0.000  0.000  0.000  0.000  0.000  0.000  0.000  0.000  0.000  0.000  0.000  0.000  0.000 -2.887  0.000  0.000  0.000
D        2.070  0.000  0.000  3.435 -1.867  0.000  0.000  0.000  0.644  0.984  0.000  0.000  0.000 -0.243  0.518  0.000  1.109  2.250  0.000  0.000  1.710
E       -0.970  0.000 -1.183  0.000  0.000  0.904  0.000 -0.755  0.532  0.161  2.062  0.000  0.000  0.571  0.000 -1.901  0.000  1.919 -0.256  0.000  0.000
F        0.000  0.000  0.000 -3.318  0.000  0.000  0.000  0.000 -2.240  0.000  0.000  0.000  0.000  0.000  0.000  0.000  0.000  3.604  0.000  0.000  0.000
G        0.000  0.000  0.000  0.000  0.000  0.000  0.000 -0.234  0.000  0.000  0.000  0.000  0.000  0.000  0.000  0.000 -3.706  0.000  0.000  0.000  0.000
H        0.000  0.000  0.000  3.195  0.000  0.000  0.000  0.000  0.206 -2.037  0.000  0.000  0.000  0.000  0.000  0.000  4.178  0.000  0.000  0.000  0.000
I        0.000  0.000 -2.161  0.000  0.000  0.000  0.000  0.303 -2.222 -2.274  0.000  0.000  0.000  0.000  0.093 -1.364 -0.609  2.869  0.000  0.000  0.000
K       -2.802  0.000  0.000 -2.756 -2.433  0.000  0.000 -2.410  1.090  0.248  0.000  0.000  0.000  0.000 -0.442  0.000  1.084 -2.797  0.000  0.000  2.283
L       -0.784  0.000  0.000 -1.663  0.000 -1.521  0.000 -3.212 -1.675  0.929  0.000  0.000  0.000  0.000 -0.206  0.000  0.694 -2.121  0.000 -1.297  0.000
M        0.000  0.000  0.000  0.000  0.000  0.000  0.000  0.000  0.000  0.000  0.000  0.000  0.000 -0.669  0.000 -1.318  0.000  0.000  0.000  0.953  0.000
N        0.000  0.000  0.000 -1.506  0.000  0.000  0.000  0.867  0.000 -0.037  0.000  0.000  0.000  0.000  2.108  0.000  0.000  0.000  0.000  0.000  0.000
P        0.021  0.000  0.967  1.542  0.065 -2.025  1.007 -0.545 -0.106  0.753  0.000  0.385 -0.514 -0.283 -0.831  0.288  0.085  0.512 -0.870 -3.839  0.000
Q        0.718  0.000  0.000 -1.624  0.000  0.000  0.000  0.000  0.000 -2.510  0.000  0.000  0.000  0.000  0.000  0.000  2.873  0.000  0.000  0.000  0.000
R        2.303  0.000  0.000  0.000 -0.857  0.000  0.000  0.000 -1.276 -2.872  0.000  0.000  0.000  0.000  0.501  0.000 -2.169  0.187  0.000  0.000  0.000
S        0.000  0.000  0.000 -3.076 -0.184  0.000  0.000 -2.662  0.793  0.171 -3.134  0.000  0.000 -1.298  2.439  0.000  3.636  1.072  0.000  0.000  0.000
T        0.000  0.000  0.000 -1.566 -1.631  0.000  0.000 -1.371 -2.069  1.240 -0.567 -2.483  0.000  2.645  0.000  0.000  0.000 -2.003  0.000  3.444  0.000
V        0.511  0.000  0.000 -1.507  0.000  0.000  0.000 -1.024 -2.276  0.795  0.000  0.000  0.000  0.000 -1.101 -0.853  0.985  0.754  0.000  2.480 -1.790
W        0.000  0.000  0.000  0.000  0.000  0.000  0.000 -0.023  0.000  0.000  0.000  0.000  0.000  0.000  0.000  1.291  0.000  0.000  0.000  0.000  0.000
Y        0.000  0.000  0.000  0.000  0.000  0.000  0.000 -1.854  0.000  0.000  0.000  0.000  0.000  0.000  0.000  0.000  0.000  0.000  0.000  0.000  0.000
X        0.000  0.000  0.000  0.000  0.000  0.000  0.000  0.000  0.000  0.000  0.000  0.000  0.000  0.000  2.800  0.127  0.000 -0.755  0.000  0.000  0.000
