i-1/i     A      C      D      E      F      G      H      I      K      L      M      N      P      Q      R      S      T      V      W      Y      X
A       -0.145  0.158 -0.327 -0.054 -0.264  0.177  0.427  0.005  0.065 -0.185  0.905 -0.068 -0.109 -0.213 -0.238 -0.100 -0.134  0.023  0.064 -0.380 -0.669
C       -0.529  0.208 -0.497 -0.371 -0.284 -0.373  0.761  0.219 -0.606 -0.115 -0.528  0.472 -0.103 -0.396 -0.472 -0.266 -0.681  0.115  1.520 -0.293  0.000
D       -0.061 -0.552 -0.317 -0.064 -0.152 -0.012 -1.500  0.029 -0.449  0.046  0.491  0.025 -0.056 -0.509 -0.172  0.253  0.167 -0.437 -0.718 -0.104  0.000
E       -0.105 -0.223 -0.508 -0.285 -0.315  0.252 -0.490  0.225 -0.125  0.486 -0.438 -0.182 -0.109 -0.089 -0.174 -0.234  0.054  0.277 -0.182 -0.204 -0.502
F       -0.033 -0.368 -0.651 -0.169 -0.070 -0.123  0.035 -0.265 -0.195 -0.112  0.302 -0.290 -0.119  0.071 -0.094 -0.332 -0.489 -0.106 -0.064 -0.435 -0.760
G       -0.493 -0.788 -0.423 -0.040  0.005 -0.097 -0.642 -0.058 -0.071  0.230  0.106  0.084  0.196 -0.036 -0.626  0.168 -0.806  0.340  0.277  0.042  0.964
H        0.016  1.318 -0.024 -0.118 -0.337  0.147  0.076  0.720 -0.144  0.049 -1.375  1.151 -0.055 -0.247  0.321 -0.312  0.675  0.041  0.254  0.765  0.000
I        0.089  0.012 -0.247 -0.095  0.055  0.202 -0.205  0.056  0.318 -0.216 -0.271 -0.165  0.051  0.037  0.257  0.120 -0.586 -0.146 -0.496 -0.192 -0.792
K       -0.018  0.373 -0.265 -0.232  0.078 -0.135 -0.911  0.123 -0.084  0.199  0.244 -0.365  0.051 -0.251 -0.377 -0.175  0.080 -0.034  0.310  0.012 -0.535
L        0.007 -0.884 -0.451  0.245 -0.090  0.235  0.616 -0.167  0.110 -0.277  0.012  0.064  0.392 -0.025 -0.146 -0.100 -0.394 -0.398 -0.215 -0.165  0.928
M       -0.693  0.151 -0.469  0.010  0.417 -0.016  2.026 -0.415  0.120 -0.105 -0.467 -0.207 -0.560  0.000  0.279  0.208  0.111 -0.118  0.067 -0.586  0.000
N        0.151  0.480 -0.088 -0.222 -0.498 -0.323 -0.848  0.353 -0.083  0.263  0.034 -0.035  0.188 -0.032 -0.084 -0.449  0.393  0.342  0.772  0.032 -0.055
P       -0.542 -0.341  0.735 -0.489 -0.813  0.301  0.219 -1.031 -0.277 -0.362  0.444 -0.062  0.487  0.356 -0.544 -0.437  0.139 -0.003  0.254  0.241  0.000
Q        0.149  0.268 -0.241 -0.259 -0.170 -0.078  0.054  0.141 -0.200  0.145  0.247 -0.145 -0.394  0.270  0.244 -0.517 -0.464 -0.218  0.495  0.438  0.403
R        0.149  0.242 -0.592 -0.413  0.081 -0.053  0.295 -0.066  0.284  0.237 -0.056 -0.258  0.417 -0.097 -0.040 -0.116 -0.118 -0.042  0.365  0.118 -0.140
S        0.160 -0.057 -0.329 -0.248  0.172 -0.467 -0.654  0.083  0.036  0.078 -0.259 -0.121  0.040 -0.172  0.137 -0.219  0.120  0.023 -0.364  0.006 -0.018
T       -0.002 -0.084 -0.553 -0.409  0.187  0.013 -0.093  0.027 -0.163 -0.002 -0.136 -0.027 -0.553  0.140 -0.371 -0.249 -0.077  0.224  0.170  0.306 -0.742
V       -0.113  0.136 -0.044  0.153  0.211 -0.012 -0.042 -0.053  0.028 -0.232  0.110 -0.123  0.057  0.218  0.252 -0.041 -0.319 -0.263 -0.130 -0.042  0.552
W        0.107  0.939  0.397  0.300 -0.159  0.647  1.843 -0.209  0.041  0.397  0.636  0.765 -0.140 -0.373  0.597 -0.448 -0.322  0.092 -0.150  0.458 -1.748
Y       -0.136  0.830 -0.277  0.225 -0.175  0.193  0.002  0.207  0.380 -0.006 -0.397 -0.561 -0.127 -0.032  0.218 -0.413 -0.306  0.303  0.572  0.056 -0.568
X        0.019  0.000  0.528  0.000 -1.495 -0.419  0.000  0.567 -0.441 -0.020 -1.124  1.051  0.639 -0.020  0.649  0.104 -0.062  1.694  0.000  0.097 -0.570
