i-1/i     A      C      D      E      F      G      H      I      K      L      M      N      P      Q      R      S      T      V      W      Y      X
A       -0.354 -0.450  0.261  0.204  0.049 -0.440  0.179  0.064 -0.279 -0.077 -0.168  0.038 -0.247 -0.125 -0.227 -0.266  0.189 -0.149  0.014 -0.126 -1.424
C        0.231 -1.120  0.165  0.257 -0.504 -1.133 -0.204 -0.390  0.820 -0.345  0.000 -1.190  0.000  0.653  0.251 -0.195 -0.253 -0.131  0.294 -1.260  0.000
D       -0.737 -0.966  0.107  0.096  0.552  0.880 -0.235 -0.130  0.199  0.050  1.571  0.387 -0.231  0.178  0.271  0.242  0.085  0.224  0.252  0.217 -0.185
E        0.383  0.129 -0.272  0.540 -0.313 -0.795 -0.268  0.169  0.269 -0.169 -0.225  0.305 -0.130  0.220  0.442  0.445 -0.137  0.228  0.591  0.070  0.069
F       -0.002 -0.095  0.286 -0.041 -0.414 -1.090  0.722 -0.427 -0.446  0.168 -0.421 -0.146  0.546 -0.092 -0.226  0.190 -0.160 -0.244 -1.045 -0.260  0.000
G       -0.064  0.141 -0.069  0.221 -0.246  0.925  0.870  0.232  0.371  0.390 -0.059  1.014  0.066  0.152 -0.084 -0.133  0.036  0.128  0.758  0.337  0.632
H       -0.111  0.617  0.511  0.166  0.113 -0.178 -0.771 -0.236 -0.037 -0.607 -0.129 -0.711  0.730  0.483 -0.742 -0.105  0.127  0.053  0.181  0.013 -0.811
I        0.345  0.302  0.200  0.156  0.330  0.102  0.113  0.010  0.188  0.148  0.131  0.009  0.049  0.142  0.044 -0.066  0.386  0.078 -0.078  0.037 -1.035
K       -0.188 -0.135 -0.127  0.359  0.022 -0.324 -0.107  0.042  0.251  0.101  1.011  0.342  0.110  0.408  0.169  0.225  0.269  0.045  0.271  0.083  0.321
L        0.009 -0.735  0.036 -0.112  0.159 -0.032  0.187  0.219  0.214  0.037 -0.398  0.033 -0.316 -0.173  0.052  0.034  0.252  0.026 -0.500  0.326  0.760
M        1.273  0.162  0.146  0.360 -0.759 -1.184 -0.572  0.292 -0.127  0.507  1.397  0.197  0.050 -0.084  0.118 -0.025 -0.273  0.241  1.625  0.040  0.000
N       -0.357  1.012 -0.457 -0.738  0.944  1.374 -0.038 -0.041  0.211  0.291  0.942 -0.638 -0.705 -0.333  0.613 -0.325  0.269 -0.241  0.275  0.048  2.501
P       -0.201  0.000  0.000 -0.634  0.025  0.201 -0.561  0.442 -0.574  0.075  0.054  0.381  0.099 -0.250  0.040 -0.229 -0.946 -0.027 -0.100 -1.639  0.000
Q        0.486  1.103  0.790  0.521  0.521 -0.521  0.546 -0.183  0.050  0.094 -0.858  0.746  0.183  0.015  0.268  0.428  0.624  0.407 -0.586 -0.084  0.349
R        0.318  2.019  1.479  0.037  0.418  0.163 -0.789  0.113  0.387  0.289  0.557  0.379 -0.202 -0.617  0.056  0.261  0.238 -0.129 -0.160  0.382  0.428
S       -0.159 -0.710  0.477 -0.109 -0.244  0.034 -0.288 -0.181  0.214 -0.218 -1.321  1.164  0.366 -0.292  0.120  0.119 -0.046 -0.114  0.390  0.170 -0.296
T        0.090  0.448  0.636 -0.323 -0.390 -0.525 -0.090 -0.009 -0.211 -0.293 -0.267  0.095  0.283 -0.295 -0.332  0.199 -0.522 -0.205 -0.304  0.269  0.247
V        0.287  0.360 -0.076 -0.150 -0.032 -0.254  0.276  0.149  0.235  0.063 -0.013 -0.011  0.210  0.138  0.175  0.189 -0.022  0.177 -0.191  0.029 -0.082
W        0.889  0.722  0.232 -0.206 -0.411 -0.294  0.124  0.280  0.620 -0.206 -0.171  0.926 -1.293  0.672  0.086 -0.128  0.441  0.039 -1.114  0.539  0.099
Y       -0.256  0.051  0.268 -0.121  0.113 -0.743  0.064 -0.270 -0.316 -0.259  0.276 -0.544 -0.019 -0.160  0.151 -0.005 -0.349  0.120  1.104  0.467  0.500
X       -0.275  0.000  0.356  1.121 -0.579  1.856  0.000 -0.543  0.081 -0.232 -0.517  1.216  0.000  0.080 -0.036  0.000  0.131 -0.063 -1.235 -0.801  0.209
