i-1/i     A      C      D      E      F      G      H      I      K      L      M      N      P      Q      R      S      T      V      W      Y      X
A       -0.004  0.023  0.024  0.078  0.056  0.000 -0.055  0.033  0.070  0.113  0.050 -0.075 -0.207  0.253  0.108  0.048  0.058  0.016 -0.049 -0.008  0.018
C       -0.055  0.165  0.024  0.073  0.250  0.000 -0.163  0.047  0.181  0.083  0.288  0.289 -0.378  0.060 -0.151 -0.001 -0.131  0.042 -0.261 -0.224  0.000
D        0.084  0.420 -0.199  0.063 -0.001  0.000  0.009  0.040  0.045 -0.013  0.164  0.151  0.001 -0.017  0.039 -0.023  0.158 -0.033 -0.190 -0.109 -0.007
E        0.080  0.065 -0.095 -0.126 -0.055  0.000 -0.151  0.008 -0.108 -0.055  0.107 -0.030  0.108 -0.031 -0.070  0.031  0.119 -0.047 -0.041 -0.096  0.016
F        0.152 -0.054  0.073  0.088 -0.065  0.000  0.090  0.100  0.044  0.126 -0.016  0.022 -0.177 -0.053  0.104  0.100  0.068 -0.047 -0.042 -0.011 -0.139
G        0.106  0.139  0.048  0.210  0.205  0.000  0.157  0.136  0.140  0.090  0.233 -0.105  0.203 -0.002  0.209  0.164  0.151  0.150  0.076  0.237  0.425
H        0.004 -0.047  0.147  0.129 -0.029  0.000  0.058 -0.048 -0.044  0.085  0.437  0.015  0.125  0.105  0.069  0.103  0.110 -0.023  0.073 -0.112  0.153
I        0.104  0.010  0.054  0.044  0.008  0.000  0.110  0.011  0.041 -0.051  0.145  0.083  0.063  0.055  0.070  0.008 -0.026  0.010  0.084  0.115  0.148
K       -0.015 -0.095 -0.087  0.007  0.055  0.000  0.044  0.016 -0.147  0.049 -0.073 -0.209 -0.029 -0.131 -0.138 -0.034 -0.019 -0.036 -0.146  0.003 -0.155
L       -0.022 -0.012  0.082  0.049  0.108  0.000 -0.005  0.034  0.078  0.058 -0.007  0.054  0.003  0.132  0.112  0.030  0.100  0.041 -0.083 -0.102  0.427
M        0.086 -0.081 -0.015  0.075 -0.034  0.000  0.043  0.052  0.216 -0.234  0.121  0.220  0.134  0.312  0.012 -0.194 -0.113  0.124 -0.215 -0.074  0.323
N       -0.137 -0.369 -0.146  0.054  0.017  0.000 -0.455 -0.042 -0.290 -0.037  0.034  0.059 -0.086 -0.299 -0.286  0.082 -0.031 -0.011 -0.088 -0.160 -0.109
P       -0.087  0.000  0.000 -0.352 -0.279  0.000 -0.052 -0.226 -0.286 -0.209 -0.500 -0.351 -0.146  0.095 -0.154 -0.352 -0.335 -0.037 -0.429 -0.041  0.000
Q        0.118 -0.146 -0.040 -0.100 -0.166  0.000  0.041 -0.004 -0.041  0.071 -0.124  0.100  0.187 -0.173 -0.090 -0.014 -0.002 -0.046 -0.034  0.045  0.032
R        0.060 -0.067 -0.059  0.020 -0.008  0.000  0.060 -0.027  0.097 -0.022  0.158  0.058  0.101  0.016 -0.004  0.007  0.076  0.008 -0.097  0.062 -0.057
S       -0.065 -0.082 -0.094 -0.060  0.100  0.000 -0.021  0.046 -0.185  0.010 -0.047  0.196 -0.055  0.116  0.032  0.070  0.019  0.093  0.164  0.024 -0.114
T       -0.043 -0.028 -0.074 -0.051 -0.045  0.000  0.340  0.052 -0.152  0.023 -0.037 -0.076  0.025  0.048 -0.088 -0.062  0.085  0.040  0.056 -0.004 -0.115
V        0.034 -0.007  0.010  0.001 -0.023  0.000  0.056  0.008  0.013  0.013  0.017 -0.039 -0.048 -0.053  0.055  0.040 -0.023  0.050  0.096 -0.037 -0.036
W        0.144  0.445  0.114  0.073 -0.127  0.000  0.118 -0.100  0.116  0.024  0.305 -0.113 -0.489  0.253 -0.045 -0.199 -0.098  0.177  0.116  0.088 -0.187
Y        0.109 -0.158  0.021  0.076 -0.020  0.000  0.015 -0.003  0.030  0.059  0.027 -0.069 -0.035 -0.020 -0.006  0.080 -0.022 -0.002 -0.010  0.061  0.041
X        0.006  0.259  0.021 -0.068  0.101  0.000 -0.047 -0.103 -0.174 -0.039 -0.132  0.050  0.000  0.102 -0.164 -0.211 -0.141  0.094 -0.410  0.221 -0.097
