i-1/i     A      C      D      E      F      G      H      I      K      L      M      N      P      Q      R      S      T      V      W      Y      X
A       -0.573 -1.113 -0.188 -0.348 -1.885 -0.890 -3.479 -1.126 -0.314 -0.003 -0.346 -1.075  0.000  0.228 -0.942 -1.161 -1.522 -0.181 -1.647 -0.133  0.831
C        0.565 -0.024 -1.940 -0.874 -0.670 -0.700 -1.733  0.660  1.582  0.809 -2.461  1.598  0.000 -0.166 -1.197 -3.719 -0.210 -1.321  2.012 -0.785  0.000
D        1.319 -0.857 -0.727  0.912  0.461 -0.736 -0.101 -0.230  0.417  1.010 -2.328 -0.008  0.000 -1.664 -1.029  0.029  1.020  0.298 -1.019  0.095  0.991
E        0.165 -0.229 -1.171 -0.745 -0.315  0.348  3.158  0.535 -0.076  0.194 -1.099 -0.432  0.000  1.246  0.178  1.007  0.688 -0.914 -1.241 -0.535  1.484
F       -1.379 -4.275 -1.237 -0.274  0.628 -0.914 -0.851 -0.670 -0.686 -0.769  1.547 -0.548  0.000 -0.596 -0.398 -0.878  0.067 -0.419 -1.018 -0.816 -5.109
G        0.071 -1.521  0.469 -1.128  0.570 -1.265  0.827 -0.761 -0.153 -0.897  1.137 -0.228  0.000 -0.346  1.278 -0.441 -0.680 -0.567  0.090 -1.778 -1.861
H       -3.158  0.766  1.840 -0.240 -1.292 -2.153  0.844  0.414  0.149 -0.231  1.873 -1.989  0.000 -0.854 -0.916 -1.158  1.946 -0.299  0.362  1.173  0.000
I        0.349 -3.330 -1.223  0.092 -0.436 -0.457 -0.135 -0.342 -0.465  0.077  0.671 -1.028  0.000  0.490  0.007 -0.988  0.262  0.558  1.229 -0.965  0.899
K       -0.990 -3.192 -0.838 -0.481 -0.619 -0.032  0.258 -0.043  0.120 -0.137  0.089 -1.326  0.000 -0.505  0.489  0.673  0.600 -0.854  0.237  0.122  0.285
L        0.215 -1.961 -0.259 -0.127  0.127 -0.191 -0.101 -0.135 -0.577  0.269  0.399 -0.209  0.000 -0.712 -0.308 -0.948  0.415  0.497 -0.458 -0.520  0.807
M        1.931  3.730  0.507 -0.285 -1.538  1.703  1.237  0.589  0.976  0.031  0.729 -1.091  0.000  1.091 -0.889 -1.459 -0.606 -0.301 -0.292  2.406  0.559
N        0.229 -1.127  0.032 -0.124  1.064 -0.582  1.018  0.188  0.700 -0.495  2.049 -0.102  0.000  1.038 -0.559 -0.868  1.211 -0.567  1.862  0.755 -1.516
P        0.282  0.000 -4.997  0.327 -2.221 -0.017 -1.532 -0.267 -1.265  0.665 -0.571 -1.733  0.000 -0.640 -1.282  1.220  0.505 -1.044  3.102 -3.345  0.000
Q       -0.613 -0.312  0.712  0.502  0.165 -0.168 -0.521  0.122  0.416  0.280  0.229 -2.030  0.000 -0.328 -0.056 -0.056 -0.182 -0.427 -0.531 -0.960 -1.073
R        0.332  0.766 -1.439 -0.169  0.077  0.076 -3.015 -0.045  0.333 -0.532 -1.701  0.339  0.000  1.695 -0.154  1.120 -0.178 -0.851  0.006  0.450 -2.622
S       -0.111 -2.813 -0.453 -0.321 -0.972  1.512  0.607  0.106 -0.005  0.944 -0.447 -1.523  0.000  1.129  1.309  1.164  0.690  0.067 -0.475  0.553 -1.316
T        0.123  1.147 -1.468 -0.048  0.004 -0.638  1.012  0.896  0.477  0.601  0.486  0.490  0.000 -0.331 -0.445 -0.603  0.777  1.157  1.106  0.873  3.965
V       -0.682 -1.065 -1.183 -0.204 -0.070 -0.231 -0.328  0.226 -0.020 -0.290 -0.081 -0.582  0.000 -0.765 -0.195  0.090  0.727  0.720 -0.760  0.141 -0.266
W       -1.990 -2.984 -2.053 -1.929  2.044 -1.074 -2.314  1.029 -0.831  0.489 -2.466 -2.040  0.000 -2.132 -1.896 -2.401 -1.080 -0.756 -1.544 -3.007 -1.869
Y       -0.701 -1.918  0.044 -0.720 -0.605 -0.542 -0.092  0.236 -1.067 -0.737 -1.101 -1.493  0.000 -2.134 -0.050 -1.047 -1.045 -0.859 -1.180 -0.300 -2.603
X        0.386  0.000  0.001 -1.713  0.678 -1.840 -1.917 -2.235 -2.870  0.570  0.701 -3.503  0.000 -2.800 -1.025  0.942 -1.144 -3.198 -0.205 -2.041  1.584
