i-1/i     A      C      D      E      F      G      H      I      K      L      M      N      P      Q      R      S      T      V      W      Y      X
A        0.122 -0.459 -0.813  0.075  0.078  0.476  0.166 -0.067  0.404  0.068  0.490 -0.609 -0.608  0.009 -0.060  0.256 -0.142  0.045  0.049  0.166  0.398
C        0.599 -0.706  0.000  0.094  0.839 -0.379 -0.404 -0.489  0.858  0.188  0.000 -1.289 -0.300  0.412 -0.072  0.046  1.129  0.093  0.230 -0.001  0.000
D        0.505 -0.990 -0.419 -0.356  0.071  0.038 -1.155  0.442 -0.193  0.030 -0.449 -0.025 -0.930  0.384  0.365 -0.497 -0.174  0.272  0.027 -0.124  0.773
E       -0.037 -0.472 -0.177  0.210  0.338  0.211 -0.033  0.556  0.040  0.448  0.069 -0.496 -0.057 -0.170 -0.365 -0.248  0.007  0.523 -0.534 -0.148  0.000
F       -0.671 -0.964 -0.234 -0.343 -0.107 -0.626 -0.345 -0.414 -0.308 -0.131  0.039 -0.596 -0.561 -0.523 -0.084 -0.414 -0.661 -0.534  0.217 -0.798  0.058
G        0.110 -0.808  0.200  0.692 -0.074  0.463 -0.374  0.369 -0.352 -0.248 -1.124 -0.943  1.155 -0.023 -0.161 -0.259 -0.695  0.132 -0.632 -0.413  0.000
H        0.127  0.182 -0.373 -0.313  0.168  0.329  0.002  0.077  0.254  0.433 -0.673 -0.356  0.042  0.084 -0.139 -0.136  0.172  0.219  1.071  0.233  0.000
I       -0.479 -0.983 -0.284  0.061 -0.039  0.262 -0.027 -0.153 -0.030  0.030  0.198 -0.587 -1.048  0.329 -0.020 -0.459 -0.502 -0.401  0.338 -0.173  1.216
K        0.649 -0.369  0.053  0.279  0.218  0.512 -0.077  0.465  0.447  0.164  0.128 -0.315  0.192  0.163  0.341  0.061 -0.108  0.620  0.234  0.100  0.000
L        0.037 -0.670 -0.717  0.341 -0.536 -0.632 -0.033 -0.286 -0.054 -0.308 -0.261 -0.277 -0.648 -0.037 -0.032 -0.031 -0.131 -0.527  0.107 -0.305  0.012
M       -0.165 -0.583  0.575  0.060 -0.240  0.411 -0.861 -0.506  0.662 -0.267  0.693  0.958 -0.722 -0.549  0.562 -0.401 -0.968  0.142 -1.088  0.561  0.000
N        0.019 -0.135 -0.704 -0.286 -0.320  0.876 -0.296 -0.128  0.165 -0.072  0.272 -0.129 -0.488  0.240  0.079 -1.009  0.003  0.393  0.777  0.103 -0.287
P        1.128 -0.228  0.483  0.090  0.378  0.321  0.780  0.488  0.678  0.780  0.432  0.000 -0.109  0.509  0.433  0.089 -0.239  0.156  1.561  0.668 -1.208
Q        0.376 -0.820 -0.365  0.105  0.100  0.338 -0.330  0.295  0.328  0.698  0.000  0.448  0.434  0.098  0.186  0.006 -0.101  0.335 -1.017 -0.916  0.504
R        0.015 -0.055 -0.301 -0.164  0.125 -0.239 -0.557  0.370  0.139  0.220 -0.106 -0.212 -0.820  0.033 -0.085 -0.485 -0.137  0.633  0.097  0.672  0.034
S        0.172 -0.343  0.153  0.204  0.330  0.268  1.119  0.185  0.265  0.350  0.273 -0.039  0.713 -0.085  0.244 -0.168 -0.128  0.509  0.634  0.507 -0.075
T        0.468  0.921 -0.328  0.415 -0.015  0.780 -0.800  0.611  0.161  0.204 -0.066  0.164  0.037  0.104  0.067 -0.183  0.158  0.179  0.158 -0.324 -0.214
V       -0.137 -0.667 -0.368 -0.139 -0.643  0.168 -0.625 -0.306 -0.276 -0.244 -0.432 -0.473 -0.176  0.024 -0.198 -0.402 -0.073 -0.280 -0.225  0.139  0.397
W       -0.211  0.631 -0.094 -0.462  0.603  0.130 -0.294 -0.876 -0.202  0.219  0.808 -1.202  0.573 -0.044  0.454 -0.397  0.054 -0.003 -0.029  0.635  0.000
Y       -0.229 -0.956 -0.428 -0.149  0.011  0.887 -0.474  0.083 -0.260 -0.214  0.003 -0.424  0.591  0.166 -0.163 -0.812 -0.968 -0.120 -0.879  0.105  0.726
X        0.416  0.000  0.000  0.446 -0.440  0.419  0.000  0.303 -0.863  0.000  0.000  0.030  0.000 -0.255  0.000  0.942  0.000 -0.759  0.000  0.578 -1.314
