i-1/i     A      C      D      E      F      G      H      I      K      L      M      N      P      Q      R      S      T      V      W      Y      X
A       -0.099 -0.129 -0.157 -0.157 -0.057  0.000 -0.139 -0.105 -0.104 -0.104 -0.254 -0.067 -0.294 -0.075 -0.110 -0.174 -0.030 -0.119 -0.242 -0.156  0.039
C        0.339 -0.034  0.050 -0.127  0.000  0.000 -0.090 -0.028  0.157 -0.034  0.139 -0.179 -0.170 -0.085  0.258  0.099  0.053 -0.046  0.000 -0.042  0.000
D       -0.039  0.000 -0.070 -0.138 -0.110  0.000  0.257 -0.169 -0.060 -0.161 -0.010 -0.042 -0.214 -0.237 -0.012 -0.149 -0.236 -0.104 -0.182 -0.166  0.000
E       -0.158 -0.105 -0.004 -0.041 -0.260  0.000 -0.160 -0.212 -0.068 -0.186  0.104 -0.035 -0.032  0.001 -0.103 -0.122 -0.045 -0.205 -0.041 -0.028 -0.038
F       -0.031 -0.068 -0.157 -0.004  0.110  0.000 -0.344  0.062 -0.080  0.037 -0.205 -0.367 -0.220 -0.130 -0.085 -0.170 -0.138 -0.010  0.119 -0.148 -0.119
G        0.034  0.041 -0.281 -0.204 -0.267  0.000 -0.003 -0.177 -0.069 -0.206 -0.185 -0.054 -0.285 -0.346 -0.054 -0.300 -0.109 -0.173 -0.132 -0.033 -0.033
H       -0.201 -0.366 -0.150 -0.148 -0.205  0.000  0.157 -0.239  0.037 -0.088 -0.032 -0.161 -0.405 -0.169  0.120 -0.285 -0.369 -0.149 -0.186 -0.137  0.000
I       -0.094 -0.124 -0.193 -0.135 -0.007  0.000 -0.064 -0.076 -0.125 -0.045 -0.056 -0.101 -0.366 -0.158 -0.115 -0.169 -0.035  0.014  0.181  0.022 -0.114
K       -0.068 -0.234 -0.228 -0.038 -0.255  0.000  0.085 -0.121  0.025 -0.198 -0.167 -0.205 -0.151 -0.050 -0.068 -0.010 -0.119 -0.175 -0.201 -0.192  0.095
L       -0.046  0.092 -0.150 -0.214 -0.036  0.000 -0.172  0.058 -0.171 -0.048 -0.078 -0.349 -0.263 -0.156 -0.082 -0.199 -0.139  0.025 -0.211 -0.054  0.080
M       -0.071  0.104 -0.228 -0.036 -0.226  0.000  0.000 -0.150 -0.270  0.020  0.337 -0.047  0.324  0.000 -0.408 -0.014  0.300 -0.009  0.012  0.233  0.000
N       -0.180 -0.295 -0.143 -0.048 -0.240  0.000  0.118 -0.147 -0.023 -0.231  0.207 -0.154 -0.093 -0.128 -0.091  0.234 -0.056 -0.204  0.011  0.002  0.042
P        0.092  0.000 -0.380 -0.082 -0.150  0.000  0.171 -0.109 -0.027  0.038 -0.058 -0.094  0.000 -0.162  0.092  0.126 -0.160 -0.036 -0.195  0.046  0.000
Q       -0.207 -0.080 -0.203 -0.082 -0.083  0.000 -0.160 -0.114 -0.153 -0.172 -0.160  0.141 -0.363 -0.002 -0.071 -0.089 -0.079 -0.085 -0.170 -0.024 -0.206
R       -0.177 -0.115 -0.127 -0.132 -0.189  0.000 -0.061 -0.028 -0.223 -0.219 -0.143 -0.123 -0.312  0.007 -0.115 -0.005 -0.028 -0.111  0.048 -0.121 -0.327
S       -0.203 -0.140  0.097 -0.044 -0.036  0.000  0.056 -0.067 -0.082 -0.059  0.308 -0.114 -0.178 -0.055  0.024 -0.220 -0.126 -0.100 -0.057 -0.163 -0.342
T       -0.195 -0.109 -0.083  0.014 -0.221  0.000 -0.064 -0.057 -0.065 -0.047  0.019 -0.035  0.017 -0.072  0.030  0.108 -0.077 -0.118 -0.009 -0.022  0.295
V       -0.071 -0.017 -0.205 -0.130 -0.092  0.000  0.009 -0.061 -0.114 -0.062 -0.140 -0.209 -0.141 -0.103 -0.122 -0.097 -0.045 -0.033 -0.140 -0.014 -0.063
W       -0.026 -0.468 -0.324 -0.241  0.154  0.000 -0.247  0.209 -0.218 -0.110  0.135 -0.240 -0.404 -0.241 -0.077 -0.316 -0.074 -0.038 -0.123 -0.175  0.000
Y       -0.077 -0.385  0.006 -0.177  0.053  0.000 -0.149 -0.024 -0.266  0.025  0.052 -0.301 -0.100 -0.148 -0.087 -0.181  0.133 -0.059 -0.161  0.022 -0.294
X        0.022  0.000 -0.359  0.000  0.168  0.000  0.000 -0.193  0.288 -0.214  0.000  0.000  0.000  0.000  0.339 -0.054  0.000  0.000  0.000 -0.195 -0.043
