i-1/i     A      C      D      E      F      G      H      I      K      L      M      N      P      Q      R      S      T      V      W      Y      X
A        0.028  0.026 -0.040  0.127  0.016  0.033  0.059  0.111  0.100  0.028 -0.149 -0.018  0.000  0.151  0.190 -0.107  0.049  0.060  0.210  0.001  0.016
C        0.000 -0.011 -0.311  0.429  0.057 -0.175  0.169 -0.042  0.350  0.092 -0.134  0.364  0.000  0.048 -0.320 -0.023 -0.180  0.083  0.236 -0.125  0.000
D        0.317  0.000 -0.181  0.189 -0.045 -0.104  0.184  0.153  0.020  0.002  0.217  0.029  0.000  0.274  0.079  0.228 -0.032 -0.028 -0.171 -0.032  0.000
E        0.009 -0.178  0.097  0.039  0.186 -0.195  0.277 -0.016  0.071  0.006  0.105  0.039  0.000  0.098  0.139  0.217  0.088  0.074  0.468  0.039 -0.047
F        0.182  0.061 -0.174 -0.016  0.090 -0.180 -0.033  0.134  0.125  0.082  0.063 -0.019  0.000  0.299  0.317  0.101  0.166  0.029  0.123  0.056  0.253
G        0.473  0.062  0.184  0.175  0.110  0.167 -0.005  0.115  0.174  0.038 -0.027 -0.147  0.000  0.234  0.215  0.397  0.217  0.136  0.303  0.236  0.406
H        0.139 -0.496  0.232  0.062  0.036  0.245  0.473  0.041  0.046 -0.180  0.157 -0.212  0.000  0.053  0.074  0.069  0.096  0.215  0.118  0.223  0.000
I       -0.024 -0.040 -0.150 -0.102  0.061 -0.182  0.134  0.068 -0.142  0.045  0.046  0.068  0.000  0.051 -0.019 -0.138 -0.047  0.108  0.079  0.053 -0.163
K       -0.031 -0.211  0.221  0.209  0.100 -0.088  0.153  0.075  0.087  0.045  0.069  0.054  0.000  0.162  0.289  0.010  0.106  0.066  0.134  0.108  0.283
L        0.073  0.078 -0.105  0.042  0.103  0.058 -0.144  0.018  0.057  0.048  0.116 -0.097  0.000  0.101  0.141 -0.097 -0.146  0.085 -0.301  0.048  0.328
M        0.224 -0.121  0.057  0.028  0.323 -0.008  0.232 -0.060  0.135  0.022 -0.327  0.172  0.000  0.000  0.058  0.145  0.244  0.119 -0.387 -0.052  0.000
N       -0.029  0.026  0.037  0.293  0.281 -0.179 -0.414  0.096 -0.108  0.058 -0.130 -0.087  0.000  0.088  0.074  0.067  0.049 -0.007  0.204  0.217  0.000
P       -0.332 -0.346 -0.075 -0.079 -0.035  0.194 -0.559 -0.335 -0.317 -0.109 -0.110 -0.194  0.000 -0.045 -0.216 -0.104 -0.096 -0.178 -0.015 -0.020  0.000
Q        0.081  0.074  0.025  0.301 -0.048 -0.031 -0.065  0.033  0.193  0.213  0.063  0.059  0.000  0.149  0.230  0.220  0.138  0.061  0.474  0.190  0.369
R        0.113  0.129  0.177  0.175  0.050  0.056  0.092  0.099  0.147  0.062  0.215  0.162  0.000  0.224  0.186  0.202  0.044  0.064  0.196  0.076 -0.053
S        0.145 -0.469  0.148  0.125  0.082  0.248  0.086 -0.006  0.042 -0.117  0.004  0.045  0.000  0.023  0.165  0.194  0.039 -0.081  0.138 -0.059  0.026
T        0.024 -0.400  0.022  0.111  0.052  0.027  0.169  0.109  0.171 -0.015 -0.077 -0.059  0.000  0.084  0.128  0.155  0.078  0.004  0.214  0.212 -0.212
V       -0.071  0.007 -0.086 -0.111  0.033 -0.003  0.102  0.060 -0.026  0.069  0.067 -0.090  0.000  0.028 -0.070 -0.044  0.110  0.090 -0.173 -0.014  0.423
W        0.173  0.188  0.180  0.107  0.022  0.385 -0.407  0.212  0.101 -0.081  0.063  0.474  0.000 -0.066  0.027  0.001 -0.123  0.237 -0.164  0.248  0.000
Y        0.136  0.042  0.193 -0.058 -0.004 -0.108  0.044 -0.034  0.202  0.028  0.137 -0.215  0.000  0.272  0.088 -0.073  0.138  0.100  0.158  0.292 -0.096
X       -0.092  0.000 -0.096  0.000 -0.106  0.000  0.000  0.148 -0.343  0.140  0.000  0.087  0.000  0.253 -0.346  0.043  0.204 -0.061  0.000 -0.162 -0.180
