i-1/i     A      C      D      E      F      G      H      I      K      L      M      N      P      Q      R      S      T      V      W      Y      X
A       -1.129 -0.129 -0.749  0.291 -0.603 -0.875 -2.572 -0.039 -0.442  0.150  0.890 -1.764  0.000 -1.166  0.102 -1.282 -2.439  0.069  0.781  0.030 -2.376
C        1.132 -2.210  0.000  1.626  0.485 -1.732  2.159 -0.764 -1.805 -0.632 -2.046 -0.966  0.000  1.111 -0.112  0.000  1.255  0.388 -0.597  0.665  0.000
D        0.066 -0.350  0.000 -0.342 -1.535 -1.123 -3.091 -0.777 -0.478  1.043 -1.573  0.518  0.000  1.270 -0.018 -2.122 -1.716  0.988 -2.561 -0.593  1.903
E       -0.205 -1.750 -0.443 -0.422 -1.740  0.304  0.311  0.377 -0.238 -0.290  0.272 -0.656  0.000 -0.420 -1.078 -0.302 -0.196  0.454 -3.236 -0.160  0.000
F        0.233 -3.017 -0.504 -0.210 -0.311 -0.902  0.221  0.724 -0.582 -0.628 -0.173 -3.381  0.000  0.389  0.635  0.711  0.624 -0.237 -0.587 -0.170  0.902
G       -2.425 -3.503 -2.152  0.377  0.214 -1.084  0.017  0.217  0.373  0.427  0.233 -0.519  0.000  0.926  0.010 -0.314  0.202 -0.097  1.669  0.063  0.000
H       -0.709  3.704 -0.972  0.172  0.474 -0.382  1.482  0.306 -0.610  0.315 -0.713  0.000  0.000  0.469 -0.250  1.643 -0.997 -0.835  1.262  1.619  0.000
I       -0.486 -2.115 -1.906  0.118 -1.301 -1.305 -1.151 -0.540  0.229 -0.488  0.010 -0.554  0.000  0.167 -0.275 -0.255  0.317 -0.762  0.459 -1.404  0.295
K       -0.315 -0.836 -1.987  0.173  0.025  0.444 -1.297  0.187 -0.483 -0.219 -0.245 -2.176  0.000 -0.781 -0.021 -1.054 -0.318 -0.285 -1.358  0.076 -3.738
L       -0.950 -1.706 -2.095 -0.056 -1.215 -0.590  0.116  0.316 -0.231 -0.338 -0.676 -1.931  0.000 -1.640  0.224 -0.250  1.170 -0.731 -0.081 -1.673  1.570
M       -0.459  1.640 -1.901 -0.460 -1.500 -2.139  0.000  0.750  0.375  0.191  2.940 -1.301  0.000 -1.383 -0.936 -1.682  0.408 -0.334 -0.658  0.078  0.000
N       -0.766 -0.980 -0.860 -1.124 -0.521 -0.159 -1.891  1.566 -0.183  0.418 -0.365 -1.554  0.000 -1.431 -0.740 -1.572 -1.961  0.011 -1.193 -0.344 -1.031
P        0.616  3.083 -0.759 -0.310 -0.213 -0.770 -1.954 -1.590 -2.626 -1.744 -2.679 -0.563  0.000 -0.911 -1.081  1.573 -0.778 -1.178 -1.189  1.134 -0.085
Q       -1.314 -4.938 -2.927 -0.839 -1.449 -0.489 -1.263 -1.500 -0.381  0.898  0.000 -3.342  0.000  0.250  1.880 -2.844  0.257  0.201 -1.092 -1.245  0.455
R        0.450 -5.276 -3.316 -1.302 -0.772 -0.349  0.443 -0.323 -0.625 -0.418  1.606 -2.062  0.000 -0.658 -0.907 -1.335  0.813 -0.327 -2.149 -2.584  0.084
S       -0.936 -0.231 -1.083 -0.337  0.817 -0.846  1.019  0.958  0.505  0.172 -0.848 -1.283  0.000  0.322  0.696 -0.201  0.553  0.304  0.888 -0.897 -1.333
T        1.330  0.750 -0.879 -0.212  0.754 -0.423  0.081 -0.328 -0.661 -0.603  0.377 -1.335  0.000 -0.937  0.356 -1.237 -0.742 -0.040 -1.322 -0.360  0.960
V       -0.497 -2.497 -1.707 -0.522 -0.070 -1.317 -0.693 -0.457 -0.197 -0.513 -0.503 -1.354  0.000 -0.748 -0.421 -0.582 -0.152 -0.649 -0.397 -1.218  1.587
W        0.596 -4.174 -1.096 -1.332 -1.223 -1.678  1.912  2.065  0.729 -0.548 -0.434  0.928  0.000 -1.182 -1.192 -1.793 -0.799  1.468  0.000 -0.251  0.000
Y       -0.019 -0.504 -2.407 -0.732 -1.124 -0.750 -1.230 -0.592 -0.203  0.120 -0.908 -1.242  0.000 -2.138 -0.026 -0.095  1.003 -0.611  0.604 -0.142 -0.683
X       -3.233  0.000  0.000 -3.906 -1.956 -1.044  0.000 -0.971 -1.163 -0.658  0.000 -3.783  0.000 -1.606 -2.969  1.005 -2.141 -3.662  0.000  0.517  2.708
