i-1/i     A      C      D      E      F      G      H      I      K      L      M      N      P      Q      R      S      T      V      W      Y      X
A       -1.866 -2.221 -2.045 -1.615 -2.435 -3.251 -2.453 -1.916 -2.418 -3.002 -3.139  0.000  0.000 -2.256 -2.902 -3.169 -2.470 -2.503 -4.188 -2.547 -0.933
C       -1.372  1.846  1.058  0.017 -1.114 -1.654  1.651  1.659 -0.363  1.008  2.209 -0.653  0.000 -0.581  2.324 -0.383  4.365 -1.210  1.135  0.044  0.000
D       -1.517 -3.729  0.000 -1.595 -0.648 -1.737 -2.941 -1.872 -2.729 -2.373 -1.624 -3.003  0.000 -0.559 -1.713 -1.992 -3.284 -1.456 -0.568 -1.337 -0.749
E       -0.178  0.149 -1.383  1.086  0.978 -1.123  1.067  0.318  0.538  0.635  0.718 -2.958  0.000  1.071  1.402 -1.292 -0.626  0.633  0.662  0.948  0.862
F       -0.755  1.977 -1.665 -0.800 -0.788 -1.807 -1.182 -0.673 -0.456 -1.707 -0.957 -0.595  0.000  0.262 -0.606 -0.881 -1.323 -0.786  0.968 -0.189 -0.679
G       -3.273 -3.170 -3.319 -2.048 -3.367 -2.445 -3.387 -3.304 -2.466 -3.154 -2.542  0.000  0.000 -2.698 -2.225 -3.113 -2.203 -2.504 -2.596 -2.958 -2.957
H       -0.914  0.179 -1.682  0.026  0.695  0.365 -0.352 -0.231  0.091  0.641  0.753 -0.971  0.000  0.989  0.252 -0.156 -0.026  1.086 -0.561  1.340 -0.663
I        3.283  3.990  2.744  3.058  3.690  2.416  3.275  2.758  2.440  2.720  3.595  1.775  0.000  3.399  2.073  2.601  2.690  2.623  0.000  4.078  2.513
K       -0.261 -1.000 -0.446  0.326  0.114 -1.272 -0.083  0.536  0.820 -0.002  1.587 -1.254  0.000  0.756  0.432 -0.969 -1.518  0.923 -0.405  0.727  2.056
L        0.835 -0.195 -0.434  0.031  1.071 -0.086  0.513  0.830  0.312  0.177  0.112  0.083  0.000  1.722  0.815 -0.386  0.157  1.012  0.742  0.996 -1.301
M       -0.120  0.034 -1.105  0.756 -0.102  0.992  1.116  0.757 -0.347 -0.112 -2.169 -0.548  0.000  0.250 -0.050 -0.587 -0.889  0.775  0.089  0.916  0.795
N       -0.885  3.232 -2.225 -3.053 -0.161 -1.458 -2.176 -0.122 -0.323 -0.571  1.066 -3.392  0.000 -2.565  0.404 -0.938 -0.234 -0.118 -2.343 -0.132 -1.397
P       -0.014  0.000  0.000 -2.680 -2.234 -0.108 -1.293 -1.632 -0.731 -1.913 -0.037 -3.483  0.000  0.572  0.263 -1.434 -1.726 -2.453 -2.620 -1.678  0.000
Q        0.989  1.306  0.187  2.205  0.435 -0.240 -0.677  0.214  0.016  0.775  0.882 -0.535  0.000  1.216  1.142  0.959  0.433  0.729 -0.284  1.367 -1.849
R        0.081  1.160 -0.351  0.016  0.593 -0.876 -0.950  0.853  1.105  0.045 -0.122 -1.492  0.000 -0.319  0.877  0.676 -1.478  0.557  0.327 -0.045  2.905
S       -1.106 -2.955 -0.804 -0.731 -1.034 -1.040 -1.379 -1.038  0.182 -0.948 -1.405 -1.846  0.000  0.193 -0.087 -0.665 -0.646 -0.289  0.209 -0.888  0.331
T        1.434  2.461 -1.113  2.013  1.557  0.243  0.818  1.564  1.759  1.983  1.170  0.361  0.000  0.482  1.303  1.061  0.487  1.401 -0.100  1.444  0.000
V        3.218  2.527  1.519  2.387  3.543  1.184  2.043  2.938  2.474  2.384  2.256  1.532  0.000  2.926  2.457  2.134  2.459  2.605  3.321  3.063  2.739
W       -1.252  1.173 -0.572 -1.447  0.173 -1.687  0.805 -2.006 -0.125 -1.187 -0.883  0.000  0.000 -2.257 -0.124 -0.732 -1.717 -2.538  1.128 -1.793  0.000
Y       -0.665  1.963  1.399 -1.025 -1.155 -2.121 -1.173 -1.393 -0.884 -0.898 -0.046  0.244  0.000 -0.475 -0.397 -0.132 -0.103 -0.942 -1.289 -2.906 -3.187
X        0.211  0.000 -0.227  0.818 -3.245  0.740  0.000 -0.599  0.762  1.217 -1.194 -1.361  0.000  0.615  0.480  0.000  0.932 -2.570 -0.964 -0.704  0.000
