i-1/i     A      C      D      E      F      G      H      I      K      L      M      N      P      Q      R      S      T      V      W      Y      X
A        0.031  0.317 -0.348 -0.264 -0.055  0.096 -0.512  0.085 -0.120 -0.041  0.679 -0.052  0.000  0.020 -0.144 -0.415 -0.245  0.242 -0.138 -0.070 -0.093
C       -0.351 -0.081 -0.637  0.130  0.021  0.139 -0.618 -0.053 -0.374 -0.031 -0.307  0.110  0.000 -0.398 -0.228  0.038 -0.047 -0.206  0.647  0.176  0.000
D       -0.008 -0.178 -0.526 -0.202 -0.310 -0.515 -0.899 -0.112 -0.082 -0.149 -0.136  0.090 -0.432 -0.289 -0.330 -0.102 -0.064 -0.429 -0.161 -0.146  0.076
E        0.177 -0.563 -0.710 -0.273  0.195  0.064 -0.313  0.215 -0.102 -0.141 -0.179 -0.500 -0.415 -0.230 -0.330 -0.370  0.055  0.070  0.084 -0.159 -0.469
F       -0.280 -0.361 -0.471 -0.101  0.124  0.284 -0.515 -0.155 -0.188 -0.058  0.006 -0.143 -0.562  0.013 -0.108 -0.392 -0.889  0.078  0.507  0.222 -0.863
G       -0.254 -0.406 -0.263 -0.008 -0.376  0.080 -0.378 -0.127 -0.173  0.094 -0.362 -0.162 -0.196 -0.175 -0.205 -0.276 -0.399  0.031 -0.465 -0.165  0.173
H       -0.134 -0.431  0.174 -0.280 -0.053  0.117 -0.322  0.390 -0.271 -0.094 -0.023  0.232  0.417  0.141 -0.209 -0.106  0.264  0.278 -0.051  0.200 -1.231
I       -0.370  0.024 -0.223 -0.140  0.001  0.041  0.193 -0.044 -0.112 -0.175 -0.140 -0.007 -0.223 -0.112 -0.098 -0.230 -0.588 -0.209 -0.123 -0.101 -0.183
K       -0.081 -0.118 -0.302 -0.219  0.138  0.059 -0.038  0.042  0.037  0.227  0.025  0.109 -0.094 -0.363 -0.053 -0.214 -0.016  0.049  0.573 -0.016  0.716
L       -0.142 -0.334 -0.720 -0.180  0.016 -0.206 -0.279 -0.076 -0.138 -0.301 -0.414 -0.196 -0.667 -0.194 -0.298 -0.095 -0.273 -0.116  0.340 -0.235 -0.325
M       -0.394 -0.106 -0.696 -0.425  0.330  0.520  0.455 -0.282 -0.498 -0.069 -0.181 -0.404 -0.553 -0.118 -0.061 -0.124  0.243 -0.217 -1.261 -0.200  0.000
N        0.083 -0.285 -0.341 -0.001  0.122 -0.774 -0.588  0.290 -0.254 -0.067 -0.451 -0.199  0.000 -0.290 -0.075 -0.225 -0.081  0.105 -0.438  0.090  0.000
P       -0.353  0.172 -0.603 -0.108 -0.211  0.233 -0.386 -0.121 -0.071 -0.267 -0.781 -0.132  0.078  0.029 -0.170 -0.184  0.299  0.026  0.186 -0.323 -0.386
Q       -0.068  0.810 -0.443 -0.235  0.294 -0.160 -0.015  0.023  0.041 -0.004  0.365 -0.202  0.000  0.072 -0.441 -0.252 -0.126 -0.202  0.486  0.376  0.386
R       -0.004  0.119 -0.455 -0.193  0.222  0.050 -0.131 -0.146  0.015  0.017 -0.306 -0.672 -0.463 -0.343 -0.108 -0.127 -0.138  0.179  0.244  0.317 -0.611
S        0.361  0.134 -0.695 -0.239 -0.040  0.018 -0.153  0.266 -0.107  0.184 -0.142 -0.095 -0.423 -0.027 -0.156 -0.231  0.033  0.094  0.325  0.224  0.957
T       -0.039 -0.331 -0.530 -0.232  0.162 -0.262  0.119 -0.027 -0.249 -0.070  0.127 -0.213 -0.721 -0.146 -0.089 -0.246  0.045 -0.023  0.415  0.464 -1.271
V       -0.086 -0.008 -0.350  0.045  0.014  0.165 -0.403 -0.063 -0.047 -0.277 -0.195 -0.126 -0.485 -0.103 -0.021 -0.228 -0.290 -0.044 -0.128 -0.398  0.022
W        0.092  0.122  1.020  0.170  0.120  0.906  0.638 -0.212  0.625  0.152  0.030 -0.413  0.488  0.231  0.651  0.223 -0.154 -0.050  1.151  0.267 -0.109
Y       -0.156 -0.121 -0.488 -0.044  0.057 -0.145  0.183  0.077  0.074 -0.166  0.139 -0.141 -0.113  0.001  0.066 -0.169 -0.295  0.111 -0.300  0.003 -1.212
X       -0.160  0.000  0.000  0.000 -0.033  0.000  0.000  0.244  0.008  0.000  0.000  0.000  0.000  0.000  0.509  0.158  0.000  0.542  0.000 -0.504  0.000
