i-1/i     A      C      D      E      F      G      H      I      K      L      M      N      P      Q      R      S      T      V      W      Y      X
A        0.074 -0.114  0.350  0.031  0.356  0.208  0.475 -0.164  0.104  0.199  0.002  0.053  0.421  0.367  0.327 -0.085 -0.384 -0.101 -0.771 -0.158 -1.287
C        0.012  0.429  0.000  0.177 -0.177  0.020 -0.396  0.072  0.440 -0.020  0.021  0.000  0.000  0.115  0.329  0.176 -0.824  0.140  0.000 -0.055  0.000
D       -0.231  0.127  0.019 -0.157  0.004 -0.021 -0.551  0.281  0.061  0.515 -0.433  0.021  0.066  0.372 -0.064 -0.070 -0.391  0.273 -0.274 -0.451  0.000
E        0.361 -0.137 -0.163  0.128  0.069 -0.193  0.505  0.093 -0.135  0.354  0.539 -0.037  0.222 -0.066  0.088 -0.079 -0.064  0.755  0.864 -0.302  0.000
F        0.011 -0.053 -0.804  0.008 -0.176 -0.215  0.126 -0.011  0.104  0.041  0.183  0.245  0.171  0.249 -0.307  0.504  0.274  0.013  0.080  0.134 -0.732
G        0.112  0.060  0.313  0.149  0.025 -0.137 -0.373  0.055  0.204  0.136  0.205  0.051  0.765 -0.156  0.083 -0.094 -0.289  0.369 -1.200 -0.114  0.000
H        0.316  0.151  0.167 -0.004 -0.061 -0.312 -0.650  0.226 -0.038  0.297 -0.327  0.044 -0.234 -0.048 -0.274  0.214 -0.036  0.399  0.820 -0.075  0.000
I        0.058 -0.075  0.931  0.187 -0.052  0.132 -0.568 -0.188 -0.040  0.020  0.048 -0.161 -0.071  0.023  0.070  0.310  0.385 -0.170 -0.166  0.169  0.513
K        0.184  0.380 -0.227  0.183  0.173 -0.181  0.023  0.564  0.009  0.275  0.205  0.245  0.281 -0.013 -0.049  0.039  0.254  0.662  0.280 -0.298 -0.490
L        0.031 -0.078  0.573  0.129 -0.002  0.039  0.307 -0.007  0.052 -0.047  0.154 -0.018  0.067 -0.171 -0.111  0.292  0.282  0.008  0.627  0.200  0.000
M       -0.068  0.853  0.042  0.701 -0.069 -0.102 -0.510 -0.156  0.113 -0.115  0.567  0.160 -0.525 -0.610  0.063  0.219  1.221  0.342 -0.087  0.086  0.000
N        0.410 -0.545 -0.373  0.208  0.343 -0.700  0.721  0.318  0.035  0.367 -0.428 -0.156  0.093  0.408  0.028  0.435 -0.056  0.397  0.707  0.390  0.000
P       -0.010  0.000 -1.086  0.371  0.558 -0.421  0.000 -0.165  0.437  0.124  0.000  0.264 -0.132  0.157 -0.694 -0.063 -0.338  0.532  0.775  0.192  0.000
Q        0.278 -0.712 -0.112  0.048 -0.170 -0.101  0.029  0.183 -0.044  0.820  0.425  0.601  0.266  0.082  0.176 -0.115 -0.353  0.742  0.230 -0.045  0.000
R        0.083 -0.259  0.038 -0.080  0.006 -0.000  0.555  0.186  0.064  0.310 -0.118 -0.183 -0.099  0.198  0.202 -0.175  0.019  0.479  0.689  0.031  0.718
S        0.327  0.169 -0.036  0.314 -0.055  0.357  0.110  0.222  0.081  0.369  0.488  0.132 -0.330  0.211  0.160 -0.221 -0.023  0.181 -0.295  0.050  0.000
T        0.024  0.087 -0.244 -0.079 -0.167  0.163 -0.366  0.335 -0.070  0.143 -0.495 -0.126 -0.078  0.047  0.165 -0.366 -0.095  0.469 -0.383 -0.106  0.000
V       -0.077  0.046  0.574 -0.009  0.138  0.053  0.536 -0.115 -0.061 -0.048 -0.070  0.104  0.010 -0.024  0.041 -0.007  0.045 -0.310 -0.019  0.243  0.201
W        0.381 -0.851 -0.088 -0.066  0.220 -0.127 -0.034 -0.432  0.567  0.071 -0.868 -0.160 -0.376 -0.002 -0.094  0.639 -0.027  0.142  0.158 -0.084  0.000
Y       -0.050  0.370  0.140 -0.120  0.161 -0.291  0.134  0.210  0.067 -0.148 -0.198 -0.306 -0.036 -0.207  0.030  0.346  0.518  0.062  0.178  0.056 -0.279
X       -0.188  0.000  0.000 -0.152  0.310  0.839  0.752  0.630  0.000 -0.066  0.000  0.000  0.291  0.000  0.769  0.108 -0.475 -0.504  0.923  0.508  0.480
