i-1/i     A      C      D      E      F      G      H      I      K      L      M      N      P      Q      R      S      T      V      W      Y      X
A       -0.060 -0.459 -0.085 -0.101 -0.226  0.090 -0.071 -0.166 -0.193  0.053 -0.538  0.090  0.250 -0.074 -0.199  0.116 -0.679  0.058  0.272 -0.266  0.270
C       -0.368 -0.263  0.257  0.176  0.079  0.255  0.305  0.262  0.252  0.288 -0.089  0.128  0.244  0.114 -0.156  0.118 -0.383  0.243  1.317  0.045  0.000
D       -0.061  0.000 -0.749 -0.051 -0.019 -0.226 -0.535  0.095 -0.101  0.206  0.186  0.000  0.001  0.554 -0.647  0.150 -0.146  0.157  0.170 -0.016 -1.113
E        0.064  0.281  0.974  0.254  0.021  0.052 -0.108 -0.072  0.068 -0.053  0.130  0.023 -0.044  0.222 -0.138  0.348 -0.129 -0.240 -0.314  0.010 -0.547
F       -0.300 -0.023 -0.389 -0.240  0.204  0.076 -0.517 -0.202 -0.063  0.010  0.145 -0.377 -0.135  0.060  0.109 -0.178 -0.112  0.115  0.113 -0.084 -0.019
G       -0.043 -0.673 -0.644 -0.684 -0.174 -0.303 -0.119 -0.079 -0.179  0.016 -0.324 -0.197  0.065 -0.285 -0.184 -0.574 -0.541 -0.124 -0.258 -0.664  1.241
H        0.063 -0.222  0.216  0.402 -0.030  0.242 -0.951  0.144  0.276  0.256  0.335  0.275  0.281  0.144 -0.111  0.015 -0.006 -0.186  0.737 -0.104  0.042
I       -0.022 -0.703  0.162  0.013 -0.013 -0.016  0.087  0.138 -0.025  0.039  0.017  0.115  0.016  0.021  0.065 -0.159  0.174  0.376 -0.335  0.020 -0.335
K        0.005  0.003  1.135  0.563  0.088  0.123 -0.073  0.147  0.201  0.189  0.372  0.238  0.392  0.164  0.059  0.345  0.021 -0.191 -0.364  0.302 -0.222
L        0.088  0.130 -0.090  0.021  0.158 -0.103 -0.043  0.028 -0.061 -0.031 -0.241  0.007 -0.015 -0.031 -0.052 -0.049  0.383  0.459  0.122  0.137  0.511
M        0.229  0.000 -0.118 -0.530  0.428 -0.242 -0.054  0.277  0.244  0.017  0.197 -0.025  0.319 -0.026  0.219 -0.408  0.084  0.375  0.567  0.138  0.000
N        0.820  0.177 -0.386  0.228 -0.027 -0.290 -0.227 -0.086 -0.178  0.042  0.156  0.573 -0.326 -0.333  0.085  0.530 -0.197  0.055 -0.109  0.116 -1.524
P       -0.812  0.000  0.000  0.000  0.000 -1.059 -0.917  0.000  0.000  0.000  0.000  0.000  0.000  0.000  0.000 -0.597  0.000  0.000 -0.110  0.000  0.000
Q        0.121  0.229  0.606  0.084  0.200 -0.208  0.285  0.302  0.374  0.013 -0.114  0.152  0.293  0.147  0.344  0.257 -0.453  0.018 -0.406  0.081  0.458
R        0.080 -0.247  0.282  0.401  0.097  0.199  0.272 -0.053  0.338  0.084  0.069  0.437 -0.232  0.134  0.295  0.438 -0.017 -0.090 -0.080  0.028  0.290
S        0.179 -0.123  0.518 -0.011  0.060 -0.105  0.887  0.000  0.064  0.154  0.164 -0.069  0.407  0.147  0.265  0.247 -0.041 -0.114 -0.655  0.299 -0.104
T        0.114  0.136  0.572  0.139  0.165  0.164 -0.026  0.127  0.275 -0.062  0.506  0.132  0.397 -0.121  0.159  0.233  0.355 -0.027 -0.005  0.320 -0.932
V        0.163  0.241  0.183  0.061  0.086  0.055  0.242  0.169  0.117  0.111 -0.054 -0.186 -0.283  0.169  0.280 -0.028  0.099  0.395  0.112  0.303  0.581
W        0.129 -0.156 -0.669 -0.075 -0.013  0.190 -0.257  0.305 -0.159  0.277  0.000  0.434  0.109  0.138 -0.575  0.165 -0.237  0.153  0.147  0.105  1.650
Y       -0.029  0.180 -0.223 -0.035  0.026  0.102  0.164 -0.093  0.064 -0.169 -0.126 -0.159 -0.087 -0.307 -0.273  0.057  0.021 -0.303  0.298 -0.211 -0.534
X        0.090  0.000 -0.110  0.185 -0.021  0.049  0.357  0.052 -0.219  0.142 -0.132 -0.148  0.000 -0.172 -0.940 -0.580 -0.409 -0.360  0.000  0.388  0.000
