i-1/i     A      C      D      E      F      G      H      I      K      L      M      N      P      Q      R      S      T      V      W      Y      X
A       -0.033 -0.514 -0.007 -0.211  0.173  0.308 -0.099 -0.075 -0.091 -0.159 -0.182 -0.331  0.131 -0.189 -0.056 -0.284 -0.328  0.104 -0.198  0.021  0.334
C       -0.035 -0.498  0.033  0.110  0.050  0.025 -0.147  0.178 -0.050 -0.046  0.000 -0.721  0.000  0.118 -0.156 -0.073  0.472  0.012 -0.768 -0.140  0.000
D        0.235 -0.047  0.476  0.022  0.163  0.328 -0.267  0.028 -0.206 -0.018 -0.543 -0.020  0.662 -0.282 -0.020 -0.092 -0.168  0.333 -0.039  0.117  0.021
E        0.044 -0.250 -0.233  0.176  0.214  0.146 -0.187  0.084  0.162  0.003 -0.084 -0.472  0.329  0.031 -0.066  0.306 -0.359  0.129  0.262  0.115  0.441
F       -0.284 -0.022 -0.756 -0.264 -0.259 -0.007 -0.891 -0.083 -0.284 -0.130 -0.190 -0.330 -0.786 -0.422 -0.002 -0.174 -0.055  0.136 -0.017 -0.088 -0.785
G       -0.213 -0.218 -0.192  0.014 -0.058  0.331  0.286 -0.403  0.007  0.019 -0.420 -0.098 -0.148 -0.100 -0.111  0.028 -0.115 -0.265  0.483  0.130  1.228
H       -0.021 -0.159 -0.374 -0.066  0.162  0.022  0.022  0.441  0.488 -0.017 -0.093 -0.527 -0.172  0.100  0.442 -0.129 -0.135  0.209 -0.362  0.079 -0.270
I       -0.319  0.287 -0.411 -0.382 -0.426 -0.310 -0.218 -0.060 -0.132 -0.214 -0.458 -0.302 -0.452 -0.130 -0.330 -0.429 -0.175 -0.070 -0.213 -0.218 -0.849
K       -0.281 -0.315 -0.430  0.029  0.047  0.117 -0.056 -0.075  0.137 -0.041  0.149  0.383  0.053  0.100 -0.197  0.228 -0.084  0.116  0.176  0.055 -0.871
L        0.048  0.148 -0.614 -0.155 -0.097 -0.507 -0.155  0.044 -0.189  0.024 -0.255 -0.077 -0.307 -0.186 -0.007 -0.244 -0.052  0.118  0.125  0.165 -0.204
M        0.098  0.592 -0.289 -0.052  0.337 -0.157  0.094 -0.047 -0.161 -0.202  0.036 -0.365 -0.826  0.258  0.418  0.150  0.358  0.015 -0.363  0.385  0.164
N        0.345  0.646  0.000 -0.033  0.175  0.324  1.021  0.565  0.180  0.029  0.039 -0.191  0.000  0.069  0.058  0.040  0.193 -0.006  0.819  0.232  1.014
P        0.210 -0.466 -0.455  0.230  0.240 -0.528 -0.515 -0.134  0.003  0.103  0.790  0.614  0.467  0.032 -0.128 -0.248 -0.247 -0.545  0.826 -0.524  0.327
Q       -0.056 -0.631 -0.241  0.240  0.170  0.146 -0.052  0.195 -0.050 -0.032 -0.160  0.354 -0.124  0.112  0.355  0.258  0.186  0.178  0.344 -0.006  0.523
R       -0.145  0.012  0.140 -0.139 -0.011  0.215  0.111 -0.089  0.132 -0.029  0.025 -0.142 -0.124 -0.042 -0.272 -0.215 -0.114 -0.093  0.148 -0.172 -1.190
S        0.411 -0.275 -0.209  0.085  0.219  0.071  0.098  0.160  0.152  0.104 -0.026  0.028 -0.323 -0.036 -0.064  0.106 -0.085 -0.042  0.635 -0.060  0.311
T       -0.149  0.125  0.128  0.155  0.077  0.101 -0.002 -0.070  0.029 -0.209  0.019  0.266 -0.608  0.113  0.034  0.133  0.176 -0.168 -0.370 -0.031 -0.469
V       -0.300 -0.397 -0.659 -0.372 -0.113 -0.123 -0.301 -0.255 -0.141 -0.187 -0.011 -0.214 -0.526 -0.205 -0.279 -0.319 -0.180 -0.054 -0.184  0.004  0.074
W        0.117  0.606 -0.456 -0.136  0.114  0.096 -0.445 -0.158 -0.124  0.186 -0.414 -0.352  0.771 -0.192  0.058 -0.092 -0.214 -0.460  0.000  0.235 -1.186
Y       -0.215 -0.202 -0.178 -0.113  0.003 -0.394 -0.646 -0.037 -0.264 -0.095 -0.472 -0.309 -0.429 -0.154 -0.206 -0.499 -0.101 -0.267  0.171 -0.132 -1.515
X        0.084  0.000 -0.612 -0.132  0.451  0.150  0.448 -0.921  0.209 -0.320  0.000 -0.292  0.000 -0.551 -0.516 -0.345 -0.944 -0.299  0.623  0.162  0.000
