i-1/i     A      C      D      E      F      G      H      I      K      L      M      N      P      Q      R      S      T      V      W      Y      X
A        0.484 -0.256 -0.738  0.321 -0.297  0.000  0.839 -0.385 -0.300  0.204  1.339 -0.420 -0.468  0.205 -0.033 -0.163 -0.003 -0.015  0.230  0.154 -2.427
C        0.058  1.123  0.589 -0.084  0.082  0.000 -0.372 -0.182 -0.107 -0.037  1.400 -1.386  0.000 -0.312  0.654 -0.496 -0.581 -0.075  0.747  0.256  0.000
D       -0.260  0.539  0.534  0.047 -0.317  0.000 -0.466  0.391  0.342  0.031  0.980  0.997 -0.345  0.138 -0.051 -0.218  0.128  0.465 -0.581 -0.222  1.671
E       -0.076  0.437  0.233  0.134 -0.213  0.000  0.046  0.083  0.372 -0.312  0.625  0.936 -0.074 -0.478  0.185  0.008 -0.122  0.056 -0.502 -0.250 -1.542
F       -0.117 -0.538  1.284  0.497  0.199  0.000  0.871  0.158  0.056  0.092  0.893  0.280  0.063 -0.154  0.375  0.085  0.442  0.012 -0.750 -0.364 -0.703
G        0.588 -0.166  0.176 -0.025 -0.091  0.000  0.018  0.281  0.416  0.684  0.546  1.199  0.087  0.156  0.624  0.308  0.071 -0.018  0.123 -0.088 -0.163
H        0.511  0.993  0.496  0.030  0.775  0.000  0.272 -0.017  0.180 -0.111 -0.479  0.897 -0.575 -0.081  0.191  0.415 -0.038  0.081 -0.137 -0.132  2.162
I        0.133 -0.333  0.217  0.180 -0.203  0.000  0.518 -0.190  0.554  0.091  0.526  0.294  0.295 -0.221  0.250  0.222 -0.089 -0.132  0.157 -0.035  0.436
K        0.038 -0.320  0.773  0.341  0.253  0.000 -0.140  0.154  0.062 -0.364  0.025  0.028 -0.253  0.534 -0.100 -0.258 -0.146  0.116 -0.437 -0.308 -2.390
L        0.035 -0.000 -0.216  0.031 -0.021  0.000  0.652 -0.025  0.030 -0.021  0.431  0.753  0.249  0.187  0.300 -0.078 -0.139 -0.180 -0.372  0.249  1.863
M       -0.779 -0.200 -0.148 -0.155  0.190  0.000  0.250  0.068  0.947  0.179  0.660 -0.056 -0.676 -0.067  0.313 -0.038 -0.139  0.216  0.789 -1.113  0.000
N        0.462 -0.985  0.239  0.015 -0.330  0.000  0.552 -0.045  0.031  0.135 -0.517  0.597 -1.138 -0.034  0.263 -0.253  0.294  0.182  0.794  0.149  0.000
P        0.107  0.342 -0.480 -0.154  0.138  0.000 -0.202 -0.014 -0.399 -0.242 -0.000 -1.078 -0.326 -0.437 -0.175  0.030 -0.250 -0.282  0.153 -0.515 -0.215
Q       -0.287  0.010 -0.307  0.180 -0.015  0.000  0.020 -0.004  0.522 -0.475  0.745  0.411  0.000  0.271  0.396 -0.103 -0.013  0.058 -0.355 -0.015  0.273
R        0.340  0.143  0.394  0.167  0.465  0.000  0.586  0.331  0.135 -0.131 -0.261  0.444 -0.631  0.957  0.368 -0.004  0.175  0.367  0.074  0.040  0.646
S       -0.007  0.232  0.556  0.163 -0.111  0.000  0.541  0.109  0.052  0.003 -0.145 -0.442 -1.027  0.231  0.227  0.070 -0.125  0.109  0.275 -0.077  1.018
T       -0.071  0.069 -0.028 -0.037 -0.160  0.000  0.097 -0.118  0.221 -0.078  0.432  0.161 -0.244 -0.148 -0.204 -0.136 -0.228 -0.038 -0.280  0.450 -0.353
V        0.183  0.313  0.430  0.162 -0.337  0.000  0.535 -0.275  0.343  0.070  0.302  0.315  0.087  0.237  0.204  0.109 -0.115 -0.250  0.051  0.168  3.348
W        0.810  1.511  1.002 -0.141 -0.647  0.000 -0.625  0.997 -0.348 -0.328 -1.028  0.841 -0.492  0.577 -0.449 -0.761  0.013  0.547 -0.901 -0.585 -1.431
Y        0.128  0.289  0.213  0.043  0.881  0.000  0.359 -0.085  0.440  0.020  0.093  0.349 -0.000  0.027 -0.231  0.060  0.099 -0.317  0.193 -0.062 -0.029
X        0.220  0.000  0.000  0.000  0.768  0.000  0.000  0.726 -0.021  0.000  0.000  0.000  0.000  0.000  0.460  0.772  0.000 -0.784  0.000 -0.397  0.000
