i-1/i     A      C      D      E      F      G      H      I      K      L      M      N      P      Q      R      S      T      V      W      Y      X
A        0.023  0.461  0.104  0.258 -0.467  0.000  0.222  0.089  0.481  0.118  0.405 -0.855  0.199 -0.321 -0.001 -0.309  0.154  0.286  0.253 -0.013 -0.625
C        0.172 -0.716  0.000 -0.069 -0.504  0.000 -1.346  0.265  0.083 -0.217  0.902  0.000  0.166  0.020 -0.223  0.373  0.678 -0.038 -0.647 -0.128  0.000
D       -0.556 -0.280  1.055 -0.103 -0.286  0.000 -0.063 -0.589 -0.176 -0.756 -2.107 -0.111  0.535 -0.615 -0.759  0.237  0.224 -0.382  0.334 -0.069  0.000
E       -0.576 -0.646 -0.290 -0.265 -0.205  0.000 -0.372 -0.410 -0.142 -0.552 -1.364 -0.440  0.040  0.121  0.030  0.245 -0.200 -0.594 -0.334 -0.361  0.000
F        0.066  0.351  0.863  0.185  0.160  0.000  0.192  0.492  0.132  0.419  0.182  1.059 -0.307  0.047  0.366 -0.122 -0.068  0.173 -0.156  0.920  0.517
G        0.375 -0.261 -0.661 -0.429 -0.001  0.000 -0.388  0.026 -0.371 -0.103 -1.101 -0.108 -0.033 -0.469 -0.048  0.274  0.170 -0.581  1.261  0.149  0.000
H        0.416  0.115 -0.425  0.120 -1.180  0.000 -0.597 -0.941  0.097 -0.023 -0.823 -0.228  0.000  0.153  0.611 -0.095 -0.254 -0.072  0.080 -0.277  0.000
I        0.314 -0.350 -0.458 -0.044 -0.177  0.000  0.138  0.446  0.236  0.386 -0.098 -0.159 -0.081  0.075 -0.301  0.064  0.082  0.398  0.166  0.129 -0.559
K       -0.327 -0.971 -0.038 -0.183 -0.175  0.000 -0.846 -0.842 -0.246 -0.028 -0.436 -0.539 -0.319  0.395 -0.027 -0.331  0.022 -0.308 -0.087 -0.181 -1.327
L        0.201  0.435 -0.251  0.020 -0.058  0.000  0.689  0.385  0.005  0.183  0.468 -0.145 -0.056  0.156 -0.242 -0.237  0.201  0.338  0.443  0.294  0.000
M        0.474 -0.653 -1.002 -0.521  0.018  0.000  0.129  0.545 -0.207 -0.197 -0.294 -0.001  0.565  0.467 -0.553 -0.322 -0.306 -0.086  0.408  0.119  0.000
N       -1.340  0.649  0.130 -0.291 -0.891  0.000 -0.332 -0.385 -0.173 -0.554 -1.527  0.097  0.164 -0.726 -0.172 -0.237  0.033 -0.407  0.773 -0.310  0.000
P       -1.072  0.000 -0.977 -0.771  0.020  0.000  0.000 -1.074 -0.621 -0.826 -1.030 -1.725 -0.155  0.061 -0.238 -0.736  0.057 -0.785 -1.314  0.296  0.000
Q       -1.114 -0.615  0.220  0.129  0.115  0.000 -0.360 -0.650 -0.095 -0.751 -0.926 -0.759  0.426  0.204 -0.200 -0.152  0.179 -0.779  0.030 -0.508  0.000
R       -0.586 -0.687 -0.016  0.068  0.322  0.000  0.093 -0.856 -0.105 -0.096 -0.330 -0.140  0.171  0.709 -0.634 -0.308 -0.032 -0.605  0.030 -0.436  0.000
S       -0.633 -0.704  0.448 -0.137  0.513  0.000 -0.368 -1.033 -0.508 -0.723 -1.483  0.572 -0.369 -0.017 -0.017  0.101  0.009 -0.249 -0.867 -0.360  1.944
T       -0.657  0.540 -0.247  0.202  0.347  0.000 -0.885 -0.396  0.103 -0.477 -0.866 -0.438 -0.222  0.004 -0.237  0.421  0.260 -0.404 -0.224 -0.865  0.000
V        0.324  0.199 -0.399 -0.087  0.151  0.000  0.053  0.360  0.227  0.086  0.359 -0.262  0.220  0.382 -0.027 -0.292  0.007  0.324  0.390  0.373 -0.858
W        0.241  0.611  0.091  0.029  0.470  0.000  1.016  0.590  0.009  0.199 -0.120 -0.349  0.382 -0.369  0.188 -0.120  0.235  0.036  0.457 -0.137  0.000
Y        0.377 -0.361  0.141  0.091  0.287  0.000  0.427  0.309  0.582  0.274 -0.206  0.668 -0.137  0.319 -0.149  0.561 -0.003 -0.352  0.270  0.237 -3.030
X       -0.085  0.000  0.000 -0.547  0.439  0.000  0.027  0.819  0.413  0.345  0.000  0.000  0.017 -0.253 -0.416 -0.044 -0.110 -0.315  0.298  0.205 -0.438
