i-1/i     A      C      D      E      F      G      H      I      K      L      M      N      P      Q      R      S      T      V      W      Y      X
A        0.442  0.800  0.073  0.282  0.270  0.000  0.813  0.412  0.149  0.167 -0.375  0.040 -0.017  0.555  0.342  0.422  0.599  0.149  0.670  0.542  3.441
C       -1.199  0.413  0.587  0.033 -0.493  0.000 -0.408 -0.555 -0.606 -0.873  0.871  0.537 -0.193 -0.421  0.612  0.376  0.407 -0.088  0.000  0.029  0.000
D        0.030 -0.708 -0.233  0.717 -0.496  0.000  0.152  0.460  0.470  0.181  0.814  1.600  0.418  0.379  0.896  0.335 -0.039 -0.017  0.929  0.243 -0.158
E       -0.022 -0.084 -0.157 -0.015 -0.028  0.000 -0.292  0.343 -0.034  0.357 -0.066  0.885 -0.157  0.099 -0.054  0.019 -0.150  0.460  0.115  0.372 -1.841
F        0.575  0.380 -0.205 -0.115  0.072  0.000 -0.479 -0.199  0.109  0.172 -0.815  0.260  0.562  0.077  0.312  0.135  0.095 -0.195 -0.176 -0.164 -1.704
G        0.056  1.085  0.535  0.453  0.262  0.000 -0.603 -0.047  0.160 -0.257 -0.036  0.189  0.138  0.589 -0.063  0.524  0.292 -0.018  0.291 -0.414  0.000
H       -0.377 -0.868 -1.114 -0.308  0.118  0.000  0.311 -0.193  0.408 -0.208 -0.046 -0.598 -0.349  0.327 -0.326  0.298 -0.376  0.154 -0.538 -0.158 -2.042
I       -0.272 -0.064 -0.184 -0.091  0.156  0.000  0.238 -0.283  0.196 -0.277 -0.449  0.039  0.220 -0.015  0.002 -0.050  0.039 -0.259  0.003 -0.265  0.639
K        0.041 -0.004 -0.239 -0.241  0.345  0.000  1.048  0.443  0.375 -0.076  0.117 -0.181  0.422  0.120  0.028 -0.059 -0.196  0.318 -0.164  0.563 -3.073
L        0.029 -0.049  0.094 -0.078 -0.049  0.000 -0.497 -0.286 -0.167 -0.129 -0.646 -0.012 -0.191 -0.044  0.087 -0.135 -0.086 -0.201 -0.155 -0.181 -1.394
M       -0.221  0.000 -0.121  0.296  0.188  0.000 -0.357 -0.210  0.090  0.430  0.674 -0.342 -0.265  0.334  0.019  0.092 -0.499 -0.179  0.213 -0.091  1.331
N        0.163 -0.207  0.787  0.257 -0.206  0.000 -1.226  0.283 -0.248 -0.570 -0.607  0.147  0.112  1.104 -0.174 -0.193 -0.242 -0.013 -0.149  0.713 -3.502
P       -0.352  0.000 -0.224 -0.465 -1.455  0.000 -1.184  0.147 -1.374  0.183 -0.528  0.000  0.000 -1.087 -0.660 -1.144  0.137 -0.098  1.418 -1.054  0.000
Q        0.231 -0.249 -0.193  0.227  0.414  0.000  1.077  0.227  0.014  0.208  0.553 -1.432  0.403  0.244 -0.067 -0.260  0.372  0.128  1.006  0.357  0.752
R        0.531  0.202 -0.825 -0.616  0.319  0.000  0.647  0.215  0.253  0.199  0.593 -1.165 -0.029 -0.199 -0.555 -0.452  0.149  0.181  0.047  0.537  0.941
S        0.642 -0.046  0.385  0.447  0.043  0.000  0.645  0.130  0.362  0.166  1.154 -0.284 -0.181 -0.073 -0.188 -0.048 -0.274  0.110  0.449  0.193 -0.156
T       -0.033 -0.054  0.001  0.249 -0.181  0.000  0.088  0.012  0.249  0.433  1.122  0.940 -0.213  0.602 -0.027 -0.077  0.150  0.102  0.036  0.267 -0.140
V       -0.378 -0.266  0.033 -0.050 -0.045  0.000 -0.119 -0.319 -0.294 -0.305 -0.796 -0.264 -0.475 -0.179 -0.431 -0.176  0.002 -0.278 -0.271 -0.290 -0.561
W        0.494  0.063 -0.317  0.211 -0.146  0.000  0.074  0.136  0.531  0.312 -0.710  0.534  0.747  0.507  0.317  0.687  0.491  0.209  0.411 -0.049  3.379
Y        0.111  0.067 -0.054 -0.077 -0.389  0.000  0.259  0.054 -0.027  0.174 -0.004 -0.406  0.275  0.316  0.147 -0.069 -0.047 -0.167  0.281 -0.295  0.429
X       -0.041  0.000  0.264  0.391 -0.066  0.000  0.000  0.882  0.733  0.255 -0.326  0.348  0.000  0.734  0.972  0.252  0.382  1.101  0.332  0.169  0.000
