i-1/i     A      C      D      E      F      G      H      I      K      L      M      N      P      Q      R      S      T      V      W      Y      X
A       -0.077  0.153  0.442  0.077  0.247  0.000  0.332  0.356  0.092  0.387  0.037  0.105 -0.514  0.206  0.007  0.505  0.250  0.123  0.297 -0.166  0.608
C       -0.328  1.202  0.615 -0.030 -0.143  0.000  0.708  0.185 -0.096 -0.713  0.000 -0.852  0.000 -0.300  0.455 -0.281 -0.212  0.353 -0.211 -0.039  0.000
D        0.382 -0.613  0.883 -0.003  0.107  0.000 -0.774 -0.582  0.291  0.253 -0.409  1.630  1.053  0.131  0.177  0.351  0.699  0.188 -0.532  0.067  0.438
E        0.488 -0.317 -0.035 -0.477 -0.377  0.000  0.263  0.273  0.440 -0.093  0.546  0.981  0.017 -0.296  0.491  0.302  0.143 -0.070  0.266  0.337  0.830
F        0.484  0.212  0.545  0.424  0.077  0.000  0.270  0.150  0.415  0.117 -0.030  0.600 -0.778  0.308  0.070 -0.019  0.170  0.193  0.330 -0.330 -0.324
G       -0.156  0.592  0.153  0.553  0.347  0.000  0.084  0.360  0.376  0.373  0.099 -0.364  0.845  0.609  0.489  0.449  0.580  0.346 -0.281  0.464  3.054
H       -0.017  0.315 -0.738 -0.050 -0.396  0.000 -0.623  0.186 -0.287  0.214 -0.990  0.285 -0.391 -0.963 -0.048 -0.153 -0.132 -0.144  0.398 -0.045 -0.582
I       -0.187 -0.290  0.186  0.109 -0.262  0.000 -0.129 -0.132  0.031 -0.272  0.567  0.425 -0.295 -0.094 -0.091 -0.072 -0.286 -0.330 -0.449 -0.213 -0.176
K        0.274  0.436  0.030 -0.271  0.107  0.000  0.690 -0.263  0.103 -0.310  0.282  0.593  0.325  0.197  0.155 -0.252  0.116 -0.149 -0.098  0.070 -1.579
L       -0.017 -0.014  0.242  0.107  0.036  0.000 -0.038 -0.417  0.162 -0.102  0.088 -0.164 -0.287 -0.351  0.027 -0.327 -0.213 -0.198 -0.283 -0.592 -0.267
M        0.007  0.356  0.348  0.084  0.494  0.000 -0.585  0.109  0.218  0.019  0.251 -0.080 -0.309 -0.571 -0.233  0.413 -0.461 -0.147  0.161 -0.123 -1.263
N        0.836 -0.034  0.000  1.161 -0.121  0.000  1.160  0.040 -0.310  0.157  0.378 -0.474  0.000  1.411 -0.143 -0.033  0.121  0.088  1.139  0.124  0.660
P        0.401  1.589  1.119  0.069  0.631  0.000 -0.051  0.331  0.407  0.640  0.979  0.403 -0.183  0.331  0.574  0.396  0.822  0.785 -0.119 -0.150  1.822
Q       -0.011  0.511  1.232  0.004 -0.137  0.000  0.957 -0.082 -0.154  0.070 -0.054  0.676 -0.084  0.193 -0.445 -0.418 -0.419 -0.081 -0.324  0.540  1.293
R        0.085  0.184 -0.677  0.032  0.177  0.000  0.852 -0.263  0.158  0.123  0.528 -0.437 -0.281  0.401  0.661  0.504 -0.052  0.117 -0.097 -0.043 -2.350
S        0.428  0.017  1.363  0.350  0.186  0.000  0.896  0.886  0.785  0.623  0.196  0.455  0.197  1.066  0.189  0.356 -0.114  0.403  0.091  0.541  2.640
T        0.007 -0.216  0.369 -0.134 -0.016  0.000  0.456  0.137  0.074 -0.038  0.890  0.266  0.060  0.257  0.174  0.117 -0.245 -0.075  0.426  0.253 -0.796
V       -0.262 -0.512  0.200  0.084  0.041  0.000 -0.113 -0.294 -0.060 -0.250 -0.187 -0.095 -0.561  0.240  0.075 -0.091 -0.144 -0.296  0.081 -0.067 -2.088
W        0.541  0.043 -0.031  0.590 -0.124  0.000  0.475  0.985  0.484  0.529  0.845  0.685  0.240  0.453  0.516  0.210  0.597  0.469  0.481 -0.090 -2.585
Y        0.256  0.090  0.646  0.294  0.250  0.000 -0.243  0.512  0.543 -0.104  0.304  0.873  0.340  0.557  0.290  0.021  0.095  0.171 -0.553 -0.094 -0.502
X        0.789  0.000  0.594 -0.067  1.310  0.000 -0.807  0.144  0.601  0.385  0.000  1.084  0.000  0.278  0.481  0.561  0.527  0.740 -0.577  0.765  0.000
