i-1/i     A      C      D      E      F      G      H      I      K      L      M      N      P      Q      R      S      T      V      W      Y      X
A       -0.054  0.485 -0.250  0.073 -0.275 -0.639 -0.725  0.095 -0.217  0.090 -0.318  0.600  0.149 -0.140  0.171  0.257  0.044 -0.083  0.673 -0.032 -0.093
C        0.096 -0.408  0.014 -0.265  0.608 -1.411 -1.232  0.005 -0.318  0.058 -0.144 -0.608  0.000 -0.069  0.622  0.099 -0.293 -0.104  0.000  0.255  0.000
D       -0.157 -0.078 -0.387 -0.401 -0.033 -0.424 -0.383 -0.112  0.108  0.112  0.140 -0.222 -0.048 -0.399 -0.104  0.127 -0.359 -0.137  0.775 -0.130  0.000
E       -0.129 -0.132 -0.110  0.036 -0.467 -0.196 -0.121  0.275 -0.000  0.144  1.103  0.316  0.311  0.154  0.003  0.200  0.076  0.083  0.565  0.173  0.257
F        0.097  0.062 -0.263 -0.191 -0.179 -0.762  0.436 -0.167 -0.193 -0.099  0.272 -0.495 -0.100  0.003 -0.153  0.277  0.098  0.036  0.576 -0.109 -0.448
G        0.021 -0.548 -0.613 -0.192 -0.340 -0.405  0.350 -0.242  0.093 -0.095 -0.398 -0.079  0.955 -0.100 -0.140  0.005 -0.079 -0.293  0.245  0.309 -0.152
H       -0.510  0.380 -0.134  0.123 -0.580 -0.630  0.223 -0.149 -0.174 -0.503 -0.048 -0.462 -0.373 -0.273 -0.249 -0.260 -0.050 -0.229 -0.887  0.132 -0.771
I       -0.102  0.515 -0.337 -0.079  0.223  0.026 -0.248  0.030 -0.270 -0.142 -0.280  0.082 -0.121  0.231  0.097 -0.218  0.227  0.127 -0.296  0.123  0.052
K        0.011 -0.644 -0.103 -0.095 -0.124 -0.309  0.119 -0.062  0.438 -0.031  0.193 -0.231  0.161 -0.189 -0.120 -0.071 -0.096  0.028 -0.002  0.263 -0.607
L       -0.188  0.115  0.070 -0.042  0.092 -0.481 -0.499  0.018  0.213  0.069  0.374 -1.051  0.789  0.184  0.009 -0.259 -0.311  0.045 -0.343 -0.462  0.556
M       -0.276 -0.286  0.521 -0.069  0.244 -0.244  0.150  0.070 -0.617 -0.005 -0.285  0.209 -0.020  0.064  0.015 -0.375  0.629 -0.152  0.628 -0.057  0.000
N       -0.140 -0.783 -0.039 -0.184 -0.102 -0.008  0.855 -0.200 -0.150 -0.291  0.375  0.428  0.000 -0.189 -0.668  0.250 -0.093 -0.139  0.131  0.021  0.000
P        0.217 -0.159  0.812  0.362 -0.491  0.345  0.000  0.176  0.267 -0.003  0.658  0.237  0.040 -0.014  0.207  0.244  0.267  0.033 -0.269  0.485  0.462
Q       -0.140  1.193  0.200  0.329 -0.055 -0.335 -0.120 -0.097 -0.248  0.012  0.643 -0.106  0.000  0.241 -0.477  0.200 -0.268  0.032  0.036  0.361  1.273
R       -0.323 -0.129  0.199 -0.174  0.187 -0.275  0.369  0.168  0.287  0.087  0.022 -0.049 -0.382 -0.067  0.000  0.109  0.303 -0.010  0.297 -0.080 -1.248
S        0.031 -0.288  0.117 -0.122  0.000  0.034  0.502  0.138 -0.195  0.134 -0.395  0.193  0.249  0.036 -0.153 -0.082  0.060 -0.096 -0.207 -0.178  0.150
T        0.251 -0.344  0.004  0.138  0.206 -0.097  0.678  0.061 -0.299  0.035 -0.389 -0.265  0.477 -0.057  0.110  0.041  0.016  0.066  0.799  0.102  0.069
V        0.132  0.560  0.117 -0.142  0.086 -0.323 -0.205 -0.090 -0.195 -0.065 -0.236  0.255 -0.000 -0.010 -0.002 -0.121 -0.046  0.137 -0.690 -0.373 -0.141
W       -0.195  0.491  0.301  0.917  0.623 -1.471  0.276  0.016  0.210 -0.050  0.285  0.000  0.880  0.011  0.642  0.525  0.435 -0.363  1.045  0.959  0.000
Y        0.271  0.344  0.556 -0.073  0.822 -0.833  0.314  0.190 -0.369 -0.187 -0.023 -0.020  0.839  0.034  0.162  0.678 -0.400 -0.010 -0.485  0.030 -0.291
X       -0.007  0.000  0.000  0.000  0.549  0.000  0.000 -0.039 -0.402  0.000  0.000  0.000  0.000  0.000  0.000 -0.363  0.000  0.174  0.000  0.436  0.000
