i-1/i     A      C      D      E      F      G      H      I      K      L      M      N      P      Q      R      S      T      V      W      Y      X
A       -0.154 -0.037  0.042 -0.142 -0.104  0.330 -0.434 -0.263 -0.104  0.103  0.804 -0.630 -0.414  0.193 -0.070 -0.230 -0.108  0.097  0.488  0.450  0.895
C        0.106  0.077  0.000  0.191  0.362  0.330 -0.243  0.035 -0.120 -0.074 -0.321  0.000  0.097  0.958 -0.295 -0.828 -0.138  0.438  0.282 -0.791  0.000
D        0.785  0.511 -0.559  0.230 -0.196  0.395 -1.236  0.249  0.167  0.420  0.730 -0.013 -0.630  0.015  0.334 -0.132 -0.130  0.444  1.197 -0.010  0.000
E        0.254  0.382  0.017  0.130  0.620 -0.163 -0.168  0.468  0.153  0.339  0.184  0.195  0.157 -0.069  0.020 -0.106  0.080  0.563 -0.335  0.073  0.000
F       -0.297 -0.652 -0.213 -0.326 -0.757 -0.288 -0.049 -0.413 -0.219  0.013 -0.139 -0.281 -0.544 -0.188 -0.568 -0.058 -0.540 -0.542  0.737 -0.272  0.263
G        0.057 -0.668  0.125 -0.098 -0.381 -0.078  0.578 -0.006 -0.326 -0.270 -0.773 -0.619  0.000 -0.248 -0.230 -0.674 -0.206  0.110 -0.569 -0.298  0.000
H       -0.403  0.432 -0.551 -0.121 -0.262 -0.810 -0.961  0.333  0.177  0.103  0.477  0.849 -0.251  0.238  0.217  0.076  0.062  0.184  0.000 -0.334  0.000
I       -0.255 -0.319 -0.120 -0.111 -0.607 -0.576  0.170 -0.502 -0.256 -0.188 -1.258  0.157 -0.652 -0.162 -0.224 -0.274 -0.207 -0.308 -0.045 -0.157 -0.552
K        0.062  0.282  0.556 -0.020  0.274  0.160  0.338  0.517  0.252  0.410 -0.046 -0.473  0.477  0.008  0.464 -0.114 -0.064  0.712  0.810  0.516 -0.290
L       -0.179 -0.279  0.121  0.190 -0.407 -0.368 -0.081 -0.303  0.101 -0.166 -0.185  0.049 -0.147 -0.009 -0.044  0.326 -0.161 -0.411  0.238 -0.126  0.000
M        0.223  0.542  0.201 -0.037 -0.408 -0.243  0.448 -0.471  0.677 -0.168 -1.083 -0.116 -0.485  0.764 -0.029  0.608 -0.024 -0.224 -1.282  0.310  0.000
N        0.103  0.327  0.227 -0.031  0.480  0.207 -0.899  0.723  0.206 -0.502 -0.304  0.067 -1.051  0.236  0.505 -0.866  0.087  0.796  0.397  0.605  0.000
P       -0.226  0.000  0.000  0.034  0.614  0.000  0.000  0.603  0.518  1.038  1.386  0.000  1.108  0.000  0.510  0.692  0.247  0.752  0.697  0.000  0.000
Q        0.551  0.107 -0.355  0.220  0.658  0.340 -0.137  0.632 -0.004  0.783  0.601  0.277  0.694  0.193  0.345  0.033  0.204  0.474 -0.688 -0.055  0.000
R        0.406  0.448 -0.533 -0.249  0.603 -0.213  0.290  0.561  0.381  0.111  0.878 -0.059  0.424 -0.250  0.096 -0.219  0.123  0.669  0.475  0.498 -0.493
S        0.737  0.467 -0.043  0.216  0.794  0.809  0.827  0.663  0.021  0.429  0.927 -0.393  0.239  0.052  0.105 -0.028  0.413  0.644  0.686  0.445 -1.017
T        0.818 -0.226  0.349  0.191  0.566  0.308 -0.521  0.737  0.199  0.224  0.695  0.319  0.228  0.383  0.513  0.047  0.265  0.558 -0.205  0.268  0.000
V       -0.158 -0.135 -0.081 -0.081 -0.117 -0.119 -0.049 -0.259 -0.042 -0.151 -0.445 -0.146  0.155 -0.055 -0.100 -0.283 -0.261 -0.253 -0.054  0.053 -0.200
W        0.028 -0.429  0.167  0.042  0.792 -0.047 -0.689 -0.253  0.143  0.364  0.000  0.000  0.058  0.217  0.255 -0.039  0.052 -0.023 -0.121  0.098  0.000
Y       -0.050  0.058  0.049 -0.131 -0.050 -0.210 -0.531 -0.100 -0.507 -0.439  0.347 -0.257  0.475 -0.365 -0.354 -0.605 -0.699 -0.054 -0.211  0.194 -0.705
X        0.392  0.000  0.000  0.108 -0.842 -0.753  0.310  0.568 -0.196 -0.135  0.000  0.000 -0.699 -0.064  0.630  0.449  0.000  0.193  0.000  0.433  0.000
