i-1/i     A      C      D      E      F      G      H      I      K      L      M      N      P      Q      R      S      T      V      W      Y      X
A       -0.349 -0.655 -0.291 -0.205 -0.582 -0.640 -0.339 -0.431 -0.189 -0.188  0.382 -0.460 -0.204 -0.392 -0.459 -0.521 -0.340 -0.318 -0.381 -0.364 -0.845
C        0.802  0.197  0.246 -0.265  0.689  0.270 -0.425  0.093  0.528  0.178  0.013 -0.262  0.842  0.198  0.114 -0.059  0.062 -0.114  0.538 -0.252  0.000
D       -0.409 -0.264  0.036 -0.424 -0.826 -0.569 -0.405 -0.447 -0.041 -0.615 -0.759 -0.551 -0.484 -0.389 -0.173 -0.149 -0.345 -0.515 -0.314 -0.040 -0.283
E       -0.225 -0.086 -0.212 -0.378 -0.261 -0.142  0.082 -0.390 -0.044  0.018 -0.646 -0.514 -0.098  0.048 -0.247 -0.257 -0.240 -0.401 -0.333  0.173  0.265
F       -0.139 -0.097  0.076 -0.028 -0.765 -0.228 -0.156  0.019 -0.053 -0.013 -0.214 -0.276  0.160  0.014 -0.148 -0.018  0.134 -0.052  0.004 -0.119  0.122
G        0.642  0.729  0.889  0.549  0.125 -0.043  1.197  0.526  0.861  0.695 -0.225  0.297 -0.211  0.187  0.940  0.177  0.411  0.605  1.072  0.363  0.000
H       -0.195 -0.271  0.413  0.128 -0.215  0.294  0.184  0.078  0.268  0.017 -0.403 -0.497  0.244 -0.209 -0.035 -0.527  0.059 -0.134 -0.299  0.591  0.057
I        0.041 -0.149  0.004  0.045  0.038  0.304 -0.016  0.366 -0.038  0.071  0.082  0.087 -0.102  0.215  0.174  0.184  0.033  0.379 -0.159  0.084  0.331
K       -0.062 -0.146  0.314  0.205  0.110  0.380  0.380 -0.147 -0.220  0.064 -0.115 -0.103  0.134 -0.107 -0.031  0.338 -0.314 -0.198  0.341 -0.019  0.275
L       -0.123 -0.341 -0.343 -0.322 -0.073 -0.243 -0.515 -0.263 -0.304 -0.414 -0.331 -0.133  0.117 -0.183 -0.327 -0.636 -0.229 -0.137  0.482 -0.329 -0.106
M       -0.424  0.000  0.271 -0.045 -0.143 -0.546  0.110 -0.167 -0.129  0.093 -0.593 -0.066  0.595  0.022 -0.139 -0.296  0.216  0.144  0.523  0.716  0.000
N       -0.400  0.000 -0.520 -0.248  0.449 -0.244 -0.867 -0.365 -0.182 -0.425 -0.879 -0.095 -0.140  0.160 -0.289  0.032 -0.754 -0.386  0.885 -0.168  0.207
P       -0.698  0.000  0.000  0.000 -1.205 -0.940  0.000 -0.674  0.000 -0.746  0.000  0.000  0.000  0.000  0.000 -0.369 -0.884 -0.852  0.000 -1.150  0.000
Q       -0.443  0.075 -0.039 -0.377  0.020 -0.142 -0.370 -0.239 -0.416  0.101 -0.793 -0.647 -0.676 -0.391 -0.193  0.309  0.081 -0.105  1.081  0.152 -0.680
R       -0.193 -0.674 -0.131  0.742 -0.191 -0.325  0.171 -0.152 -0.166 -0.014  0.144 -0.192 -0.342 -0.307 -0.188  0.397 -0.174 -0.282  0.359 -0.105 -1.022
S        0.029 -0.175 -0.130  0.126 -0.254 -0.138  0.171  0.168  0.264  0.261 -0.032  0.081 -0.637  0.418  0.073  0.063 -0.007  0.156  0.009 -0.017 -0.427
T        0.437  0.277  0.099 -0.008 -0.079  0.539  0.176  0.311  0.223  0.134  0.547 -0.020  0.089  0.171  0.184  0.082 -0.074  0.174  0.637  0.238  0.467
V        0.154  0.098  0.039  0.219  0.533 -0.034 -0.203  0.355  0.312  0.102  0.632  0.189  0.280  0.164  0.256  0.103  0.013  0.362  0.393  0.357  0.682
W       -0.106 -0.778  0.249 -0.512  0.291 -0.734 -0.322 -0.306 -0.440  0.100 -0.354 -0.725 -1.018 -0.250 -0.257 -0.344 -0.046 -0.118 -0.613  0.359 -0.983
Y       -0.308  0.044 -0.243 -0.099 -0.266 -0.956 -0.134 -0.401 -0.298 -0.280 -0.145 -0.400 -0.267  0.233 -0.479 -0.552 -0.141 -0.316 -0.682 -0.326 -0.096
X       -0.210  0.000  0.000  0.093 -0.920  0.000 -0.066 -0.782 -0.031  0.748  0.585 -0.141  0.056 -0.153  0.178  0.296 -0.826  0.512  0.000 -0.096  0.000
