i-1/i     A      C      D      E      F      G      H      I      K      L      M      N      P      Q      R      S      T      V      W      Y      X
A       -0.166  0.575 -0.034  0.076  0.173 -0.326  0.128  0.011 -0.179  0.006 -0.120  0.121  0.057 -0.236 -0.040 -0.009  0.093  0.055 -0.142 -0.343 -0.695
C        0.191  0.000  0.048  0.487 -0.766 -1.157  0.073 -0.258  0.433 -0.139  0.000  0.000  0.000  0.051 -0.036  0.040  0.063 -0.170 -0.134 -0.752  0.000
D       -0.036  0.124 -0.147  0.130 -0.291  0.077 -0.386  0.162 -0.169  0.157  0.723 -0.027  1.068  0.116  0.180 -0.182 -0.411  0.150  0.946  0.462 -0.301
E       -0.248  0.181 -0.100  0.200 -0.206 -0.924  0.055 -0.103  0.019 -0.151 -0.284  0.131  0.305  0.407 -0.217  0.379  0.019  0.116  0.296 -0.150 -0.027
F       -0.227 -0.114 -0.015  0.088  0.142 -0.470  0.147  0.009 -0.349 -0.073 -0.411  0.298  0.558 -0.184 -0.102  0.198 -0.203 -0.242 -0.150 -0.134  0.000
G        0.265 -0.411  0.416 -0.076 -0.524 -0.497 -0.156  0.055 -0.061  0.213  0.177  0.429  0.623 -0.364 -0.004  0.010 -0.067 -0.004  1.139  0.241 -0.865
H        0.028  0.074  0.618  0.002  0.224 -0.654 -1.028 -0.415 -0.019 -0.512 -0.068 -0.628  0.000 -0.443 -0.511 -0.486 -0.104 -0.053 -0.431  0.121  0.545
I        0.370  0.161  0.031 -0.026  0.438 -0.193  0.056  0.181 -0.066 -0.138 -0.166 -0.142  0.286  0.032  0.034 -0.050  0.017  0.338  0.027  0.333 -0.235
K       -0.034 -0.553 -0.134 -0.068  0.137 -0.396  0.197  0.315  0.195  0.074  0.582 -0.157 -0.180  0.112  0.030 -0.031  0.353 -0.044  0.005  0.185  0.520
L       -0.050  0.311 -0.074 -0.201  0.134 -0.613  0.108  0.158  0.105 -0.063  0.147  0.008  0.042  0.063  0.101  0.020  0.062  0.128 -0.077  0.474  0.555
M        0.463 -0.126  0.056 -0.239 -0.338 -0.715 -0.376 -0.020 -0.020 -0.047  0.217 -0.031  0.214  0.378  0.355 -0.099 -0.096 -0.017  0.209  0.096 -1.039
N       -0.240 -0.850  0.000 -0.493  0.307 -0.368 -0.180 -0.151  0.290  0.214  0.008 -0.062  0.000 -0.284 -0.197 -0.659 -0.284 -0.146 -0.236  0.086  0.515
P       -0.124 -0.751 -0.358 -0.086 -0.706 -0.349 -0.158  0.200 -0.429  0.035 -0.049 -0.085  0.000  0.257 -0.409 -0.088 -0.646 -0.275 -0.482 -0.714 -1.383
Q        0.018 -0.214 -0.538  0.241  0.203 -0.535 -0.376 -0.114 -0.057  0.218  0.653 -0.462  0.700 -0.058  0.251 -0.013  0.315  0.010 -0.439 -0.131  0.061
R       -0.162  0.708  1.008  0.242  0.532 -0.359 -0.543  0.065  0.421  0.133  0.230  0.541  0.379  0.021 -0.222  0.210  0.340 -0.151  0.055 -0.029  1.082
S       -0.350 -0.175  0.095 -0.448 -0.466 -0.526 -0.431 -0.378 -0.344 -0.223 -0.133 -0.105 -0.312 -0.052 -0.350 -0.126 -0.197 -0.207 -0.389 -0.522 -0.154
T       -0.134  0.043 -0.534 -0.236 -0.261 -0.702 -0.246 -0.181 -0.158 -0.171  0.030 -0.498 -0.181 -0.133 -0.075 -0.329 -0.231 -0.236 -0.292 -0.297 -0.452
V        0.037  0.123  0.049 -0.045  0.033 -0.205  0.041  0.020  0.053 -0.009 -0.266  0.052  0.074 -0.097  0.128  0.012  0.027  0.095  0.205  0.037  0.362
W        0.047  0.484 -0.092  0.226 -0.011 -0.620  0.090  0.688  0.220  0.064  0.049 -0.235 -0.360  0.203  0.187  0.334 -0.116 -0.232 -0.417  0.312  1.322
Y       -0.084 -0.066 -0.147  0.034  0.030 -0.544  0.618 -0.136 -0.447  0.173  0.596 -0.320  0.176 -0.054 -0.113 -0.061 -0.221  0.038  0.082  0.035 -0.991
X       -0.089  0.000  0.000  0.080 -0.890  0.000  0.160 -0.351 -0.146  0.466  0.000  0.106  0.000 -0.560 -0.386  0.000  0.852  0.677 -0.792  0.305  0.000
