i-1/i     A      C      D      E      F      G      H      I      K      L      M      N      P      Q      R      S      T      V      W      Y      X
A        0.098 -0.002  0.106  0.069 -0.057  0.000  0.186 -0.019 -0.028  0.087 -0.004  0.168  0.180  0.105  0.022  0.042  0.068 -0.043 -0.093 -0.018  0.113
C        0.163 -0.001  0.366 -0.099  0.059  0.000  0.214  0.110  0.137  0.031  0.041  0.059  0.000  0.070  0.334  0.249 -0.030  0.114  0.000  0.257  0.000
D        0.103 -0.131  0.102  0.019 -0.037  0.000  0.096 -0.047 -0.059  0.016  0.107 -0.037  0.139 -0.058  0.182 -0.019  0.011  0.022  0.107 -0.067 -0.125
E       -0.080  0.015  0.200  0.080 -0.142  0.000 -0.102 -0.053  0.084  0.024  0.183  0.166  0.318  0.252  0.025  0.083  0.051 -0.073 -0.051  0.108  0.230
F        0.039  0.233  0.120 -0.046  0.143  0.000 -0.026  0.171  0.140  0.180  0.353 -0.091  0.225  0.157  0.076  0.114  0.085  0.094  0.146 -0.031 -0.055
G        0.031  0.087  0.031  0.011 -0.060  0.000  0.012 -0.106  0.076 -0.030  0.090  0.074  0.166 -0.101 -0.012 -0.074  0.062 -0.077  0.084 -0.038  0.039
H       -0.088  0.409  0.094 -0.021  0.016  0.000  0.140 -0.107  0.076  0.048  0.256  0.032  0.000  0.057 -0.008  0.050 -0.128 -0.101 -0.115 -0.029  0.297
I        0.137  0.068 -0.062  0.049  0.122  0.000 -0.053  0.017  0.105  0.026  0.049  0.083  0.150  0.089  0.111  0.017  0.149  0.117  0.225  0.169  0.030
K        0.035 -0.123  0.040  0.055 -0.122  0.000  0.037 -0.072  0.055 -0.078  0.089  0.112  0.188  0.079  0.056  0.096 -0.040 -0.094 -0.135 -0.102  0.027
L        0.141  0.101 -0.052  0.014  0.050  0.000  0.171  0.074  0.107  0.119  0.171 -0.071  0.263  0.089  0.132 -0.017  0.018  0.057  0.051  0.106 -0.001
M        0.161 -0.017 -0.085  0.091 -0.133  0.000  0.066  0.031 -0.070  0.070  0.126  0.249  0.080  0.382  0.146  0.033  0.098  0.069  0.095  0.148 -0.314
N        0.099 -0.136  0.178  0.043  0.029  0.000  0.212 -0.045 -0.008 -0.052  0.031  0.197  0.108  0.107 -0.044  0.172  0.104 -0.043 -0.048  0.110  0.076
P        0.255  0.024  0.312  0.125  0.093  0.000  0.054  0.071  0.079  0.006  0.339  0.119 -0.060 -0.059  0.189  0.271  0.126  0.074 -0.055  0.088 -0.068
Q       -0.066  0.141  0.121  0.122 -0.069  0.000 -0.015 -0.106  0.067 -0.126 -0.012  0.181  0.000  0.088  0.116  0.115  0.012 -0.016 -0.200 -0.099  0.068
R        0.003  0.033  0.159  0.001 -0.000  0.000  0.163  0.006  0.034 -0.055  0.001  0.251  0.129  0.161  0.028  0.023  0.076 -0.016  0.020 -0.185 -0.125
S       -0.110  0.128  0.326  0.097  0.026  0.000  0.087 -0.037 -0.003  0.052  0.099  0.145 -0.106  0.053  0.055  0.103  0.046 -0.053  0.009 -0.076 -0.015
T        0.063 -0.107  0.141  0.113 -0.108  0.000  0.066 -0.016  0.129  0.041  0.086  0.167  0.275  0.106  0.133  0.099  0.006 -0.014  0.120 -0.077  0.156
V        0.117  0.191 -0.049  0.063  0.012  0.000  0.091  0.058  0.060  0.054  0.092  0.070  0.195  0.144  0.084  0.192  0.086  0.034  0.071  0.162  0.225
W        0.241  0.305  0.179 -0.022  0.026  0.000 -0.086  0.294 -0.166  0.082  0.190  0.016 -0.181  0.138 -0.042  0.050  0.200  0.139 -0.130 -0.048  0.258
Y        0.079 -0.172  0.335  0.091  0.247  0.000 -0.077  0.091  0.214  0.103  0.123  0.125  0.362 -0.027 -0.026  0.115  0.287  0.036  0.312  0.183 -0.155
X        0.216  0.000  0.000 -0.004  0.236  0.000  0.000 -0.096  0.224 -0.132  0.000 -0.246  0.000 -0.243  0.109  0.046  0.120  0.059 -0.195  0.126  0.211
