i-1/i     A      C      D      E      F      G      H      I      K      L      M      N      P      Q      R      S      T      V      W      Y      X
A        0.053 -0.114 -0.023 -0.019 -0.205  0.000 -0.048  0.026 -0.002 -0.029  0.060 -0.327 -0.179  0.052 -0.098  0.009 -0.022  0.085  0.049 -0.078 -0.171
C       -0.028 -0.056  0.000 -0.133  0.125  0.000 -0.313 -0.087  0.026  0.008  0.052  0.000 -0.414  0.089 -0.117 -0.004  0.096 -0.047  0.116 -0.214  0.000
D        0.151  0.035  0.024  0.119  0.103  0.000  0.258  0.072  0.055 -0.113  0.065  0.021 -0.221  0.004  0.123  0.082  0.097 -0.026  0.315  0.059  0.000
E       -0.196  0.120 -0.006  0.031  0.019  0.000 -0.170 -0.081  0.097  0.058 -0.110  0.181 -0.058  0.042  0.001  0.049  0.095 -0.084 -0.169  0.163  0.000
F       -0.117 -0.108  0.005 -0.142 -0.108  0.000 -0.189 -0.031 -0.253  0.040 -0.100  0.071 -0.022 -0.141 -0.042 -0.149 -0.119 -0.088 -0.163 -0.230  0.307
G       -0.173 -0.226 -0.088 -0.053 -0.004  0.000  0.031 -0.097 -0.128 -0.024 -0.076 -0.176 -0.162 -0.018 -0.183 -0.122 -0.045 -0.153  0.045  0.004  0.346
H       -0.026  0.147  0.079 -0.114 -0.130  0.000  0.060 -0.055  0.030 -0.134  0.191 -0.045 -0.361 -0.099  0.283 -0.036  0.067 -0.101  0.062 -0.081  0.000
I        0.002 -0.103 -0.106 -0.067  0.102  0.000  0.074  0.019  0.016  0.042 -0.198  0.050  0.016 -0.145 -0.098 -0.056 -0.094  0.046  0.086 -0.069 -0.107
K       -0.026  0.061  0.043 -0.001 -0.007  0.000 -0.036 -0.153  0.050 -0.089  0.133 -0.118 -0.028  0.125  0.027 -0.048 -0.007 -0.068 -0.012  0.242  0.237
L        0.035 -0.026 -0.066 -0.043  0.004  0.000  0.105 -0.080 -0.014 -0.040 -0.005 -0.038  0.017 -0.023 -0.060  0.002 -0.052 -0.057 -0.069  0.028  0.176
M        0.015 -0.304 -0.004 -0.409  0.022  0.000  0.165 -0.121  0.036  0.008 -0.211 -0.076 -0.047  0.139  0.003 -0.189 -0.137 -0.085 -0.043 -0.032  0.000
N       -0.374  0.146  0.087 -0.100 -0.058  0.000 -0.099 -0.076  0.073 -0.012  0.111  0.011 -0.390  0.010  0.112 -0.087  0.066 -0.003 -0.206  0.155  0.288
P        0.374  0.000 -0.097 -0.106 -0.174  0.000  0.000  0.051  0.149  0.199 -0.109 -0.143  0.063  0.000  0.212 -0.060  0.163 -0.011 -0.262 -0.257  0.000
Q       -0.090 -0.074 -0.155  0.042  0.291  0.000 -0.121  0.046 -0.010 -0.128 -0.003 -0.062  0.123  0.196  0.070  0.029  0.124 -0.103  0.024 -0.060 -0.302
R       -0.001  0.191 -0.122 -0.104  0.236  0.000 -0.001 -0.031  0.150 -0.088  0.245  0.001  0.060 -0.024  0.047 -0.019  0.077  0.018 -0.075 -0.133  0.202
S        0.007  0.109  0.030  0.095  0.048  0.000  0.169 -0.073  0.042 -0.125 -0.012 -0.078  0.120  0.071  0.067  0.106  0.032  0.056 -0.141 -0.061  0.127
T        0.007 -0.007  0.187  0.187  0.104  0.000  0.086 -0.012  0.205 -0.013  0.091  0.104 -0.002  0.153  0.079  0.178  0.152 -0.009  0.102  0.026  0.245
V        0.010  0.042 -0.162 -0.046 -0.004  0.000 -0.155 -0.008 -0.041 -0.027 -0.078 -0.135  0.106 -0.026 -0.057 -0.140 -0.098  0.011 -0.101 -0.017 -0.027
W       -0.100 -0.200 -0.104  0.238 -0.140  0.000 -0.063  0.158  0.236  0.152  0.016  0.111 -0.092  0.406  0.180 -0.173 -0.018 -0.003  0.047  0.037  0.177
Y       -0.135 -0.239  0.049  0.056 -0.095  0.000 -0.054 -0.011 -0.107  0.014 -0.018  0.084  0.240 -0.037 -0.091 -0.003 -0.134 -0.030 -0.109 -0.018 -0.038
X       -0.201  0.000  0.000  0.053 -0.109  0.000 -0.320  0.071  0.000 -0.118 -0.368  0.020 -0.238 -0.051  0.000 -0.263 -0.167 -0.190 -0.166  0.015 -0.201
