i-1/i     A      C      D      E      F      G      H      I      K      L      M      N      P      Q      R      S      T      V      W      Y      X
A       -0.015 -0.095 -0.036  0.169  0.047  0.000  0.078  0.064  0.024  0.066  0.248 -0.095 -0.124 -0.030 -0.000  0.031  0.068  0.050  0.007  0.036  0.030
C        0.106  0.081 -0.123  0.007 -0.085  0.000 -0.109 -0.007  0.121 -0.091 -0.178 -0.186 -0.056  0.241  0.196  0.003  0.120 -0.018  0.000 -0.154  0.000
D       -0.161 -0.259 -0.250 -0.128 -0.228  0.000 -0.061 -0.049 -0.154 -0.136 -0.014 -0.147  0.097 -0.112 -0.161 -0.263 -0.183 -0.099 -0.125 -0.020  0.029
E       -0.089 -0.061 -0.246 -0.209  0.025  0.000 -0.320  0.023 -0.153 -0.001 -0.181  0.077 -0.051 -0.265 -0.163 -0.253 -0.180  0.038 -0.008  0.025 -0.193
F        0.129  0.006  0.105  0.072 -0.104  0.000  0.056  0.054  0.103  0.008  0.134  0.123  0.170  0.052  0.014  0.174  0.150  0.034 -0.076  0.040  0.126
G       -0.073  0.213  0.237  0.000 -0.052  0.000  0.113 -0.004  0.146 -0.048  0.259 -0.145 -0.195  0.239  0.135  0.007  0.087  0.051 -0.049  0.026 -0.153
H       -0.001  0.020 -0.161 -0.201  0.001  0.000 -0.060 -0.083  0.156 -0.078  0.050 -0.039 -0.132  0.107 -0.015 -0.084 -0.170  0.024 -0.394  0.043  0.186
I       -0.012  0.092 -0.075  0.051  0.101  0.000  0.164 -0.024  0.064  0.048  0.029  0.041  0.147  0.106  0.032  0.041  0.041 -0.037  0.092  0.032  0.231
K       -0.046 -0.103 -0.222 -0.207  0.080  0.000 -0.030  0.011 -0.103  0.006  0.013 -0.113 -0.044 -0.086 -0.064 -0.147 -0.108  0.000 -0.036  0.094 -0.171
L        0.008  0.022  0.102 -0.002 -0.027  0.000  0.054 -0.089  0.059 -0.015 -0.055 -0.016 -0.090  0.035  0.091  0.017 -0.025 -0.064 -0.045 -0.095 -0.071
M       -0.042  0.000 -0.069  0.164  0.074  0.000 -0.044  0.018 -0.022 -0.004 -0.110  0.044 -0.128  0.103  0.047  0.053  0.015 -0.061 -0.123  0.085 -0.122
N       -0.075 -0.053 -0.071 -0.103 -0.158  0.000 -0.252 -0.110 -0.122 -0.060 -0.325 -0.141  0.007  0.163 -0.184 -0.258 -0.212 -0.154 -0.069 -0.060 -0.201
P        0.098  0.000  0.000  0.075 -0.134  0.000 -0.215 -0.052  0.046 -0.004  0.158  0.000 -0.044  0.013 -0.068 -0.219 -0.186 -0.142  0.023 -0.140  0.000
Q       -0.112 -0.130 -0.255 -0.141 -0.085  0.000 -0.348 -0.123 -0.139 -0.025 -0.211 -0.435  0.073 -0.087 -0.193 -0.275  0.138  0.008  0.057  0.086 -0.025
R       -0.011  0.076 -0.287 -0.074  0.081  0.000 -0.188  0.026 -0.069 -0.008  0.097 -0.417  0.122 -0.166 -0.067 -0.050 -0.101  0.070  0.135 -0.008 -0.022
S       -0.032 -0.002 -0.080 -0.039 -0.022  0.000 -0.113  0.098 -0.162  0.024  0.263 -0.303 -0.184 -0.167 -0.172 -0.078 -0.028  0.018  0.144 -0.010  0.030
T       -0.026 -0.061 -0.068 -0.042 -0.020  0.000 -0.056  0.042 -0.186  0.059 -0.106  0.082 -0.134  0.005 -0.115 -0.097 -0.109  0.026  0.046  0.002  0.120
V       -0.049  0.066  0.043  0.061  0.083  0.000  0.005 -0.010  0.047  0.045  0.101  0.094  0.009 -0.009  0.050  0.059  0.037 -0.036  0.014 -0.015 -0.034
W        0.023 -0.151  0.011  0.009 -0.104  0.000 -0.088 -0.001 -0.125  0.020 -0.106  0.180 -0.171 -0.056 -0.064  0.100  0.046  0.111 -0.036 -0.074 -0.136
Y       -0.022  0.104  0.046 -0.037 -0.099  0.000  0.047  0.054  0.044 -0.048 -0.058  0.082  0.134  0.288  0.091  0.019  0.072  0.066  0.040 -0.161  0.282
X       -0.093  0.000 -0.181 -0.212 -0.284  0.000 -0.306 -0.106 -0.125 -0.187 -0.035 -0.028  0.023 -0.160 -0.171 -0.038 -0.221 -0.242  0.076 -0.265 -0.106
