i-1/i     A      C      D      E      F      G      H      I      K      L      M      N      P      Q      R      S      T      V      W      Y      X
A       -0.003 -0.035  0.165  0.026  0.138  0.000  0.157  0.034  0.122  0.121  0.082  0.145 -0.145  0.058  0.105  0.164  0.046 -0.022  0.074 -0.012  0.114
C        0.119  0.235  0.054 -0.020  0.077  0.000 -0.247 -0.080  0.105  0.004  0.000  0.000  0.000  0.019  0.054  0.069 -0.146  0.019 -0.035 -0.246  0.000
D        0.104  0.068 -0.143  0.087  0.079  0.000 -0.014  0.012  0.171  0.036  0.387  0.254  0.000  0.060  0.173  0.083  0.103 -0.020  0.043  0.019  0.336
E        0.012 -0.008 -0.082  0.030 -0.074  0.000 -0.028 -0.011 -0.015 -0.021  0.045  0.235  0.200  0.038 -0.112 -0.046  0.106 -0.011 -0.007  0.022  0.198
F        0.123 -0.107  0.203  0.154  0.026  0.000  0.169 -0.050  0.093  0.039  0.066  0.155  0.139  0.096  0.110  0.041  0.055 -0.047  0.168 -0.053  0.037
G        0.158  0.164  0.324  0.152  0.131  0.000  0.313  0.141  0.104  0.105  0.098  0.164  0.195  0.259  0.113  0.134  0.099  0.096  0.233  0.194  0.189
H        0.200  0.202  0.239  0.131 -0.139  0.000 -0.129  0.069  0.039  0.020  0.110  0.235 -0.023  0.051  0.113  0.095  0.118 -0.011  0.072  0.047  0.234
I        0.058 -0.007  0.130  0.035  0.016  0.000  0.058 -0.025  0.034 -0.010  0.148  0.102  0.220  0.066  0.107  0.020 -0.012 -0.021  0.140  0.039  0.090
K        0.097  0.010 -0.048  0.065 -0.003  0.000 -0.004  0.034  0.145  0.014  0.025  0.014  0.194  0.196  0.128  0.017  0.158 -0.039  0.078  0.008 -0.005
L        0.006  0.047  0.072  0.010  0.020  0.000 -0.010  0.004  0.056  0.054  0.078  0.097  0.081  0.035  0.093  0.008  0.065  0.005 -0.078 -0.099  0.188
M       -0.045  0.054  0.020  0.032  0.088  0.000 -0.014  0.029  0.258 -0.010  0.206  0.087  0.362  0.076  0.028 -0.214  0.013  0.004 -0.066 -0.143 -0.016
N        0.113  0.091  0.000  0.107  0.044  0.000 -0.025 -0.069 -0.148  0.042 -0.022  0.121 -0.346 -0.198  0.062 -0.003  0.060 -0.001 -0.077  0.035  0.281
P       -0.126  0.127  0.071 -0.358 -0.109  0.000  0.015 -0.170  0.066 -0.089 -0.327 -0.183 -0.093 -0.183 -0.222 -0.041 -0.269 -0.054 -0.086 -0.081 -0.133
Q        0.013 -0.111  0.138  0.052 -0.008  0.000 -0.262  0.005  0.060  0.056  0.118 -0.033  0.198  0.137 -0.056 -0.065  0.064  0.005 -0.108  0.106  0.059
R        0.077  0.221  0.210  0.140  0.100  0.000 -0.006  0.033  0.165  0.051  0.238  0.221 -0.010  0.176  0.141  0.164  0.172  0.056 -0.110  0.026  0.049
S       -0.073  0.069  0.038  0.085  0.013  0.000 -0.040  0.010 -0.035  0.057 -0.001  0.165  0.080  0.204  0.096  0.120  0.118  0.051 -0.030  0.117 -0.027
T       -0.011 -0.096 -0.011 -0.046 -0.013  0.000  0.102  0.003 -0.018  0.011 -0.075 -0.081 -0.202  0.116 -0.079 -0.024 -0.035  0.021  0.056 -0.063 -0.045
V        0.017 -0.037  0.022  0.027  0.026  0.000  0.028  0.014  0.007  0.034 -0.005 -0.006  0.117  0.018  0.055  0.083  0.007 -0.018  0.071 -0.001 -0.008
W        0.003  0.278  0.219  0.039 -0.095  0.000  0.094  0.053  0.006 -0.062  0.289  0.081 -0.397  0.052  0.051  0.018  0.104  0.116  0.133 -0.222 -0.225
Y        0.074  0.044  0.079  0.021  0.000  0.000  0.237  0.025  0.049  0.080  0.160  0.035  0.112  0.034  0.083  0.128 -0.005  0.084 -0.071  0.103 -0.011
X        0.065  0.000 -0.023  0.004 -0.185  0.000 -0.226 -0.053 -0.066  0.008  0.331  0.112  0.000 -0.062 -0.099 -0.129 -0.068 -0.115 -0.384  0.178 -0.096
