i-1/i     A      C      D      E      F      G      H      I      K      L      M      N      P      Q      R      S      T      V      W      Y      X
A        0.041  0.206  0.314  0.106  0.128  0.197  0.245  0.175  0.297  0.083  0.308  0.172  0.000  0.317  0.238  0.157  0.118  0.128  0.375  0.182  0.145
C        0.095  0.268 -0.207  0.307  0.186  0.217  0.633  0.141  0.144  0.176  0.050  0.403  0.000  0.000  0.186  0.108  0.086  0.115  0.668 -0.241  0.000
D        0.087  0.102  0.040  0.252 -0.027  0.320  0.256  0.250  0.198  0.216  0.229  0.100  0.000  0.376  0.054  0.462  0.088  0.110 -0.048  0.037  0.000
E        0.149  0.220  0.141  0.175  0.148 -0.596  0.263  0.013  0.192 -0.016  0.298  0.169  0.000  0.155  0.304  0.309  0.171  0.052  0.333  0.124 -0.048
F        0.198  0.088  0.153  0.005  0.080  0.198  0.185  0.160  0.256  0.138  0.349  0.170  0.000  0.269  0.382  0.282  0.316  0.098  0.301  0.155  0.211
G        0.179  0.254  0.354  0.218  0.144  0.378  0.501  0.125  0.290  0.134  0.213  0.133  0.000  0.201  0.264  0.277  0.226  0.139  0.269  0.272  0.115
H        0.102 -0.043  0.375  0.163  0.184  0.343  0.398  0.146  0.142  0.012  0.465  0.118  0.000  0.365  0.214  0.320  0.039  0.174  0.207  0.224 -0.222
I        0.125  0.110 -0.116  0.031  0.242  0.031  0.015  0.182  0.098  0.156  0.328  0.198  0.000  0.212  0.142  0.169  0.168  0.197  0.090  0.055  0.039
K        0.122 -0.311  0.358  0.171  0.299  0.129  0.339  0.087  0.220  0.054  0.184  0.184  0.000  0.326  0.285  0.215  0.207  0.114  0.089  0.113  0.359
L        0.182  0.274  0.010  0.087  0.177  0.152 -0.067  0.101  0.357  0.185  0.015 -0.135  0.000  0.135  0.258  0.088  0.084  0.154 -0.357  0.060  0.224
M        0.098 -0.091  0.087  0.166  0.337  0.590  0.274  0.073  0.337  0.118  0.125 -0.147  0.000  0.108  0.189  0.081  0.131  0.104 -0.028 -0.001  0.295
N        0.243  0.408  0.040  0.277  0.275  0.047  0.105  0.124  0.254  0.145  0.122  0.244  0.000  0.090  0.217  0.188  0.066  0.043  0.140  0.235 -0.044
P       -0.108  0.219 -0.150 -0.044 -0.040  0.181 -0.302 -0.119  0.044  0.105  0.065 -0.166  0.000  0.147  0.104 -0.096  0.061 -0.139  0.138 -0.068  0.245
Q        0.110  0.370  0.246  0.258  0.150  0.145  0.143  0.152  0.274  0.163  0.483  0.077  0.000  0.399  0.229  0.220  0.192  0.133  0.204  0.194  0.328
R        0.168  0.251  0.223  0.343  0.232  0.285  0.188  0.128  0.232  0.105  0.086  0.301  0.000  0.352  0.217  0.300  0.170  0.192  0.247  0.121 -0.047
S        0.194  0.261  0.152  0.152 -0.017  0.351  0.255  0.146  0.163  0.104 -0.227  0.302  0.000  0.102  0.207  0.235  0.141 -0.002  0.150  0.185  0.132
T        0.078  0.018  0.183  0.057  0.091  0.373  0.104  0.006  0.342  0.063  0.134  0.066  0.000  0.190  0.242  0.257  0.241  0.035  0.258  0.236  0.123
V        0.123  0.354  0.171  0.145  0.166 -0.069  0.083  0.123  0.046  0.158  0.145  0.131  0.000  0.190  0.027  0.165  0.172  0.128 -0.050  0.194  0.130
W        0.366  0.106  0.120  0.162  0.144  0.448 -0.011  0.156  0.448  0.189  0.101  0.150  0.000  0.373  0.315  0.091  0.232  0.283  0.072  0.171  0.235
Y        0.193  0.126  0.311  0.261  0.216  0.219  0.382  0.198  0.480  0.196  0.180  0.142  0.000  0.266  0.220  0.275  0.097  0.211  0.423  0.175  0.011
X        0.182  0.000  0.000 -0.113 -0.267  0.509  0.000  0.129  0.565 -0.022  0.000  0.368  0.000  0.214  0.174  0.040  0.019  0.123 -0.345 -0.074 -0.135
