i-1/i     A      C      D      E      F      G      H      I      K      L      M      N      P      Q      R      S      T      V      W      Y      X
A       -0.104  0.115  0.016 -0.043 -0.132  0.157 -0.158  0.029 -0.057 -0.085 -0.056 -0.328  0.000 -0.027  0.151 -0.088 -0.134 -0.179  0.204  0.051 -0.081
C       -0.351 -0.250  0.000 -0.045  0.111 -0.085  0.472  0.029 -0.301  0.014  0.039  0.000  0.000 -0.065  0.167 -0.381 -0.169  0.065  0.468 -0.133  0.000
D       -0.203 -0.117 -0.287 -0.002 -0.151  0.080 -0.238 -0.010 -0.057 -0.029 -0.597 -0.073  0.000  0.257 -0.248 -0.185 -0.178 -0.077 -0.126 -0.462  0.000
E       -0.293  0.094 -0.024 -0.178 -0.124 -0.297 -0.225 -0.051 -0.103 -0.075 -0.121  0.088  0.000 -0.206 -0.089  0.149 -0.026 -0.094 -0.404 -0.409  0.000
F        0.069 -0.325  0.120 -0.042 -0.182  0.151 -0.126  0.109 -0.315 -0.056  0.037 -0.192  0.000 -0.167  0.161 -0.024  0.011  0.028 -0.090 -0.074 -0.058
G       -0.187 -0.348  0.064  0.031 -0.121 -0.241 -0.199  0.067 -0.184 -0.148 -0.150  0.083  0.000 -0.098 -0.202  0.095  0.001 -0.035  0.231  0.263 -0.091
H       -0.512 -0.515 -0.093  0.034 -0.184 -0.225 -0.040  0.041 -0.094 -0.181 -0.108 -0.150  0.000 -0.146  0.043 -0.161 -0.072 -0.135  0.086 -0.449  0.000
I        0.053 -0.038 -0.065 -0.005 -0.104 -0.217  0.120 -0.057 -0.074  0.005 -0.257  0.059  0.000  0.081 -0.266 -0.051 -0.015 -0.014  0.105  0.063  0.199
K       -0.200 -0.282  0.086  0.011 -0.229 -0.158 -0.044 -0.019 -0.353 -0.159  0.126 -0.138  0.000 -0.114 -0.136 -0.197 -0.076 -0.182 -0.299 -0.221  0.197
L       -0.019 -0.037 -0.086  0.030 -0.116 -0.067  0.097  0.056 -0.127 -0.029  0.144 -0.086  0.000 -0.015 -0.138 -0.049  0.011 -0.025  0.040 -0.018  0.124
M       -0.425  0.297 -0.176 -0.501 -0.216  0.029 -0.115  0.046  0.073 -0.122 -0.014 -0.033  0.000 -0.261 -0.315 -0.154  0.035  0.188  0.172 -0.124  0.000
N       -0.180  0.023  0.092 -0.155  0.298 -0.183 -0.614 -0.124  0.141 -0.025 -0.363 -0.063  0.000 -0.224 -0.194 -0.433 -0.047 -0.197  0.326  0.163  0.124
P       -0.394  0.000  0.083 -0.487 -0.082  0.330  0.000 -0.209 -0.190 -0.362 -0.207  0.001  0.000 -0.489 -0.391 -0.222 -0.079 -0.033 -0.262  0.090  0.000
Q       -0.333 -0.208 -0.053  0.080 -0.029  0.238 -0.364 -0.043 -0.228 -0.100 -0.609  0.134  0.000 -0.247 -0.070 -0.204 -0.012 -0.105 -0.242  0.186  0.192
R       -0.102  0.536 -0.107  0.034 -0.056 -0.199  0.239 -0.145 -0.079  0.057  0.069 -0.129  0.000 -0.027  0.014 -0.155 -0.043 -0.140 -0.195 -0.158 -0.236
S       -0.103 -0.280 -0.099 -0.050 -0.040 -0.148 -0.024  0.056 -0.081 -0.118 -0.453 -0.078  0.000 -0.070  0.091  0.034  0.089 -0.127 -0.631 -0.029 -0.002
T        0.018 -0.092 -0.081 -0.122 -0.220 -0.029 -0.257 -0.228 -0.009 -0.110  0.111  0.124  0.000 -0.081  0.082 -0.165 -0.081 -0.253 -0.318 -0.041 -0.064
V        0.108  0.029 -0.193 -0.039  0.095  0.049  0.090 -0.054 -0.128  0.072  0.002  0.002  0.000 -0.028 -0.089 -0.110 -0.119  0.004  0.129  0.162  0.014
W       -0.411  0.020 -0.415 -0.103 -0.035 -0.081 -0.213  0.117  0.397 -0.074 -0.350  0.137  0.000 -0.018 -0.035 -0.028 -0.111  0.084 -0.421 -0.434  0.189
Y        0.134 -0.466  0.179 -0.234 -0.251  0.073 -0.144 -0.078 -0.298 -0.071  0.001 -0.010  0.000 -0.248 -0.174 -0.039 -0.125 -0.017  0.102  0.001 -0.358
X       -0.268  0.000  0.000 -0.443 -0.123 -0.144  0.297 -0.121 -0.493 -0.114  0.031 -0.191  0.000 -0.248 -0.434 -0.125 -0.218 -0.146  0.097  0.087  0.012
