i-1/i     A      C      D      E      F      G      H      I      K      L      M      N      P      Q      R      S      T      V      W      Y      X
A       -0.194 -0.144  0.141 -0.072 -0.149  0.135 -0.070  0.019 -0.004 -0.082 -0.242 -0.231  0.000 -0.018  0.054 -0.150 -0.135 -0.080  0.149 -0.180 -0.094
C       -0.006 -0.418  0.158  0.054 -0.030  0.330 -0.270 -0.011  0.004 -0.134  0.159 -0.049  0.000  0.082  0.132  0.061 -0.052 -0.291  0.156 -0.117  0.000
D        0.066 -0.181 -0.089  0.103  0.008 -0.094  0.141  0.145 -0.160  0.044  0.226  0.420  0.000 -0.096  0.054  0.248  0.060 -0.014  0.068 -0.057 -0.065
E        0.021  0.087 -0.066 -0.079 -0.010  0.007 -0.109 -0.046 -0.048 -0.030 -0.037  0.053  0.000  0.001 -0.130  0.052  0.011 -0.039 -0.247 -0.014 -0.008
F        0.014 -0.169 -0.084 -0.148 -0.138 -0.057 -0.130 -0.185 -0.263 -0.030 -0.132 -0.137  0.000 -0.218 -0.167 -0.078 -0.170 -0.244 -0.005 -0.075  0.096
G       -0.186 -0.014  0.106 -0.137 -0.269 -0.306 -0.169  0.050 -0.095 -0.041 -0.232 -0.107  0.000 -0.070 -0.009 -0.131  0.073 -0.117  0.036 -0.392  0.196
H       -0.059  0.201  0.172 -0.011 -0.336  0.025  0.047  0.094 -0.126  0.014  0.094  0.047  0.000 -0.034  0.022 -0.111  0.002  0.152  0.081 -0.011 -0.296
I       -0.005 -0.058 -0.071 -0.030 -0.094  0.050  0.149 -0.033 -0.028 -0.031 -0.015  0.030  0.000  0.032  0.088 -0.129  0.026 -0.065  0.026  0.071 -0.186
K       -0.034 -0.009 -0.129 -0.025 -0.020  0.084  0.164 -0.031  0.088  0.026 -0.113  0.115  0.000 -0.091 -0.073 -0.095 -0.010  0.015  0.270  0.132 -0.021
L       -0.010 -0.001 -0.029 -0.010  0.121  0.178  0.087 -0.001  0.006 -0.027 -0.250 -0.063  0.000  0.052  0.009  0.011  0.090 -0.001 -0.090  0.090  0.139
M       -0.029  0.000  0.127  0.113 -0.095  0.185 -0.105  0.016 -0.113  0.050  0.227  0.228  0.000  0.020 -0.140 -0.004 -0.019  0.084  0.233  0.154  0.143
N       -0.019 -0.253  0.192 -0.020 -0.037  0.015  0.367 -0.047 -0.182  0.109  0.206  0.264  0.000 -0.254 -0.089  0.191  0.051  0.065  0.408 -0.209 -0.171
P        0.163  0.000 -0.039 -0.000 -0.033  0.076 -0.324  0.260 -0.235 -0.088 -0.409  0.000  0.000 -0.211 -0.234  0.437  0.269  0.221  0.447  0.165  0.000
Q       -0.176 -0.355 -0.028  0.216 -0.043 -0.304  0.271  0.058 -0.190  0.036  0.020  0.191  0.000 -0.175 -0.274  0.052  0.135 -0.082  0.122  0.001  0.058
R        0.126  0.101 -0.324  0.067  0.021 -0.223 -0.158  0.064  0.133  0.048  0.187 -0.188  0.000 -0.105 -0.175  0.011  0.034 -0.024  0.192  0.063  0.147
S       -0.134 -0.130  0.029 -0.216 -0.226 -0.101  0.083 -0.078  0.129 -0.035 -0.181 -0.130  0.000 -0.104 -0.219  0.063 -0.043  0.039 -0.194  0.087 -0.283
T        0.088  0.209 -0.126 -0.047 -0.006  0.001  0.087  0.051 -0.159  0.107  0.192 -0.063  0.000  0.054 -0.047 -0.106 -0.102  0.054  0.212  0.120  0.033
V       -0.069 -0.019  0.050  0.064  0.045  0.011  0.004 -0.037 -0.032 -0.066  0.051  0.135  0.000  0.039  0.017  0.094 -0.006 -0.040  0.041 -0.006 -0.012
W       -0.270 -0.073 -0.165 -0.282 -0.136 -0.035 -0.318 -0.007 -0.167  0.014  0.252  0.065  0.000 -0.129 -0.146 -0.143 -0.015 -0.145 -0.453 -0.188 -0.077
Y       -0.177  0.029 -0.140 -0.149 -0.037 -0.246 -0.277 -0.084 -0.325 -0.147 -0.081 -0.078  0.000 -0.248 -0.036 -0.166 -0.108 -0.204 -0.126 -0.083 -0.134
X       -0.037  0.000 -0.043 -0.014 -0.113 -0.486  0.118 -0.287 -0.360 -0.077  0.000 -0.089  0.000 -0.060 -0.298 -0.191  0.001 -0.261 -0.262  0.024 -0.120
