i-1/i     A      C      D      E      F      G      H      I      K      L      M      N      P      Q      R      S      T      V      W      Y      X
A        0.019  0.254  0.073  0.025 -0.040  0.000 -0.032 -0.109  0.031 -0.079  0.030  0.210  0.000  0.064  0.028  0.060  0.037 -0.050 -0.042 -0.065 -0.082
C       -0.042  0.267 -0.015  0.075  0.011 -0.041  0.139  0.229  0.135  0.217  0.000  0.109  0.000 -0.093  0.263  0.238  0.235  0.020  0.253 -0.247  0.000
D       -0.151 -0.162 -0.217 -0.161  0.023 -0.110 -0.335 -0.146 -0.247 -0.054 -0.008  0.035  0.000 -0.110 -0.225 -0.101 -0.224 -0.172  0.226 -0.018  0.085
E        0.247  0.239  0.025  0.009  0.179  0.283  0.088  0.091  0.039  0.046  0.345  0.029  0.000  0.154  0.052  0.108 -0.019  0.112  0.134  0.177  0.127
F        0.206  0.015  0.213  0.324  0.148  0.224  0.170  0.113  0.316  0.127  0.021  0.108  0.000  0.301  0.284  0.211  0.211  0.113  0.412  0.189 -0.007
G       -0.262 -0.151 -0.277 -0.165 -0.460 -0.144 -0.150 -0.420 -0.163 -0.312 -0.167 -0.095  0.000 -0.179 -0.247 -0.137 -0.180 -0.309 -0.136 -0.232 -0.047
H       -0.042 -0.208  0.393 -0.134  0.301  0.217 -0.502 -0.038  0.156 -0.009 -0.113 -0.119  0.000 -0.343  0.045 -0.113  0.041 -0.105 -0.090  0.235  0.138
I        0.173  0.329  0.303  0.143  0.198  0.187  0.237  0.099  0.254  0.067  0.161  0.120  0.000  0.278  0.191  0.238  0.224  0.144  0.166  0.235 -0.033
K        0.130 -0.034 -0.076 -0.131  0.087  0.027 -0.183  0.015  0.074  0.009 -0.157 -0.124  0.000 -0.111 -0.021 -0.069 -0.207  0.102 -0.093  0.029  0.084
L        0.093  0.181  0.108  0.127  0.212  0.125  0.299  0.188  0.146  0.092  0.054  0.173  0.000  0.273  0.162  0.254  0.225  0.197  0.281  0.211  0.038
M        0.181 -0.150  0.393  0.095  0.012  0.370  0.229  0.058  0.206  0.070  0.058  0.138  0.000  0.129  0.286  0.135  0.048  0.126  0.103  0.147  0.111
N       -0.125  0.163  0.000  0.161  0.067  0.234 -0.032  0.038 -0.185  0.124  0.091 -0.021  0.000  0.000 -0.513 -0.138 -0.160  0.109 -0.203  0.403  0.101
P        0.010  0.050 -0.101 -0.027 -0.315  0.332 -0.065 -0.198 -0.246 -0.105  0.081  0.243  0.000 -0.148  0.240 -0.012 -0.143 -0.114  0.041 -0.053 -0.068
Q        0.060  0.177 -0.042 -0.088 -0.071 -0.040 -0.072  0.162 -0.196  0.118  0.025 -0.207  0.000 -0.015  0.000 -0.156  0.044  0.028  0.044  0.207  0.118
R        0.044  0.027 -0.063  0.012  0.030 -0.216  0.031  0.068  0.053  0.118  0.159 -0.057  0.000 -0.044 -0.126 -0.293 -0.044  0.064 -0.066 -0.051 -0.062
S        0.038  0.038 -0.007 -0.168 -0.060 -0.036  0.173  0.012 -0.062  0.027  0.103  0.293  0.000 -0.083 -0.045  0.095  0.070 -0.013 -0.154 -0.096  0.113
T        0.174  0.148 -0.209  0.005  0.345  0.121  0.004  0.221  0.071  0.275  0.183 -0.114  0.000  0.219  0.087  0.036  0.051  0.208  0.168  0.204  0.262
V        0.083  0.195  0.108  0.151  0.205  0.048  0.226  0.143  0.208  0.169  0.143  0.167  0.000  0.193  0.224  0.203  0.132  0.088  0.398  0.083 -0.031
W        0.293  0.480  0.096  0.417  0.222  0.447  0.228  0.066  0.545  0.259  0.586  0.470  0.000  0.355  0.468  0.605  0.555  0.428  0.411  0.281  0.060
Y        0.209 -0.143  0.409  0.299  0.197  0.345  0.309  0.130  0.299  0.029  0.151  0.265  0.000  0.380  0.335  0.262  0.169 -0.057  0.128  0.149  0.001
X        0.128  0.000  0.481 -0.129 -0.004 -0.280  0.548  0.365  0.454  0.294  0.250  0.528  0.000  0.435  0.238  0.602  0.277  0.375  0.261  0.184  0.350
