i-1/i     A      C      D      E      F      G      H      I      K      L      M      N      P      Q      R      S      T      V      W      Y      X
A       -0.759  0.661  2.172  0.290 -0.075  0.976  0.479  1.001 -0.150  0.262 -0.802  1.170  0.000  0.961  0.616  1.563  0.524  1.283  1.614  0.949  1.377
C        0.880  0.278 -2.473  0.419  0.392 -0.623  1.471  0.848 -1.751  0.066  1.113  3.253  0.000  2.075  0.609  1.990  0.387  1.006  0.000  0.165  0.000
D        0.140 -0.617  0.013  1.360  0.067  0.687  0.686  1.351  2.283  0.266  0.273  1.034  0.000  3.074  0.565  2.652  0.619 -0.515 -0.585 -0.844  0.000
E        0.361  1.478  0.871  1.152  0.779 -0.923  2.365 -0.282  2.120  0.080  0.334  0.676  0.000  1.141  1.699  1.020  1.426  0.753  1.380  0.647  1.736
F        1.153  2.984  0.617  1.193 -0.760 -0.828 -0.295 -0.523  1.577  0.712  0.506  1.875  0.000  2.417  2.863  1.409 -0.692  0.283  1.681  1.587  1.749
G        0.012 -0.613  1.172  0.506  0.935 -0.060  2.025 -0.465  0.129 -0.167  1.747  0.349  0.000  0.710  0.991  0.870  0.329 -0.229  1.674  1.402  1.614
H       -0.642  4.630  0.430  0.366 -0.782  0.305  2.384  1.918  0.658  0.672  2.159  0.319  0.000  1.883  1.859  0.696  1.164  1.968  1.466  0.364  1.718
I        0.946  1.595 -1.984  0.426  1.819  0.743 -0.247  1.034  0.415  0.818  0.966  0.414  0.000  1.988  0.225  0.784 -0.129  0.840 -0.114  0.219  1.370
K        0.397 -1.988  1.859  1.322  1.253  0.453  1.691  0.555  1.110  0.707  1.813  1.696  0.000  1.002  1.453  1.589  2.047  0.464  1.117  1.670  0.748
L       -0.383  0.966  0.541  0.835  1.529  0.985 -0.320  1.320  0.835  1.133 -0.430 -0.081  0.000  1.174  0.824 -0.526  0.311  1.609 -1.579 -0.660  1.264
M        1.775  0.128 -0.676  1.553  2.151  1.581  2.450  0.574  1.269  0.008  0.046  2.630  0.000  0.682  0.237  0.785  0.857 -0.209 -0.299  1.609  1.168
N       -1.119  2.886  1.965  1.245  0.568 -0.400 -0.988  1.450  1.608  0.978  3.467  0.718  0.000  2.040  1.546  1.672  1.889  0.026 -1.924  0.897  0.000
P       -0.291  1.746  0.736  0.904  0.621 -0.014  0.580  0.917  0.046  0.214 -2.462  0.913  0.000  1.869 -0.063  0.375  0.526 -0.803  0.593 -0.573  0.000
Q        1.565  1.932  3.212  0.058 -0.743  0.531  0.843  0.343  1.650  0.943  1.488  0.673  0.000  0.640  1.030  1.056  0.786  0.177  1.461  1.024  1.589
R        0.823  0.837  1.233  0.914  1.363  0.638  0.754 -0.265  1.546  0.588 -0.346  1.454  0.000  1.225  0.861  1.886  0.595 -0.294 -0.155  0.819  0.079
S        0.098  0.501  0.976  0.845 -0.424  0.026  1.068 -0.214  0.718  0.438  0.593  0.380  0.000  0.752  0.563  1.121  1.214 -0.123  0.758  0.870  0.347
T        0.809 -0.693  1.955  0.274  0.354  2.117  0.389  0.344  1.753  0.097  1.306  2.039  0.000  1.029  1.524  0.939  1.496  0.440  1.611  0.961 -2.936
V        0.406  0.739  0.628  0.402  0.912  0.172  0.000  0.804  0.157  0.802  0.194  0.760  0.000  0.206 -0.360  0.638  0.663  1.149 -0.294  0.002  0.659
W        1.487  2.742 -0.354 -1.179  0.607  2.534 -1.271 -2.008  2.144  0.019  0.412 -2.698  0.000  0.958  1.316  1.221 -0.483  0.398 -1.100  0.358  2.360
Y        0.899 -0.371  1.968  1.158 -0.196  0.097  2.841  1.775  1.522  1.283  1.217  0.382  0.000  1.423 -1.357 -0.152  0.389  1.323  0.672  0.665  1.256
X        1.869  0.000  0.000 -1.392 -0.598  3.493  0.000 -1.056  0.854  0.000  0.000 -1.122  0.000  2.353 -0.855 -1.720  1.277  1.253  0.000 -0.526  0.709
