i-1/i     A      C      D      E      F      G      H      I      K      L      M      N      P      Q      R      S      T      V      W      Y      X
A       -0.812 -1.032 -0.013 -0.414 -0.082  0.145 -1.631 -0.678 -1.182 -0.695 -0.794 -1.477  0.000 -1.105 -0.278 -0.500 -2.401 -0.895  2.222  0.041 -0.710
C       -2.090  0.702  0.000  0.179  3.442 -1.060  3.014 -0.842  0.844 -0.946  0.269  0.000  0.000  0.000 -0.850 -1.360 -0.461  0.384  1.349  1.685  0.000
D        1.864  1.287 -2.799 -0.678  0.044  0.903 -1.746 -0.524 -0.037  0.482 -0.803  0.870  0.000  1.588 -0.292 -1.031 -1.563  0.295 -2.940 -2.298  0.000
E       -0.749 -0.358  0.225 -0.249  0.251  0.118  0.327 -0.231 -0.151 -0.186  0.873  0.206  0.000 -1.372  0.334 -0.125  0.116  0.687 -1.615 -1.590  0.000
F        0.756 -1.111 -1.680  0.083 -0.854 -0.210  1.355  0.284 -0.988 -0.165  0.606 -1.363  0.000 -0.217  0.706  0.731  0.438 -0.151  0.303  0.454 -0.030
G       -0.694 -2.454 -0.247  0.509  0.334 -0.948 -1.885 -0.571 -0.011 -0.885 -0.903  0.588  0.000 -0.596 -1.209 -0.253 -1.616  0.048  2.832  0.891  0.000
H       -0.625  1.794 -0.045 -0.735  1.821  0.102 -0.103  1.644 -0.599 -1.037 -1.072 -1.654  0.000 -0.500 -1.993 -1.332 -0.600 -0.783 -2.329 -1.688  0.000
I       -0.216 -0.773  0.047 -0.070 -1.494 -0.336 -0.114 -0.717 -1.002 -0.288 -0.456  1.131  0.000 -0.034 -1.319 -0.069  0.785 -0.466  0.240 -1.231 -2.577
K       -0.431 -0.659 -0.077 -0.089  0.090  0.747 -0.835 -0.441 -1.508 -0.362  0.066 -0.751  0.000 -0.445 -0.374 -0.532 -0.589  0.199 -0.785 -0.620 -0.866
L       -1.107 -0.881  0.052 -0.300 -1.718 -0.552 -0.373  0.086 -0.232 -0.836 -0.704 -0.799  0.000 -0.826 -0.392 -0.134 -0.016 -0.293  0.874 -0.921  0.000
M       -0.866  4.655 -0.460 -1.300 -1.736  0.959  0.724 -0.711 -0.184  0.622 -0.082 -0.895  0.000 -2.928 -2.419 -1.380  2.179  1.037  1.434 -1.721  0.000
N        0.315 -1.757  0.917 -1.079 -0.810 -0.623 -2.173  0.663  0.313  1.002 -2.384 -0.355  0.000  0.303 -1.395 -2.415 -0.472 -0.071 -2.136 -0.127 -0.264
P       -1.028  0.000  1.793 -1.660  0.495  1.420  0.000 -0.191  0.974 -1.243 -1.144  0.420  0.000 -1.287 -1.305  1.597  0.144  0.814 -0.100  2.570  0.000
Q       -0.555 -0.949  0.428  0.761 -0.287  0.182 -0.480 -0.311 -1.880 -0.225 -2.162 -0.102  0.000 -0.396  0.299 -1.593 -0.038  0.094 -1.479  1.007  1.495
R        0.672 -0.933 -0.811 -1.167 -1.578 -0.851  0.062  0.063 -0.323 -0.686  0.063 -1.378  0.000 -1.506 -0.582 -0.390 -0.429 -0.249 -0.636 -0.810 -1.741
S        0.116  0.757  0.393 -0.628 -0.266 -2.336  1.856  1.022 -0.007  0.344 -1.559 -0.434  0.000 -0.756  1.245 -0.077  0.102 -0.931 -2.471 -0.673  2.010
T        0.744 -1.044 -1.167 -1.408 -0.636  0.743 -2.654 -0.261 -0.498 -0.191 -1.013  0.710  0.000 -1.101  0.544 -1.113 -1.264 -0.429 -1.934 -0.120 -0.808
V       -0.892 -0.971 -0.670 -0.161 -0.383 -0.636  0.358 -0.383 -0.523 -0.269 -0.921 -0.277  0.000 -0.512 -0.826 -0.394 -0.769 -0.849 -0.055 -0.297  0.581
W        1.457  0.000 -0.430 -1.444  1.202 -0.175  0.233  2.473  3.215  0.896 -1.361  0.313  0.000 -1.299 -0.751  1.275 -0.390  2.001 -1.420 -1.271  0.000
Y       -0.737  0.439  0.567 -1.625  0.589 -0.668 -0.810 -0.918 -0.875 -0.033  0.031 -1.264  0.000 -2.069 -0.623  0.304  0.303  0.569  1.252 -0.852 -3.841
X       -0.896  0.000  0.000 -2.713 -1.008  0.000  3.371  1.434 -1.582 -0.709 -2.209  0.000  0.000 -1.119 -1.628 -1.310 -2.145 -0.428  1.108  2.437  3.160
