i-1/i     A      C      D      E      F      G      H      I      K      L      M      N      P      Q      R      S      T      V      W      Y      X
A       -0.145 -1.888  0.793 -0.717 -1.655  0.227 -1.588 -0.615 -0.620 -0.331 -1.852 -0.712  0.000 -0.427  0.473 -0.888 -2.130 -0.323 -1.362 -0.616 -0.625
C        1.660 -2.377 -0.322 -0.417 -0.204  1.112 -3.167  1.148 -0.210 -0.486  0.382 -1.869  0.000 -1.505 -1.622 -1.330 -1.305 -1.526  3.017 -1.113  0.000
D        0.280  2.546 -0.863 -0.882  0.023 -0.371 -0.445  0.564 -1.497  0.506  1.377  2.490  0.000  0.206 -2.122  1.005 -0.093  0.326 -1.130  0.160 -0.599
E        0.478  0.254  0.504 -0.367 -0.090  0.191  0.276  0.207 -0.006 -0.424 -0.404 -0.435  0.000  0.415  0.261  0.591 -0.933 -0.997 -0.286 -0.642 -0.289
F       -1.546 -2.391 -0.634  0.106 -0.274 -1.404 -0.987 -1.669 -0.712 -0.847  1.397 -0.446  0.000 -0.940 -0.388 -0.225 -0.803 -0.866  0.086 -0.337 -2.692
G       -1.174 -2.259 -0.002 -1.796 -1.367 -0.206 -0.032 -0.973 -0.374 -0.429 -0.670  0.266  0.000 -0.958 -0.337 -0.264 -0.458 -1.403 -1.296 -1.761 -0.718
H        0.089  2.953  0.545  0.349  0.047 -0.904  2.430  0.440 -1.239 -0.719  1.283 -2.386  0.000 -1.481  0.240 -1.309  0.777 -0.441 -0.114 -0.918 -1.054
I        0.453 -0.918 -0.424  0.166 -0.945 -0.448 -0.308 -0.777 -0.066  0.039 -0.047  0.301  0.000 -0.243  0.067 -0.458  0.223  0.493  0.241 -1.004  1.313
K       -0.378 -0.705 -1.367 -0.042 -1.198  0.115  1.032 -0.106  1.240 -0.487 -0.054 -0.692  0.000 -0.512  0.086 -1.191 -0.037 -1.035  2.254 -0.151  3.200
L       -0.989 -0.516 -0.027 -0.038  0.343 -0.120  0.809 -0.281 -0.346 -0.282 -0.954  0.396  0.000  0.165 -0.314 -0.404  0.915  0.491 -1.111 -0.093  0.342
M        1.094  0.000 -0.089 -0.790  0.160  0.221 -1.091  1.669 -0.682  0.592  0.460 -0.431  0.000  0.118 -0.987 -0.336 -0.249  0.481 -0.208 -0.403  1.613
N       -0.750 -1.377  1.382  1.385 -0.576 -1.331 -1.257  0.114 -0.961 -0.621 -0.021  2.429  0.000 -0.691 -1.170  0.132 -0.453 -0.994  0.799 -1.277 -1.725
P        2.002  0.000 -1.733 -0.270 -0.975  0.853  0.945  1.425 -0.181 -0.502  0.473 -1.054  0.000 -1.149 -0.737  0.000  2.082  1.111  0.000 -1.340  0.000
Q       -1.492 -0.244  1.277  0.965  0.248 -1.034 -0.111  0.397 -0.572 -0.520 -0.794 -1.123  0.000 -0.701  0.047  0.695  0.354 -0.208  0.810 -0.986 -0.181
R       -0.414  0.171 -1.931 -0.359 -0.466 -0.080 -0.914 -0.537 -0.056  0.071 -0.569 -2.336  0.000 -0.321 -0.338  0.610 -1.193 -0.442  0.886 -0.131 -0.008
S        0.513 -1.858  0.599 -0.614 -0.738 -0.023 -0.033  0.309  0.768  0.961 -0.463 -1.671  0.000  0.750 -0.508  0.718  0.386  0.898 -1.085  0.121 -1.373
T        0.621  0.966 -0.175 -0.177  0.568  0.235  0.823  1.446  0.066  0.864  0.319 -0.635  0.000  0.740  0.241 -0.361  0.375  0.717  1.824  1.350  1.849
V        0.006  0.319  0.160 -0.280 -0.584  0.201  0.401  0.054  0.185 -0.058  0.134  0.630  0.000 -0.089  0.143  0.095  0.127  0.363 -0.268  0.146  0.137
W       -1.150 -0.193  0.169 -1.103  0.094 -0.371 -2.195  0.001 -0.879 -1.016 -2.570  0.527  0.000 -0.821 -0.638 -1.158 -1.358 -0.690 -1.279 -0.534 -1.072
Y       -1.140 -0.345 -0.582 -0.415 -0.263 -0.624 -0.651 -0.339 -0.843 -1.085 -0.804 -1.428  0.000 -1.758 -0.377  0.090 -0.410 -2.106 -0.593  0.190 -2.890
X       -0.420  0.000  1.157 -2.585  1.177 -1.663 -2.561 -2.743 -1.838 -0.518  0.000 -1.042  0.000 -3.700 -1.285  0.432 -1.475 -3.502  1.639 -1.159  2.728
