i-1/i     A      C      D      E      F      G      H      I      K      L      M      N      P      Q      R      S      T      V      W      Y      X
A       -2.448 -1.588 -1.846 -2.218 -2.636 -2.044 -2.927 -2.382 -1.846 -2.990 -2.982 -2.321  0.000 -2.416 -2.260 -2.252 -2.553 -2.155 -2.404 -2.344 -1.979
C       -1.226 -1.796  1.618  1.100 -1.218 -0.247  0.000  2.019  1.150  0.638  0.000  3.125  0.000 -0.649 -0.241  1.093  2.555 -0.099  1.264 -1.331  0.000
D       -2.193 -1.628 -3.392 -2.382 -1.629 -1.658 -3.666 -1.227  0.000 -2.177 -0.891 -0.007  0.000 -1.481 -3.089 -2.661 -2.871 -1.625 -2.330 -2.082 -0.460
E        0.649  1.252 -1.547  0.794  0.672 -0.069  0.410  0.618 -0.141  0.517  1.298 -0.232  0.000  0.477  0.714 -0.306 -1.130  0.512  0.855  0.750  1.260
F       -1.236  0.853 -0.834 -1.062 -1.772 -0.407 -0.432 -1.341 -0.627 -1.731 -0.397 -0.809  0.000 -0.470 -0.911 -0.485 -0.503 -1.209 -0.570 -0.500 -0.712
G       -2.371 -3.887 -3.046 -2.354 -4.215 -1.340 -2.470 -4.281 -1.898 -2.671 -2.581 -2.652  0.000  0.000 -2.414 -2.749 -2.486 -3.378 -3.336 -3.503 -3.038
H       -1.321 -1.922 -1.049 -1.978  1.027  0.335 -1.342 -0.413  0.354  0.391  1.252 -1.973  0.000  0.877 -0.480 -1.347 -0.016 -0.447  0.544 -0.674 -0.145
I        3.113  0.000  3.415  3.079  3.369  3.223  3.647  2.746  3.535  3.112  2.570  2.823  0.000  4.039  2.653  3.234  3.432  2.977  3.554  3.864  3.423
K       -0.043 -0.244 -0.918  0.216  0.183 -0.405 -0.521  0.125  0.673  0.189 -0.042 -0.514  0.000 -0.873 -0.337 -0.492 -1.237  0.515 -0.744  0.060  0.822
L        0.631  1.490  1.082  0.457  0.883 -0.151  1.237  0.924  0.673  0.659  0.452  1.316  0.000  1.243  0.542  0.834  0.966  1.519  0.986  1.426  1.605
M       -0.185 -1.089  2.589  0.466 -0.237 -0.431  0.849  0.664  0.948  0.653  0.005  1.294  0.000  0.337  0.755 -1.752  0.970 -0.122  0.214  1.097 -1.185
N       -1.981 -1.256  0.000 -1.558 -1.691 -0.434 -2.138  0.161 -1.665 -0.954  0.609 -0.817  0.000  0.000 -2.753 -2.862 -0.940 -0.090 -2.035 -0.580 -2.161
P        0.123 -3.561 -3.329 -0.610 -3.751 -1.058 -1.959 -1.597 -2.904 -1.415  1.468  0.726  0.000 -2.649 -1.689 -2.530 -2.303 -3.343 -1.472 -3.008 -0.977
Q        0.806 -0.820 -0.882 -0.583  0.661 -0.295 -1.200  0.506 -0.575  0.230 -0.231 -2.061  0.000 -0.565  0.160 -0.443  0.816 -0.009  0.723  0.348  0.389
R       -0.103  0.309 -1.558 -0.576  0.390 -0.099  0.237  0.338  0.016  0.112  0.630 -0.608  0.000  0.105 -0.335 -2.738 -0.574  0.302 -0.147 -0.402 -2.543
S       -1.143 -3.003 -0.934 -1.472 -1.150 -0.995 -0.231 -1.364 -0.381 -0.713 -0.683  0.918  0.000 -0.910  0.090 -0.507 -0.203 -0.599 -1.382 -1.163  1.344
T        0.990  0.891  0.458  1.788  2.385  1.300  1.103  2.063  1.856  2.470  1.569  1.421  0.000  1.685  2.089  1.158  2.232  1.963  2.089  2.540  2.983
V        3.083  2.800  2.585  2.538  3.275  2.103  2.511  2.818  2.684  2.638  2.995  2.815  0.000  2.739  2.895  2.817  2.838  2.629  3.887  2.568  2.039
W       -1.192  3.237 -0.634 -1.592  1.067 -0.154 -2.207 -2.869  0.239 -1.990 -1.002 -1.109  0.000 -0.051 -1.651 -0.318 -1.181 -2.101  0.330 -0.279  0.000
Y       -1.049  1.295  0.218 -1.630 -1.193 -0.561 -2.206 -2.209 -1.167 -1.188 -2.206 -2.148  0.000 -0.931 -1.021 -0.982 -0.515 -2.491  1.413 -2.090 -3.303
X       -0.625  0.000  0.507  0.013  1.905 -2.788  3.668  1.270  2.194  1.984  0.620  0.572  0.000  0.477  1.259  1.778 -2.870 -0.518  2.060 -1.974  1.043
