i-1/i     A      C      D      E      F      G      H      I      K      L      M      N      P      Q      R      S      T      V      W      Y      X
A        0.113  0.076  0.081  0.037  0.033  0.000  0.145 -0.001 -0.052  0.046  0.080  0.272  0.296  0.182  0.021 -0.026 -0.072  0.014  0.020  0.071 -0.169
C       -0.006  0.038 -0.612 -0.104  0.020  0.000 -0.329 -0.060 -0.064 -0.010 -0.268  0.109  0.424 -0.035 -0.024  0.110 -0.173  0.100 -0.103 -0.030  0.000
D        0.035 -0.136  0.185  0.140  0.025  0.000  0.173  0.023  0.178  0.004  0.064  0.090 -0.127 -0.003  0.121  0.079  0.093 -0.003 -0.079  0.135  0.081
E        0.037  0.221  0.097  0.157  0.038  0.000  0.146 -0.099  0.038 -0.036  0.026 -0.048  0.278  0.115  0.069  0.108  0.145 -0.087 -0.016  0.073  0.000
F        0.017  0.004  0.098 -0.148  0.046  0.000 -0.197  0.022 -0.153 -0.014 -0.082 -0.012  0.156 -0.087 -0.056  0.008 -0.066  0.024  0.124 -0.090  0.032
G       -0.086 -0.290 -0.077 -0.091 -0.121  0.000 -0.102 -0.019 -0.131 -0.003 -0.202  0.113 -0.129  0.129  0.003  0.023 -0.016 -0.003  0.109 -0.154  0.011
H       -0.024 -0.082  0.006 -0.023 -0.033  0.000  0.212  0.105  0.107 -0.235 -0.038  0.099  0.114 -0.089  0.242 -0.060  0.097 -0.017  0.205 -0.052  0.000
I        0.109  0.107 -0.098 -0.120  0.171  0.000  0.116  0.064 -0.001  0.071 -0.110  0.221  0.169 -0.091 -0.084  0.020 -0.111  0.073  0.355  0.073  0.023
K        0.030  0.286  0.181  0.074  0.120  0.000  0.131 -0.066  0.146  0.042  0.171  0.092  0.091  0.140  0.160  0.081  0.039  0.093  0.032  0.139  0.322
L        0.097  0.261  0.087  0.035  0.090  0.000  0.042  0.025  0.029  0.025  0.019  0.163 -0.090  0.003 -0.022  0.029 -0.111  0.021  0.125  0.079 -0.396
M       -0.036  0.032  0.449 -0.085 -0.176  0.000 -0.095 -0.016  0.080  0.067 -0.003  0.098  0.045  0.006  0.086  0.594  0.155  0.023 -0.132  0.125 -0.069
N       -0.047  0.312  0.072  0.070 -0.001  0.000  0.097 -0.034  0.085  0.076 -0.088  0.159 -0.219  0.066  0.226  0.096  0.050  0.037 -0.138  0.220  0.144
P        0.202  0.481  0.311 -0.097  0.343  0.000 -0.132  0.243  0.003  0.212  0.589 -0.127  0.205  0.180  0.044  0.008  0.144  0.235  0.129  0.304  0.118
Q        0.072  0.024 -0.178  0.151  0.182  0.000  0.136  0.028  0.104 -0.018  0.510  0.088 -0.001  0.239  0.124  0.180  0.148 -0.018 -0.110 -0.094 -0.011
R        0.050  0.233  0.109  0.039  0.160  0.000  0.117 -0.012  0.151  0.002  0.218  0.006  0.105 -0.036  0.135 -0.014  0.073 -0.008 -0.091  0.032  0.138
S       -0.003  0.019  0.087  0.036  0.071  0.000  0.079 -0.068  0.151  0.028 -0.242  0.298  0.145  0.036 -0.031  0.118  0.121 -0.033 -0.136  0.028 -0.075
T        0.044  0.386  0.132  0.181  0.135  0.000  0.181  0.071  0.227  0.122  0.051  0.242  0.192  0.030  0.068  0.231  0.069  0.022 -0.019  0.146 -0.006
V        0.134  0.123 -0.085 -0.026  0.031  0.000 -0.061  0.066 -0.001  0.054 -0.020 -0.019  0.098 -0.005  0.014 -0.067 -0.141  0.073  0.072  0.004 -0.146
W        0.124 -0.419  0.031  0.343  0.149  0.000  0.096  0.228  0.432 -0.029  0.100  0.198 -0.218  0.512  0.086 -0.249 -0.015  0.056 -0.060  0.082  0.260
Y       -0.005  0.003  0.170  0.092 -0.016  0.000  0.022  0.039 -0.077  0.118 -0.018  0.251  0.256 -0.051  0.021  0.076 -0.070  0.073 -0.156  0.001  0.083
X       -0.004  0.000  0.256  0.178 -0.120  0.000 -0.022  0.092 -0.073 -0.130  0.409 -0.303  0.140  0.272 -0.253 -0.085 -0.117  0.123  0.002  0.150 -0.042
