i-1/i     A      C      D      E      F      G      H      I      K      L      M      N      P      Q      R      S      T      V      W      Y      X
A        0.337  1.072  0.213  1.046  0.281 -1.097  0.384  1.057 -0.010  1.113 -0.080 -0.838  0.000  1.697  0.740  0.536 -0.381  0.667  1.103  1.021 -0.325
C       -4.162 -0.947 -2.025  1.804 -1.987 -1.324  2.240  0.050 -0.398  0.369  0.254  2.335  0.000  4.571 -0.148  0.587 -1.016  0.601 -0.706  2.247  0.000
D        0.123  0.000  1.967  2.321  0.894  0.236 -0.023  1.172  0.376 -0.159  3.653 -1.524  0.000  2.350  0.978  0.949  1.882 -1.100 -2.222 -0.730 -0.642
E        1.495  0.997  0.670  0.818  1.458 -0.651  3.657  0.276  0.688  0.596 -0.515  1.035  0.000  0.694  2.361  1.000  0.365  1.367  3.186  0.808  2.591
F        0.163 -0.296  0.598  0.337 -0.028  0.151  0.652  0.071  1.858  0.266 -0.710  2.449  0.000  2.521  1.815  1.397 -0.492  0.194 -0.039  2.069  0.017
G        1.208  0.089  2.562  0.085 -0.275  0.135 -1.702  0.246  0.175  0.612  0.483  0.571  0.000 -0.149 -1.038  0.991  0.150 -0.453 -0.228  1.653  2.379
H        0.978  2.367  0.693  0.305 -0.529  0.460  1.731  1.209 -0.094  0.395  1.654 -0.280  0.000  1.193  0.825  1.419  2.788  1.795 -0.939  2.180  0.000
I       -0.020  2.471  0.010 -0.085  1.076 -0.249  2.200  0.564  0.175  0.675  0.344  0.437  0.000  0.705  0.070 -0.337 -0.460  0.682  1.243  1.797  3.049
K        0.823  0.297  2.702  0.938  0.146 -0.125  1.676  1.074  0.189  1.244  1.021  1.469  0.000  1.234  0.847  0.859  2.404  0.699  1.564  1.463  2.831
L        0.254  0.053 -0.306 -0.094  0.903  0.810 -0.380  0.955  0.092  1.043  0.291 -0.881  0.000  2.342  1.126 -0.480 -0.632  0.835 -0.073  1.403  0.180
M        2.379 -0.348  1.375  0.896  3.132  0.791  2.026  1.407  1.892  0.442 -2.099 -1.245  0.000 -2.119  1.154  1.257  0.203  0.142 -3.936  0.171  0.000
N        0.174 -0.750 -0.693  1.721  1.429  0.689 -0.620  1.864  0.603  0.364  2.937  2.142  0.000  2.332  1.790  0.489  2.241  0.329 -1.699  1.811 -6.008
P       -0.396  4.084 -1.362  0.641  0.021 -0.071 -1.139 -0.396 -0.370  0.110 -2.021 -0.279  0.000  2.910 -1.232  0.254 -0.758  0.690  4.332  1.092  2.346
Q        1.217  0.918  1.094  0.331  0.320  0.465  0.189  1.359  0.170  1.116 -0.137  0.253  0.000 -0.121  1.772  2.031  0.311  0.391  3.808  1.915 -0.539
R        0.890  1.720  1.695  1.650  1.113  0.393  1.402  0.545  2.088  1.230  0.003  1.499  0.000  1.206  0.865  0.875 -0.648  0.370 -1.678  0.603  0.021
S        1.423  1.416  1.138  0.664  0.579 -0.935  3.581  0.195  1.170  0.337  4.168  1.099  0.000  0.945  1.632  0.784  1.296 -0.482 -0.052 -0.210  0.426
T        0.024 -2.119  1.004  1.276  0.989  0.397  0.446  0.577  1.330 -0.630 -0.029  0.650  0.000  0.154  0.960 -0.013  1.014  0.599  1.442 -0.186 -2.031
V       -0.102  0.026 -0.142 -0.249  0.820  0.374  1.575  0.407  0.080  0.680 -0.111 -0.950  0.000  0.120 -0.578 -0.737  0.308  1.225  1.193 -0.063  4.268
W        1.126  5.172  0.156  0.364 -0.905  0.506 -2.528  0.736  1.336  0.616 -2.185  0.606  0.000  0.578  0.005  0.645 -1.137  0.874 -0.408 -0.326  2.606
Y        1.212  3.374  0.333  1.481 -0.493  0.971  0.698  0.711  2.249  0.298  0.871  3.031  0.000  1.890  0.667  1.148  0.986  0.808  2.204  1.509 -0.854
X       -2.792 -1.234  2.872  2.435  0.581 -0.236  0.000 -0.179 -2.176  1.383 -1.131  0.643  0.000  2.157 -3.849 -0.961  0.049  0.434  0.310  1.499  1.504
