i-1/i     A      C      D      E      F      G      H      I      K      L      M      N      P      Q      R      S      T      V      W      Y      X
A        0.515  0.000  0.259  1.095  0.000 -0.093  0.000  0.000 -0.040  0.115  0.000  0.000  0.288  1.035  2.653  0.236 -0.686  0.683  0.000  0.000  0.000
C        0.000  0.000  0.000  0.000  0.000  0.000  0.000  0.000  3.146  0.000  0.000  0.000 -0.968  0.000  0.000  0.000  0.000  0.000  0.000  0.000  0.000
D        0.019  0.000  0.000  0.769  0.000  0.000  0.000  0.000  0.000  0.575  0.000  0.000 -0.043  0.000  0.000 -0.333  0.000 -0.803  0.000  0.000  0.000
E        0.000  0.000 -0.678  0.000  1.755  1.537  0.000  1.244  0.115 -0.362  0.000  0.127 -0.024 -0.085  0.019 -0.158  0.260  0.262  0.000  0.045  0.000
F        0.000  0.000 -0.992 -0.743  0.000  0.000  0.000  1.098  1.146  0.000  0.000  0.000 -0.039  0.000 -0.426  0.585  0.000  2.554  0.000  0.000  0.000
G       -1.047  0.000  1.599 -0.268  0.000 -0.522  0.000  1.439  0.000 -0.903  0.000 -0.359 -0.670  0.801  0.573 -1.440  0.000  0.091  0.000 -0.812  0.000
H        0.000  0.000  0.000  0.000  0.000  0.000  0.000  0.000  0.000 -0.122  0.000  1.543  0.347  0.000  0.000  0.000  0.000  1.120  0.000  0.000  0.000
I       -0.248  0.000  0.740  1.526  0.000  0.000  0.000  1.855  1.169 -0.615  0.000  0.097 -0.092  1.459  2.137  0.811 -1.682 -0.897  0.000  1.346  0.000
K       -0.245  0.871  0.769  0.428  0.276 -1.358 -0.442 -0.386  0.339 -0.122  0.000  0.542 -0.498  0.000  0.099 -0.191 -0.382 -0.182  2.517 -0.689 -0.231
L        0.978  0.000  1.946  1.512 -1.342  0.148  0.124 -1.316  1.592  0.221  0.000  0.078  0.578  0.227  3.321 -0.392 -0.015  0.371  0.000 -2.459  0.000
M        2.862  0.000  0.000  0.286  0.000  0.000  0.000  0.000  0.000  0.625  0.000  0.000 -0.258  0.712 -0.889  0.303  0.000 -0.584  0.000  0.000  0.000
N        0.000  0.000  0.000  0.000  0.000  0.000  0.000  0.000  0.000  0.563  0.000  0.000 -0.013 -0.640  0.000 -0.352  0.556  2.752  4.437  0.000  0.000
P        0.591  0.000 -0.112  0.302  0.281 -0.721  0.000  0.190  0.143  0.328  0.000 -0.421  0.039  0.587  0.761  0.399 -0.243  0.743  0.000  0.214  0.000
Q       -0.042  0.000  1.646 -0.724  0.000  0.000  0.000 -0.251  0.000 -0.280  0.033  0.000  0.136  0.000  0.000  0.000 -0.210  0.000  0.185  0.000  0.000
R        0.411  0.000  0.127  0.905  0.000  0.000  0.000  0.883  0.203  0.894  0.000  0.517 -0.161  0.000  1.212 -0.029 -0.050  1.887  0.000  0.000  1.239
S        0.351  0.000 -0.620  0.000 -2.089  0.000  0.000  0.604  0.814  0.000  1.200  0.000  0.158  0.000  0.000 -1.120  0.163 -0.876 -0.075  2.018  0.000
T        0.306  0.000  0.607  0.352  1.674  0.467  1.046 -0.932 -0.797  0.000  0.000  0.000 -0.289  1.173  1.262 -0.291 -0.558  0.522  0.447  0.000 -1.480
V       -0.062  0.378 -0.656  0.984  0.105  0.602  0.000 -0.445  2.957  0.381  0.419  0.088  0.099  0.163  1.283  0.482 -0.452  1.201  0.000  5.158  0.000
W        0.000  0.000  0.000  0.758  0.000  0.000  0.000  0.000  0.000  0.000  0.000 -0.520 -0.136  0.000  0.000  0.000  0.000  0.000  0.000  0.000  0.000
Y        0.000  0.000  0.000  0.514  0.000  0.000  0.000  0.000  0.000  0.958 -0.020  0.000  0.383  0.000  0.000  0.000  0.000  0.000  0.000  0.000  0.000
X        0.000  0.000  0.000  0.000  0.000  0.000  0.000  0.000  2.573  0.000  0.000  0.000  0.012  0.000  0.000  0.000  0.000  0.000  0.000  0.000  0.000
