i-1/i     A      C      D      E      F      G      H      I      K      L      M      N      P      Q      R      S      T      V      W      Y      X
A       -0.553  0.000 -2.295  0.000 -0.225 -0.009  0.000  0.562 -0.872 -0.939  1.509  0.000 -0.146  0.014 -1.086  0.253  0.137 -3.143  0.000  0.000  0.000
C        0.000  0.000  0.000  0.000  0.000  0.000  0.000  0.000  1.049  0.000  0.000  0.000  0.000  0.000  0.000  0.000  0.000  0.131  0.000  0.000  0.000
D       -0.574  0.000  0.000 -1.176 -0.102 -0.369  0.000  0.921 -0.354 -0.370  0.000  0.000 -0.135  0.198 -1.444 -0.271  1.027  0.811  0.000  0.000  0.000
E        0.101  0.000  0.267  0.000 -0.284  0.000  0.000  1.049 -0.101 -0.090 -0.300  0.000 -0.101  0.383 -1.055  0.000  0.577 -0.303 -0.732 -0.827  0.000
F        0.000  0.000  0.000  0.239  0.000  0.000  0.000  0.000 -0.038 -0.832  0.000  0.000  0.000  0.000  0.000  1.720 -0.364 -1.443  0.000  0.000  0.000
G       -0.968  0.000  0.000 -0.418  0.000  0.685  0.000  0.000 -2.770 -0.174  0.000  0.000  0.000  0.000 -1.011  0.000 -0.480 -0.816  0.000  0.000  0.000
H        0.000  0.000  0.000  0.000  0.000  0.000  0.000  0.000  0.049  0.604  0.000  0.000  0.000  0.000  0.000  0.000  0.150  0.000  0.000  0.000  0.000
I        0.000  0.000  0.000  0.000  0.000 -0.174  0.000  0.855 -1.459  1.024  0.000  0.000 -0.502 -0.543 -0.612 -0.440 -0.101  0.329  0.000  0.000  0.000
K       -1.864 -3.057  0.000 -0.740  1.390  0.000  0.000  1.297 -0.409 -0.021  0.000  0.000 -0.131  0.000 -0.758 -0.701  0.170  0.237  0.000  0.000  0.609
L       -0.521  0.000  0.213 -0.962  0.000  0.017  0.260  0.514 -0.207 -0.619 -0.005  0.667 -0.532 -1.027 -0.026  0.000  0.000 -1.118  0.000  1.252  0.000
M        0.000  0.000  0.000  0.000  0.000  0.000  0.000  0.000  0.000  0.000  0.000  0.000  0.000 -0.616  0.000  0.002  0.000 -0.812  0.000 -1.509  0.000
N        0.000  0.000  0.000 -1.751  0.000 -0.765  0.440 -0.634  1.250  0.456  0.000  0.000 -1.494  0.000 -0.138  0.000  0.000 -0.113  0.266  0.000  0.000
P       -0.351  0.072 -0.379 -0.793 -0.664 -0.070 -0.711 -0.657 -0.639 -0.423 -0.042 -0.432 -0.351 -0.813 -0.513 -0.667 -0.457 -0.828 -0.721 -1.255  0.086
Q       -0.815  0.000  0.000 -0.260  0.000  0.000  0.000  0.000  0.000 -0.359 -0.423 -0.228 -0.622  0.000  0.000  0.000  0.560 -0.003  0.000  0.000  0.000
R       -0.864  0.000  0.000 -0.363  0.382  0.534  0.000 -0.091  0.148  0.564 -0.767  0.000 -0.275  0.000 -0.512  0.000 -0.170 -1.170  0.000  0.000  0.000
S       -0.716  0.000  0.102 -0.223 -1.018 -0.312  0.000 -0.198 -0.125  0.199  0.590  0.540 -0.303  0.000 -1.014 -0.746  0.227 -0.056  0.000  0.000  0.000
T       -0.284  0.000  0.000 -0.017  0.000  0.000  0.000  0.517 -0.387 -0.040  0.000 -0.105  0.052  0.200 -1.790 -0.421  0.775 -1.508  0.000  0.000  0.000
V       -0.697  0.000 -0.033 -0.733 -0.681  0.058 -1.121 -0.887 -0.256  0.545  0.000 -0.222 -0.841  0.000 -2.058  0.177  1.103 -0.753  0.000  0.000  0.000
W        0.000  0.000  0.000  0.000  0.000  0.000  0.000  0.000 -1.259  0.000  0.000  0.581  0.000 -0.869  0.000 -0.238  1.062  0.000  0.000  0.000  0.000
Y        0.000  0.000  0.000 -2.212  0.000  0.210  0.000 -0.035 -0.658 -1.647  0.000  0.000 -0.085  0.000  0.000  1.931  0.000  1.189  0.000  0.000  0.000
X        0.000  0.000  0.000  0.000  0.000  0.000  0.000  0.000 -0.623  0.000  0.000  0.000  0.000  0.000 -0.139  0.000 -0.430  0.000  0.000  0.000  0.000
