i-1/i     A      C      D      E      F      G      H      I      K      L      M      N      P      Q      R      S      T      V      W      Y      X
A       -0.541  0.000  0.463 -0.056  0.000  1.188  0.000  0.000 -0.880 -0.220 -1.769 -0.205 -0.250  0.908 -1.321 -0.885  0.017 -0.083  0.495  0.000  0.000
C        0.000  0.000  1.071  0.000  0.000  0.000  0.000  0.000  0.000 -0.679  0.000  0.000 -0.243  0.000  2.214  0.000  0.000  0.000  0.000  0.000  0.000
D        1.115  0.000 -0.655  1.211  1.693  0.044  0.000  0.656  2.209  0.401  0.000  0.000  0.345  1.094  2.575  1.635 -0.396  0.448  0.000  0.309  0.000
E       -0.263  0.000 -0.257  1.032 -0.024  0.121 -0.429  0.043  0.406 -0.161  0.081 -0.112 -0.268  0.000  0.847  0.057 -0.018  0.327 -0.351 -0.329  0.000
F        0.000  0.000  0.863 -1.952  0.000  0.000  0.000  0.000 -0.575  0.000  0.000  0.000 -0.219  0.000  0.000 -0.341 -0.092 -0.016  0.000  1.418  0.000
G       -0.721  0.000  0.000  0.234  0.000  0.000  0.000 -0.672  3.664  0.653  1.203  0.000  0.335  0.143 -1.779 -0.081  0.641 -3.550  0.000  0.000  0.000
H       -1.302  0.000  0.000  0.000  0.000  0.000  0.000  0.000  0.000  0.000  0.000  0.000 -0.090  0.000 -0.850  0.091  0.000  0.000  0.000  0.000  0.000
I       -0.389 -0.953 -0.242 -0.866  0.312  0.000  0.000 -0.293  1.750  0.145  0.000 -0.391 -0.095  0.000 -0.278 -0.485 -0.342 -1.774  0.000  0.000  1.239
K       -0.476  0.000  0.818  0.108  1.976  0.000  0.000  0.613  0.061 -0.216 -1.368  1.063 -0.016  0.706 -0.490 -1.206  0.260 -0.343  4.437  3.060  0.000
L        0.189  2.467 -1.364 -0.027 -1.202  0.184  0.081  0.037  0.204 -0.462  0.000 -0.229 -0.584 -0.263 -0.888 -0.259 -0.323 -0.617  0.000  0.316  0.000
M        0.000  0.000 -0.521  0.000  0.000  0.015  0.000  0.394  0.000 -1.809  0.000 -0.554 -0.203  0.394  0.000 -0.417  1.006  0.648  0.000  0.000 -0.390
N        2.300  0.000  0.265  0.000  0.966  0.000  0.000 -1.461  1.546  0.211 -0.298  0.000  0.977  0.000  1.369  0.000 -1.148 -0.979  0.000  1.735  0.000
P       -0.219 -0.701  0.243  0.391  1.728 -0.338 -0.580  0.727  0.228  0.086  0.388  0.648 -0.128  0.747  1.360  0.404 -0.134  0.513  0.389  0.335  0.000
Q       -1.425  0.000  1.172 -0.334 -1.057  0.465  0.000  0.255 -0.864  0.370  0.000  0.428 -0.077  0.000 -0.562 -1.072 -0.269 -0.231  0.000  0.000  0.000
R        0.413  0.000 -0.203 -0.181  1.011  0.000  0.000 -0.228 -0.216  0.316  0.000 -1.186 -0.028 -0.573  0.898 -0.098 -0.248  1.511  0.000 -1.152 -2.410
S        1.719  0.000  0.519  1.539 -1.362  0.000  0.000  0.647  0.844 -0.657  0.523  0.583  0.411  0.246  1.958  0.450  0.483  0.130  1.174  0.000  0.000
T        0.800  2.030  1.297  3.191 -1.358 -0.128  0.000  0.765  0.485  0.413  0.229  0.000  0.134  0.000  2.339  0.775  0.559  0.648  0.000  0.000  1.166
V       -0.210 -3.057  0.907 -0.241  0.000 -0.858  0.456 -0.420 -0.838  0.224  0.000  0.274 -0.119 -0.328 -0.245 -0.046  0.639 -0.110  0.000  0.000  0.000
W        0.000  0.000  0.000 -0.768  0.000  0.000  0.000  0.000  0.000  0.000  0.000  0.000  0.000 -0.987  0.000 -0.304  0.000  0.000  0.000  0.000  0.000
Y       -1.750  0.000 -0.025  0.000  0.000  0.000  0.000  0.000 -0.320  1.097  0.000 -0.294  0.989  0.000 -1.691 -0.548  0.000 -1.041  0.000  0.000  0.000
X        0.000  0.000 -0.776  0.000  0.000  0.000  0.000  0.000  0.000  0.000  0.000  0.000 -0.128 -0.869  0.000  0.671  0.000  0.000  0.000  0.000  0.000
