i-1/i     A      C      D      E      F      G      H      I      K      L      M      N      P      Q      R      S      T      V      W      Y      X
A       -0.338  0.000  0.758 -0.005  0.000  0.000  0.000  0.000 -0.769  0.076  1.753  0.365 -0.361 -0.447 -0.528 -0.204 -0.838  0.251  0.000  0.000  0.000
C        0.000  0.000  0.585  0.000  0.000  0.000  0.000  0.000  0.000 -0.258  0.000  0.000 -0.350  0.000 -1.146  0.000  0.000  0.000  0.000  0.000  0.000
D        0.543  0.000 -0.047  0.247  0.051  0.000  0.000  0.767 -0.246 -0.244  0.000  0.000  0.088 -0.232 -0.701  0.641  0.785 -1.618  0.000 -0.536  0.000
E       -0.469  0.000 -0.904  0.251 -0.226  0.000 -0.417 -0.185  0.412 -0.682 -0.773 -0.297  0.284  0.000  0.296 -1.191 -0.224  0.238  0.396  0.000  0.000
F        0.000  0.000  1.622  0.342  0.000  0.000  0.000  0.000 -0.111  0.000  0.000  0.000  0.645  0.000  0.000  0.507 -0.669  0.557  0.000  2.396  0.000
G       -0.373  0.000  0.000  0.616  0.000  0.000  0.000 -0.611 -0.831  0.157 -1.648  0.000 -0.131 -0.478 -0.078 -0.289 -0.007  0.590  0.000  0.000  0.000
H        0.000  0.000  0.000  0.000  0.000  0.000  0.000  0.000  0.000  0.000  0.000  0.000 -0.536  0.000 -0.105 -0.344  0.000  0.000  0.000  0.000  0.000
I       -0.056  0.212 -0.012 -0.176 -1.036  0.000  0.000 -1.230  0.542 -0.203  0.000 -1.432  0.009  0.000  0.009  0.141  0.950 -0.028  0.000  0.000  2.358
K       -0.461  0.000 -0.169 -0.150 -0.357  0.000  0.000  0.309  0.210  0.297  0.369 -0.548  0.295 -0.972 -0.420 -0.185 -0.161  0.539  0.000 -0.610  0.000
L       -0.022  1.303 -0.068 -0.071  1.106  0.000  0.148  0.205 -0.173  0.138  0.000  1.058 -0.088 -0.543  0.429  0.006  0.499 -0.382  0.000 -0.597  0.000
M        0.000  0.000 -0.041  0.000  0.000  0.000  0.000  0.477  0.000 -0.972  0.000 -0.266 -0.111 -0.920  0.000 -0.935 -0.613 -0.045  0.000  0.000 -0.699
N       -0.141  0.000  0.045  0.000 -2.077  0.000  0.000 -0.199 -3.597  0.039 -0.898  0.000  0.441  0.000 -0.675  0.000  0.888  0.784  0.000  0.534  0.000
P        0.014  0.000 -0.279  0.035  0.189  0.000 -0.227 -0.284 -0.565 -0.204  0.516 -0.475 -0.019 -0.632 -0.477 -0.056 -0.825 -0.374  0.355 -0.319  0.000
Q        0.575  0.000 -0.759 -0.670  0.000  0.000  0.000  0.090 -0.649 -0.546  0.000  0.377  0.115  0.000 -0.210 -1.270 -0.060  0.306  0.000  0.000  0.000
R        0.304  0.000 -0.465  0.471  0.923  0.000  0.166  0.741  1.000 -1.025  0.000 -0.348  0.162 -0.507  0.123 -1.316 -0.542 -0.372  0.000 -1.886 -4.061
S       -1.415  0.000 -1.409 -0.911 -0.674  0.000  0.000 -0.353 -0.871  0.798 -0.482 -0.409 -0.369 -0.760 -0.810 -0.396 -0.440 -0.225 -1.057  0.000  0.000
T        0.326 -1.307  0.341 -1.259 -0.166  0.000  0.000 -0.139 -0.471 -0.817 -1.483  0.000  0.217  0.000 -0.303 -0.172 -0.010 -0.478  0.000  0.000  1.246
V       -0.465  0.000  0.761 -0.146  0.000  0.000 -0.767 -0.443 -0.253  0.231  0.000 -0.797  0.269 -0.607  0.006  0.139 -0.212 -0.417  0.000  0.000  0.000
W        0.000  0.000  0.000  0.363  0.000  0.000  0.000  0.000  0.000  0.000  0.000  0.000  0.000  0.360  0.000  0.516  0.000  0.000  0.000  0.000  0.000
Y        2.639  0.000 -0.253  0.000  0.000  0.000  0.000  0.000  0.098  1.692  0.000 -0.109  0.866  0.000 -0.542 -0.081  0.000  0.113  0.000  0.000  0.000
X        0.000  0.000  0.000  0.000  0.000  0.000  0.000  0.000  0.000  0.000  0.000  0.000 -0.705  0.000  0.000 -0.287  0.000  0.000  0.000  0.000  0.000
