i-1/i     A      C      D      E      F      G      H      I      K      L      M      N      P      Q      R      S      T      V      W      Y      X
A        0.127  0.000 -0.119  0.000  0.000  0.000  0.000  0.000  0.082 -0.039  0.000  0.000 -0.040 -0.067 -0.216 -0.131  0.000 -0.031  0.000  0.000  0.000
C        0.000  0.000  0.000  0.000  0.000  0.000  0.000  0.000 -0.133  0.000  0.000  0.000 -0.218  0.000  0.000  0.000  0.000  0.000  0.000  0.000  0.000
D        0.193  0.000  0.000  0.000  0.000  0.000  0.000  0.000  0.000 -0.213  0.000  0.000 -0.013  0.000  0.000  0.061  0.000  0.188  0.000  0.000  0.000
E        0.000  0.000  0.196  0.000 -0.016  0.000  0.000 -0.008 -0.118  0.141  0.000 -0.279 -0.027 -0.468  0.056 -0.043  0.021 -0.131  0.000  0.000  0.000
F       -0.446  0.000 -0.055  0.151  0.000  0.000  0.000  0.300 -0.068  0.000  0.000  0.000 -0.161  0.000  0.123 -0.129  0.000 -0.235  0.000  0.000  0.000
G        0.111  0.000 -0.084 -0.065  0.038  0.000  0.000 -0.251  0.000 -0.011  0.000  0.510 -0.056 -0.171 -0.090  0.167  0.000 -0.164  0.000  0.000 -0.087
H        0.000  0.000  0.000  0.000  0.000  0.000  0.000  0.000  0.000  0.161  0.000 -0.388  0.180  0.000  0.000  0.000  0.196  0.000  0.000  0.000  0.000
I       -0.155  0.000 -0.126 -0.128  0.000  0.000  0.000 -0.136  0.000 -0.017  0.000 -0.001  0.023 -0.120 -0.142 -0.052  0.000  0.073  0.000 -0.308  0.025
K        0.040 -0.023 -0.113 -0.064 -0.147  0.000  0.044 -0.357 -0.058  0.023  0.000  0.000  0.043  0.000 -0.053 -0.013 -0.055  0.044 -0.470 -0.106  0.180
L       -0.014  0.000 -0.140 -0.084  0.714  0.000 -0.038  0.292  0.008 -0.005  0.000 -0.065 -0.122  0.065 -0.205  0.072  0.032  0.031  0.000  0.464  0.000
M       -0.619  0.000  0.000 -0.146  0.000  0.000  0.000  0.000  0.000 -0.281  0.000  0.000  0.117  0.002  0.067 -0.086  0.000  0.014  0.000  0.000  0.000
N        0.000  0.000  0.000  0.000  0.000  0.000  0.000  0.000  0.000 -0.069  0.000  0.221  0.032  0.201  0.000  0.168  0.000 -0.214  0.000  0.000  0.000
P       -0.076  0.000  0.097 -0.055 -0.186  0.000  0.000 -0.087  0.005 -0.010  0.000  0.017 -0.010 -0.101 -0.047 -0.026 -0.122 -0.275  0.000 -0.044 -0.077
Q        0.118  0.000 -0.285  0.072  0.000  0.000  0.000 -0.010  0.000  0.090 -0.669  0.000 -0.009  0.000  0.000  0.000  0.085  0.000 -0.265  0.000  0.000
R       -0.006  0.000 -0.071  0.000  0.000  0.000  0.000 -0.184  0.000 -0.224  0.000 -0.312 -0.088  0.000 -0.097 -0.092 -0.074  0.019  0.000  0.000 -0.647
S        0.000  0.000  0.045  0.000  0.000  0.000  0.000 -0.123 -0.531 -0.176  0.010  0.000  0.064  0.000  0.000 -0.070  0.048  0.267 -0.092  0.000  0.000
T       -0.150  0.000  0.022  0.000 -0.195  0.000  0.120  0.060  0.005  0.000  0.000  0.000  0.011 -0.209  0.151 -0.014  0.046 -0.184 -0.138  0.000 -0.071
V        0.337 -0.056 -0.104 -0.080 -0.491  0.000  0.000  0.228  0.391  0.060 -0.070 -0.018 -0.037  0.034 -0.004  0.007  0.210 -0.157  0.000 -1.042  0.000
W        0.000  0.000  0.000 -0.206  0.000  0.000  0.000  0.000  0.000  0.000  0.000 -0.213  0.199  0.000  0.000  0.000  0.000  0.000  0.000  0.000  0.000
Y       -0.083  0.000  0.000 -0.052  0.000  0.000  0.000  0.000  0.000  0.000  0.378  0.000  0.043  0.000 -0.029  0.000  0.000  0.000  0.000  0.000  0.000
X        0.000  0.000  0.000  0.000  0.000  0.000 -0.375  0.000 -0.162  0.000  0.000  0.000 -0.009  0.000 -0.226 -0.318 -0.360  0.000  0.000  0.000  0.000
