i-1/i     A      C      D      E      F      G      H      I      K      L      M      N      P      Q      R      S      T      V      W      Y      X
A        0.570  0.000  1.344 -0.720  0.000 -1.401  0.000  0.000 -0.531  0.247  0.000  0.000  0.000  0.894  2.987  0.139 -1.609 -1.069  0.000  0.000  0.000
C        0.000  0.000  0.000  0.000  0.000  0.000  0.000  0.000  1.224  0.000  0.000  0.000  0.000  0.000  0.000  0.000  0.000  0.000  0.000  0.000  0.000
D       -1.687  0.000  0.000  1.528  0.000  0.000  0.000  0.000  0.000  1.242  0.000  0.000  0.000  0.000  0.000 -0.738  0.000 -5.006  0.000  0.000  0.000
E       -1.596  0.000  1.789  0.000 -1.957 -0.236  0.000 -1.295 -1.510  0.236  0.000  1.554  0.000  1.324  0.772 -0.012 -1.202  0.768  0.000  2.992  0.000
F        0.071  0.000 -2.119 -0.073  0.000  0.000  0.000  0.000 -0.251  0.000  0.000  0.000  0.000  0.000  0.989  0.627  0.000  0.392  0.000  0.000  0.000
G        1.464  0.000 -0.991  2.034  0.000 -2.303  0.000  2.152  0.000 -2.331  0.000  3.533  0.000  0.485  0.000 -0.452  0.000 -2.324  0.000 -0.183  0.000
H        0.000  0.000  0.000  0.000  0.000  0.000  0.000  0.000  0.000 -0.219  0.000 -2.199  0.000  0.000  0.000  0.000 -0.097  0.350  0.000  0.000  0.000
I       -0.214  0.000 -2.024  3.041  0.000  0.000  0.000  3.817  0.723 -1.695  0.000  1.739  0.000  0.798  0.856 -2.014  2.252 -3.690  0.000  0.001  0.000
K        1.761  5.038  0.773  1.074  2.227 -0.693  1.131  0.713 -0.440  1.152  0.000  0.435  0.000  0.000  2.125  1.768  0.102 -0.364  0.203  2.525  0.248
L       -0.830  0.000 -0.845 -0.091 -2.820 -0.521 -1.073  1.252  1.679 -2.352  0.000  1.107  0.000 -0.264  0.000 -0.455 -1.488  1.036  0.000  1.726  0.000
M        0.066  0.000  0.000  0.184  0.000  0.000  0.000  0.000  0.000  0.645  0.000  0.000  0.000 -0.484  0.334  2.438  0.000  1.776  0.000  0.000  0.000
N        0.000  0.000  0.000  0.000  0.000  0.000  0.000  0.000  0.000 -3.816  0.000  0.000  0.000  3.691  0.000 -0.211  0.306  0.120  6.561  0.000  0.000
P       -0.219  0.000 -0.470  0.980  1.682 -0.821  0.000 -0.279 -0.919  0.055  0.000  0.052  0.381  0.872 -0.754  1.078 -1.778  0.349  0.000  2.177  0.000
Q       -1.270  0.000 -1.030  1.374  0.000  0.000  0.000 -0.114  0.000  0.073  0.714  0.000  0.000  0.000  0.000  0.000 -0.150  0.000  0.831  0.000  0.000
R        0.886  0.000  0.646 -0.231  0.000  3.778  0.000  1.252  5.850 -0.443  0.000  0.906  0.000  0.000  1.620  0.041 -4.965 -0.393  0.000  0.000  2.015
S       -2.043  0.000  2.883  0.000  1.232  0.000  0.000  1.600 -0.391  0.000 -0.063  0.000  0.000  0.000  0.000  1.717 -1.677 -0.524 -1.217  2.277  0.000
T        0.294  0.000  2.100  1.650  5.995  0.320  2.862  1.883  4.778  0.000  2.368  0.000  0.000  1.966  1.300  1.782 -0.784  3.982 -2.032  0.000  2.856
V       -0.106 -0.149  0.612  0.068  4.761 -1.541  0.000 -2.256 -1.026  0.933 -1.427 -0.369  0.000  1.115  3.485 -2.069 -1.840  0.553  0.000  5.943  0.000
W        0.000  0.000  0.000  0.193  0.000  0.000  0.000  0.000  0.000  0.000  0.000 -3.236  0.000  0.000  0.000  0.000  0.000  0.000  0.000  0.000  0.000
Y        0.794  0.000  0.000 -1.307  0.000  0.000  0.000  0.000  0.000 -1.465 -0.475  0.000  0.000  0.000  0.000  0.532  0.000  0.000  0.000  0.000  0.000
X        0.000  0.000  0.000  0.000  0.000  0.000  1.035  0.000  2.445  0.000  0.000  0.000  0.000  0.000  0.000  0.000  3.179  0.000  0.000  0.000  0.000
