i-1/i     A      C      D      E      F      G      H      I      K      L      M      N      P      Q      R      S      T      V      W      Y      X
A        1.921  0.000 -0.325 -1.526  0.000 -3.523 -1.450  1.017 -2.962 -0.936  0.000 -1.247  0.000  1.117 -0.390  0.312 -0.207  1.003  0.000  0.000  0.000
C        0.000  0.000  0.000  0.000  0.000  0.000  0.000 -0.024  0.000  1.781  0.000  0.000  0.000  0.000  0.000  0.000  0.295  2.085  0.000  0.000  0.000
D       -0.182  2.411  1.613  1.529 -2.257  0.000  0.000  0.047 -2.626  0.543 -0.567  0.501  0.000 -0.769  1.425 -0.164  0.746 -2.592  0.000 -1.066 -1.429
E       -0.710  0.000 -0.236  1.278 -4.544 -0.045  0.000 -0.378  0.268  0.220  0.000  0.000  0.000 -0.932 -0.996 -0.711 -0.252  0.659 -6.708  0.000  0.000
F        0.000  0.000 -4.278 -3.780  0.000  0.000  0.000 -0.568  1.397 -0.239  0.000  2.168  0.000  2.296 -0.859 -2.798  7.355  0.000  0.000  0.000  0.000
G       -0.039  0.000  0.205 -2.048  0.000  0.000  0.000  0.000  0.000 -2.790 -2.191  0.000  0.000  1.097  0.000  0.000  1.060  2.416  0.000  0.000  0.000
H        0.000  0.000  0.000  1.462  0.000  0.000  0.000  0.000  0.000  0.900  0.000  0.000  0.000  0.000 -1.386  0.205  0.000 -0.655  0.000  0.000  0.000
I        0.907  0.000  0.937 -1.165  0.000 -4.404  0.000 -1.589 -0.648  2.134 -1.791  0.807  0.000  1.569  1.711 -0.200 -2.512 -0.333  0.000  0.000  0.000
K        1.058  0.000  0.235 -1.337  0.239  0.328  0.000  0.477  0.717  0.145  0.000  1.761  0.000  0.068 -0.256 -0.945  1.513 -0.615  0.000 -4.544 -3.560
L        1.916 -0.781 -1.351 -0.053  0.000 -1.305  0.000  0.529 -0.969 -0.425  3.375  1.323  0.000 -0.134  1.801 -0.854  0.465  1.343  0.000 -1.549 -1.355
M        2.157  0.000  0.000 -1.714  0.000  0.044 -3.032  0.000  1.751  0.000  0.000  0.094  0.000  0.000  0.000 -3.693 -1.844  0.000  0.000  0.000  0.000
N       -0.133  0.000  0.000 -0.502  0.000  0.000  0.000 -0.880  2.111  0.073  0.000  0.000  0.594  3.332  0.209 -1.221  0.000  4.520  4.967  1.877  0.000
P       -0.362  0.209 -0.107  0.451  1.276  1.036  1.881  1.110  0.629 -0.196  2.259  3.797  2.194 -1.446 -0.393  1.003  1.363  1.104  0.000  1.693  1.512
Q        0.623  0.000 -1.216  0.000  0.000  2.181  0.000 -2.218  1.246  0.829 -0.966  0.000  0.000  0.000  1.452 -0.770  0.000  1.280  0.896  0.000  2.956
R        1.386 -1.685  1.952 -0.434  0.000  1.098 -1.234 -0.692  1.167 -1.035  0.000 -1.251  0.000  0.258 -1.690  1.075 -0.480 -0.208  0.000 -7.460  0.000
S       -1.854  0.000  0.690 -2.727 -0.850  5.066  0.000 -0.882  3.053  0.514  0.081  0.000  0.000  1.060  0.788  0.764 -1.808 -0.350 -1.051  1.270  1.039
T        2.050  0.000 -1.848  4.426 -2.087  0.440  0.000  0.520 -0.802  0.143 -0.626  0.443  0.000 -0.594  0.010 -1.634 -1.418 -0.756  0.000 -4.023  0.000
V        1.944  0.000  0.580 -2.331 -0.759 -0.049  0.000 -1.589  0.385 -0.462 -0.782 -2.842  0.000  0.928 -1.751 -0.479 -0.862 -0.768  0.000  1.333 -2.666
W        3.222  0.000  0.000 -3.429  0.000  0.000  0.000  0.000 -0.284  0.000  0.000  0.000  0.000  0.000  0.000  0.128  0.000  0.000  0.000  0.000  0.000
Y        0.000  0.000 -2.293 -0.726  1.661  0.000  0.000  0.000  4.455 -0.339  0.000 -4.216  0.000  0.000  2.796  0.000  0.000  0.000  0.000  0.000  0.000
X        0.000  0.000  0.000  0.000  0.000  0.000  0.000 -2.256 -5.176  0.000 -0.458  2.154  0.000  0.000 -1.797  0.000  0.156  0.000  0.000  0.000  0.000
