i-1/i     A      C      D      E      F      G      H      I      K      L      M      N      P      Q      R      S      T      V      W      Y      X
A       -1.549  0.000 -0.477 -2.480  0.000 -1.756  0.000  0.421  0.412 -0.468 -0.905 -3.376  0.000 -1.794 -1.934 -1.433  0.772 -1.653 -0.681  0.000  0.000
C        0.000  0.000 -2.740  0.000  0.000  0.000  0.000  0.000  0.000  0.651  0.000  0.000  0.000  0.000  0.000  0.000  0.000  0.000  0.000  0.000  0.000
D        0.321  0.000 -0.765 -0.077 -0.508 -0.108  0.000  0.949  0.388  0.299  0.000  0.000  0.000  0.384  2.119  1.935 -2.873 -0.284  0.000  0.310  0.000
E        0.415  0.000 -0.958  1.606 -0.774  1.880  1.559  1.983  1.550  0.504 -0.237 -1.212  0.000  0.000  2.727  0.789 -0.278 -0.728  2.667  0.294  0.000
F        0.000  0.000  3.644 -1.341  0.000  0.000  0.000  0.000  2.179  0.000  0.000  0.000  0.000  0.000  0.000 -0.334  0.491  0.039  0.000  3.379  0.000
G       -2.096  0.000  0.000 -1.281  0.000  0.000  0.000  0.754 -6.721 -2.593 -1.946  0.000  0.000 -4.147 -4.684 -3.761 -2.238  0.000  0.000  0.000  0.000
H        0.002  0.000  0.000  0.000  0.000  0.000  0.000  0.000  0.000  0.000  0.082  0.000  0.000  0.000  0.832 -0.845  0.000  0.000  0.000  0.000  0.000
I        5.212  3.572  3.102  4.578  3.581  0.000  0.000  4.278  3.920  4.607  0.000  4.772  0.000  3.639  3.858  4.686  0.715  4.571  0.000  0.000  2.243
K       -0.402  0.000 -1.606  1.533  5.726  0.000  0.000  0.938 -0.704  0.502  1.024  1.040  5.594 -0.963  0.872 -1.903  0.139 -0.533  6.561  5.650 -1.748
L       -1.213  0.504  1.002 -0.082 -2.277  2.744  3.043  1.075  0.066 -0.123  0.000  2.286  0.000  2.304 -0.291  0.904 -0.882  3.503  0.000  2.191  0.000
M        0.000  0.000  0.765  0.000  0.000  0.577  0.000  0.000  0.000  2.592  0.000  0.000  0.000  2.264  0.000 -1.732  1.159 -0.343  0.000  0.000  1.681
N       -3.568  0.000  0.002  0.000  1.656  0.000  0.000  0.005 -0.284 -1.054 -0.178  0.000  0.000  0.000 -2.523  0.000 -4.649 -0.081  0.000 -0.252  4.072
P       -1.238 -1.337 -0.555  0.461  1.625 -1.992 -1.901 -1.428 -0.753 -0.814 -0.281 -1.050  0.083 -0.410  1.003 -0.831 -2.914 -1.079 -1.343  1.010 -2.738
Q        1.689  0.000 -0.247  1.683 -2.462  5.428  0.000  3.407  2.134 -1.712  0.000  1.681  0.000  0.000  2.406  1.041  0.082  1.684  0.000  0.000  0.000
R        0.404  0.000  1.492 -2.966 -1.962  0.000  2.282 -0.182 -0.261  0.645  0.000 -2.081  0.000  2.628  0.771  1.728  0.672  0.885  0.000  2.024  0.420
S       -0.625  0.000 -0.904 -0.792  1.140  0.000  0.000 -1.367 -0.545 -0.178 -0.553 -1.545  0.000  0.197  1.282 -0.747  0.983 -0.788  1.972  0.000  0.000
T        1.994  0.764  0.932  0.817  7.272  3.874  0.000  1.549  2.893  1.642 -0.721  0.000  0.000  0.000  0.495  0.829  1.077  2.089  0.000  0.000  0.122
V        3.864  2.411  1.098  3.462  0.000  3.764  2.204  0.609  2.901  4.340  0.000  3.971  0.000  3.407  1.812  3.805  2.487  1.341  0.000  0.000  0.000
W        0.000  0.000  0.000 -1.036  0.000  0.000  0.000  0.000  0.000  0.000  0.000  0.867  0.000 -0.822  0.000  1.547  0.000  0.000  0.000  0.000  0.000
Y       -1.944  0.000 -0.987  0.000  0.000  0.000  0.000  0.000 -0.387  0.771  0.000  1.174  0.000  0.000 -1.208  0.384  0.000  6.762  0.000  0.000  0.000
X        0.000  0.000 -0.373  0.000  0.000  0.000  0.000  0.000 -0.189  1.149  0.000  0.000  0.000  5.628  0.000 -2.777  0.000  1.919  0.000  0.000  0.000
