i-1/i     A      C      D      E      F      G      H      I      K      L      M      N      P      Q      R      S      T      V      W      Y      X
A        0.000  0.000  0.736  0.753  0.000  0.000  0.000  0.000  0.000  0.000  0.000  0.000  0.567  0.295  0.000  0.000  0.000  0.989  0.000  0.000  0.000
C        0.000  0.000  0.000  0.000  0.000  0.000  0.000  0.000  0.000  0.000  0.000  0.000  0.000  0.000  0.000  0.000  0.000  0.000  0.000  0.000  0.000
D       -1.298  0.000  0.000  0.238  0.000  0.000  0.000  0.525  0.000  0.000  0.000  0.000  0.156  0.000  0.000  0.000  0.000  0.000  0.000  0.000  0.000
E        0.000  0.000  0.461  0.000  0.000  0.000 -0.334  0.000  0.589  0.000  0.000  0.000 -0.279  0.000  0.000  0.355 -0.065  0.193  0.000  0.000  0.000
F        0.000  0.000  0.000  0.000 -0.705  0.000  0.000  0.000 -0.312  0.000  0.000  0.000  0.919  0.000  0.000  0.000  0.000  0.000  0.000  0.000  0.000
G        0.000  0.000  0.000  0.532  0.000  0.000  0.000  0.715  0.000  0.000  0.000  0.000 -0.124  0.000  0.000  0.000  0.000  0.000  0.000  0.000  0.000
H        0.000  0.000  0.000  0.000  0.000  0.000  0.000  0.000  0.000  0.000  0.000  0.000 -0.809  0.000  0.000  0.000  0.000  0.000  0.000  0.000  0.000
I        0.000  0.000  0.000  0.000  0.000  0.000  0.000  0.000 -0.286  0.273  0.000  0.000  1.233  0.000  0.000  0.000 -0.537  0.237 -0.867  0.000  0.000
K       -0.053  0.000  0.000 -0.860  0.971  0.000 -0.974  0.000  0.000  0.805  0.000  0.000  0.219  0.000 -0.121  0.143  0.000  0.721  0.000  0.000  0.000
L        1.016  0.000  0.000  0.000  0.000  0.000  0.000  0.000 -0.114 -0.321  0.000  0.676  1.122  0.699  0.000  0.000  1.157  0.592  0.000  0.000  0.000
M        0.989  0.000  0.000 -0.426  0.000  0.000  0.000  0.000  0.000  0.000  0.000  0.000  0.000 -0.983  0.000  0.350 -0.684  0.000  0.000  0.000  0.000
N        0.000  0.000  0.000  0.000  0.000  0.000  0.000  0.000  0.000  0.000  0.000  0.000 -0.828  0.000  0.000  0.000  0.000  0.000  0.000  0.000  0.000
P       -0.555  0.000 -0.477  0.141  0.000  0.000  0.000  0.000  0.281  0.564  0.000  0.411  0.176  0.000  0.000  0.479 -0.064  1.168  0.000  0.000  0.000
Q       -0.073  0.000  0.000  0.000  0.000  0.000  0.000  0.000  0.000  0.000 -0.906  0.000 -1.009  0.000  0.000  0.000 -0.724  0.000  0.000  0.000  0.000
R        0.813  0.000  0.100  0.000  0.000  0.000  0.000  0.000 -0.370  1.537  0.000 -0.370  0.011  0.000  0.000  0.000  0.000  0.239  0.000  0.000  0.000
S        0.000  0.000  0.000  0.000  0.000  0.000  0.000  0.000  0.000  0.000  0.000  0.000  0.124  0.000  0.000  0.000  0.000  0.000  0.000  0.000  0.000
T        1.280  0.000  0.000  0.000  0.000 -0.675  0.000 -0.716 -0.725  0.944  0.000  0.000  0.000  0.647  0.000  0.157  0.000  0.579  0.000  0.000  0.000
V       -0.732 -0.208  0.408  0.740  0.000  0.000  0.000  0.000  0.000  1.457  0.000  0.000  0.590  0.000  0.192  0.033  1.609  0.157  0.000  0.000 -0.578
W        0.000  0.000  0.000  0.000  0.000  0.000  0.000  0.000  0.000  0.000  0.000  0.000  1.392  0.000  0.000  0.000  0.000  0.000  0.000  0.000  0.000
Y        0.000  0.000  0.000  0.000  0.000  0.000  0.000  0.000  0.000  0.495  1.759  0.000  0.000  0.000  0.000  0.000  0.000  0.000  0.000  0.000  0.000
X        0.000  0.000  0.000  0.000  0.000  0.000  0.000  0.000  0.000  0.000  0.000  0.000  0.000  0.000  0.000  0.000  0.000  0.000  0.000  0.000  0.000
