i-1/i     A      C      D      E      F      G      H      I      K      L      M      N      P      Q      R      S      T      V      W      Y      X
A        0.000  0.000  0.125  0.000  0.000  0.000  0.000  0.000 -0.179  0.000  0.000  0.000 -0.183  0.295 -0.342 -0.094  0.000 -0.138  0.000  0.000  0.000
C        0.000  0.000  0.000  0.000  0.000  0.000  0.000  0.000  0.000  0.000  0.000  0.000  0.000  0.000  0.000  0.000  0.000  0.000  0.000  0.000  0.000
D       -0.392  0.000  0.000  0.000  0.000  0.000  0.000 -0.318  0.000  0.000  0.000  0.000 -0.184  0.000  0.000  0.000  0.000  0.000  0.000  0.000  0.000
E        0.000  0.000  0.118  0.000  0.000  0.000  0.000  0.000 -0.150 -0.148  0.000 -0.185 -0.098  0.000  0.000 -0.139  0.060 -0.207  0.000  0.000  0.164
F        0.000  0.000 -0.078  0.000  0.375  0.000  0.000  0.000 -0.193  0.000  0.000  0.000 -0.020  0.000 -0.059  0.028 -0.319  0.319  0.000  0.000  0.000
G        0.052  0.000  0.000  0.256  0.000  0.000  0.000 -0.151  0.000 -0.097  0.000  0.000 -0.204  0.000  0.000  0.000  0.000  0.000  0.000  0.000  0.000
H        0.000  0.000  0.000  0.000  0.000  0.000  0.000  0.000  0.000  0.000  0.000  0.000  0.138  0.000  0.000  0.000  0.000  0.000  0.000  0.000  0.000
I        0.000  0.000 -0.145 -0.254  0.000  0.000  0.000 -0.191  0.133 -0.115  0.000  0.048  0.059  0.000 -0.021 -0.121  0.000 -0.091  0.000  0.000  0.000
K       -0.100  0.000 -0.217  0.229  0.000  0.000  0.005 -0.324 -0.234 -0.132  0.000  0.000 -0.090  0.000 -0.207 -0.003 -0.097 -0.149  0.000  0.000  0.000
L       -0.195  0.000 -0.129 -0.001  0.000  0.000 -0.080 -0.298 -0.165  0.015  0.000 -0.217 -0.146 -0.037  0.051  0.005  0.275  0.090  0.000  0.000  0.000
M        0.000  0.000  0.000 -0.198  0.000  0.000  0.000  0.000  0.000  0.000  0.000  0.000  0.000 -0.159  0.000 -0.282  0.000  0.000  0.000  0.000  0.000
N        0.000  0.000  0.000  0.000  0.000  0.000  0.000  0.000  0.000  0.000  0.000  0.000  0.020  0.000  0.000  0.000  0.000  0.000  0.000  0.000  0.000
P        0.161  0.000  0.000 -0.165  0.000  0.000  0.000  0.018  0.086 -0.192  0.000 -0.043 -0.020 -0.008 -0.146 -0.085 -0.156 -0.384  0.000  0.000  0.000
Q        0.000  0.000 -0.049 -0.044  0.000  0.000  0.000  0.000  0.000 -0.051  0.000  0.000 -0.047  0.000  0.000  0.000 -0.042  0.000  0.000  0.000  0.000
R        0.147  0.000  0.000  0.000  0.000  0.000  0.000 -0.062 -0.081  0.076  0.000  0.000 -0.106  0.000  0.000 -0.147  0.000 -0.031  0.000  0.000  0.000
S        0.000  0.000  0.000  0.000  0.000  0.000  0.000 -0.036  0.000  0.000 -0.031  0.000  0.058  0.000  0.000 -0.218  0.000  0.145 -0.230  0.000 -0.127
T       -0.364  0.000 -0.046  0.000  0.000  0.000 -0.021 -0.138  0.046 -0.036  0.000  0.000  0.139  0.000  0.059  0.015  0.000 -0.147  0.000  0.000  0.000
V        0.301  0.099 -0.071 -0.097  0.000  0.000  0.000 -0.081  0.351 -0.062  0.000  0.000  0.078  0.000  0.177 -0.046  0.061  0.000  0.000  0.000 -0.053
W        0.000  0.000  0.000 -0.224  0.000  0.000  0.000  0.000  0.000  0.000  0.000  0.000  0.000  0.000  0.000  0.000  0.000  0.000  0.000  0.000  0.000
Y        0.000  0.000  0.000 -0.025  0.000  0.000  0.000  0.000  0.000 -0.031  0.401  0.000  0.050  0.000  0.000  0.000  0.000  0.000  0.000  0.000  0.000
X        0.000  0.000  0.000  0.000  0.000  0.000  0.000 -0.109 -0.158  0.000  0.000  0.000  0.000  0.000  0.000  0.000  0.256  0.000  0.000  0.000  0.000
