i-1/i     A      C      D      E      F      G      H      I      K      L      M      N      P      Q      R      S      T      V      W      Y      X
A        0.231  0.000  2.722 -1.120  0.000  0.000  0.000  0.000  2.115 -0.685  0.000  0.000  0.000  2.089  0.000  1.328  0.000 -2.520  0.000  0.000  0.000
C        0.000  0.000  0.000  0.000  0.000  0.000  0.000  0.000  0.000  0.000  0.000  0.000  0.000  0.000  0.000  0.000  0.000  0.000  0.000  0.000  0.000
D        2.857  0.000  0.000  2.628  0.000  0.000  0.000  0.500  0.000  0.000  0.000  0.000  0.000  0.000  0.000  0.000  0.000  0.000  0.000  0.000  0.000
E        0.000  0.000  0.000  0.000 -3.103  0.000  0.000  0.000 -1.838  0.317  0.000  1.052  0.000  1.784  0.000 -0.377 -0.680  1.748  0.000  0.000  0.000
F        0.000  0.000  0.000  0.000 -1.147  0.000  0.000  0.000 -3.814  0.000  0.000  0.000  0.000  0.000  1.445  0.279  0.000 -0.879  0.000  0.000  0.000
G        1.989  0.000  0.000 -0.688  0.000  0.000  0.000  1.934  0.000 -2.074  0.000  0.000  0.000  0.000  0.000  0.000  0.000  0.000  0.000  0.000  0.000
H        0.000  0.000  0.000  0.000  0.000  0.000  0.000  0.000  0.000  0.000  0.000  0.000  0.000  0.000  0.000  0.000  0.000  0.000  0.000  0.000  0.000
I        0.000  0.000  0.000  2.076  0.000  2.911  0.000  0.000 -0.109 -0.249  0.000  1.742  0.000  0.000 -0.135  0.000  0.489 -2.227 -0.043  1.813  0.000
K        0.299  0.000  1.188 -0.287  0.000  0.000  5.477  1.354 -0.746  1.982  0.000  0.000  0.000  0.000  2.981  1.110  1.336 -1.573  0.000  0.000  0.000
L       -1.524  0.000 -1.211  0.664  0.000  0.000 -0.639  0.000  3.152 -2.501  0.000 -0.180  0.000 -1.540 -1.631  0.067 -3.894 -0.995  0.000  0.000  0.000
M       -0.399  0.000  0.000 -0.740  0.000  0.000  0.000  0.000  0.000  0.000  0.000  0.000  0.000 -0.057  0.000 -1.033  0.000  0.000  0.000  0.000  0.000
N        0.000  0.000  0.000  0.000  0.000  0.000  0.000  0.000  0.000  0.000  0.000  0.000  0.000  0.000  0.000  0.000  3.099  0.000  0.000  0.000  0.000
P       -0.023  0.000  0.579  0.414  0.000  0.000  0.000 -1.253  1.476 -0.800  0.000  0.751 -0.263 -0.299 -0.472  1.197 -1.234 -1.032  0.000  0.000  0.000
Q        0.010  0.000 -0.412 -0.234  0.000  0.000  0.000  0.000  0.000  0.447  0.340  0.000  0.000  0.000  0.000  0.000  4.126  0.000  0.000  0.000  0.000
R        0.168  0.000  1.124  0.000  0.000  0.000  0.000  1.076  3.338  0.000  0.000  1.000  0.000  0.000  0.000  1.013  0.000 -2.208  0.000  0.000  1.616
S        0.000  0.000  0.000  0.000  0.000  0.000  0.000  0.165  0.000  0.000 -0.168  0.000  0.000  0.000  0.000  2.884  0.000  0.827 -0.667  0.000  0.953
T        2.269  0.000  2.779  0.000  0.000 -0.764  4.811  1.612  0.000 -0.182  0.000  0.000  0.000  0.715  0.782  0.108  0.000  2.842  0.000  0.000  0.000
V        0.861  0.000  0.395 -0.730  0.000  0.000  0.000 -2.921  0.206  2.104  0.000  0.000  0.000  0.000  0.398 -1.103  0.324  0.326  0.000  0.000  0.000
W        0.000  0.000  0.000 -0.374  0.000  0.000  0.000  0.000  0.000  0.000  0.000  0.000  0.000  0.000  0.000  0.000  0.000  0.000  0.000  0.000  0.000
Y        0.000  0.000  0.000 -1.797  0.000  0.000  0.000  0.000  0.000 -0.900 -1.557  0.000  0.000  0.000  0.000  0.000 -2.103  3.092  0.000  0.000  0.000
X        0.000  0.000  2.262  0.000  0.000  0.000  0.000  2.438  1.336  0.000  0.000  0.000  0.000  0.000  0.000  0.000 -1.787  0.000  0.000  0.000  0.000
