i-1/i     A      C      D      E      F      G      H      I      K      L      M      N      P      Q      R      S      T      V      W      Y      X
A        0.053  1.014  0.142  0.119  0.203  0.158  1.318  0.107  0.429  0.363  0.143  0.153 -0.140  0.056  0.259  0.279  0.673  0.435  0.503  0.428  0.787
C        0.575  0.314  0.700  0.780  0.523 -0.440  0.000  1.065  1.316  0.714  1.063  1.189  0.923  1.250  1.243  0.578  1.529  0.764  3.123  1.397  0.000
D       -0.015 -0.828  0.307  0.099 -0.076  0.226 -0.175  0.025 -0.190  0.316  1.045  0.432  0.139  0.370 -0.040 -0.028  0.010 -0.208  0.048  0.080  0.389
E        0.005  0.203  0.023  0.089  0.031 -0.016 -0.430  0.273 -0.403  0.245  0.761 -0.139 -0.059  0.257 -0.457  0.046  0.054 -0.219  0.232  0.287 -0.258
F        0.538  0.306  0.609  0.705  0.726  0.499  1.141  0.628  0.946  0.457 -0.538  0.437  0.096  0.770  0.910  0.605  0.745  0.683  0.263  0.646 -2.490
G       -0.185 -0.118 -0.214 -0.090  0.029 -0.170 -0.292  0.304 -0.012  0.234  0.637  0.054 -0.618 -0.008 -0.038 -0.071 -0.007 -0.131  1.170  0.081  0.000
H        0.468  0.793  0.396  0.173  1.053  0.297  0.073  0.484  0.392  0.582  1.190  0.709  0.447  0.464  0.026  0.636  0.819  0.630 -0.483  0.392 -0.157
I        0.514  0.535  0.588  0.811  0.382  0.397  0.882  0.397  0.948  0.286 -0.202  0.699  0.254  0.604  1.160  0.823  0.926  0.790  0.133  0.746  1.533
K        0.166  0.375  0.220 -0.025  0.567  0.324  0.716 -0.081  0.382  0.249  0.095  0.424  0.011  0.062  0.176  0.222  0.902  0.193  0.879  0.289  1.156
L        0.512  1.370  0.472  0.757  0.567  0.406  0.967  0.214  1.036  0.436  0.219  0.519  0.243  0.613  0.979  0.910  0.878  0.767  0.029  0.606  1.267
M        0.471  0.341  0.559  0.804  0.520  0.552  0.468  0.057  0.618  0.387 -0.267  0.948  0.309  0.394  0.342  0.519  0.237  0.451 -0.803  0.205  0.677
N        0.216  0.426  0.309  0.153  0.459 -0.095  0.092  0.575  0.399  0.552  0.720  0.428 -0.267  0.388  0.251  0.358  1.115  0.221  0.781  0.205 -3.040
P       -1.266 -1.869 -1.370 -1.089 -2.085 -0.258 -1.811 -2.171 -1.768 -1.160 -0.890 -0.366 -0.278 -0.834 -1.265 -0.439 -1.516 -2.100 -0.892 -0.764  0.000
Q        0.073 -0.479  0.194  0.372 -0.229  0.060  0.252  0.262 -0.079  0.267  0.361  0.835  0.023  0.352 -0.229  0.134  0.738  0.010 -0.441  0.081  1.268
R        0.211  0.273  0.320 -0.147  0.540  0.349  0.527  0.278  0.469  0.413  0.453  0.500  0.247  0.184  0.407  0.239  0.756  0.313  0.916  0.476 -1.065
S        0.039 -0.362 -0.089  0.214  0.067 -0.058  0.115  0.290  0.163  0.323  0.044 -0.084 -0.145  0.174  0.241  0.166  0.310 -0.064  0.418 -0.261 -1.360
T        0.391  1.515  0.072  0.310  0.594  0.034 -0.174  0.565  0.409  0.435  1.478  0.321 -0.013  0.398  0.335  0.089 -0.029  0.255 -0.027 -0.072  0.946
V        0.421  1.495  0.348  0.561  0.187  0.430  0.717  0.132  0.666  0.314 -0.225  0.724  0.020  0.225  0.636  0.348  1.049  0.566 -0.422  0.834  2.848
W        0.641  0.000  0.363  0.694  0.875  0.312  1.482 -0.351  0.572  0.564  0.310  0.949  0.430  0.720  0.255  0.588  0.154  0.386  0.336  0.060  0.000
Y        0.543  0.894  0.781  0.586  0.392  0.295  0.306  0.557  0.692  0.383  0.227  0.606 -0.110  0.442  0.758  0.436  0.834  0.485  0.267 -0.086  2.789
X        0.891  0.000  0.665  1.260  2.866  0.000 -1.829  2.075  0.775  0.774 -0.088  1.806  0.000  0.909  0.494  1.563  1.976  1.501  0.000  0.594  0.737
