i-1/i     A      C      D      E      F      G      H      I      K      L      M      N      P      Q      R      S      T      V      W      Y      X
A        0.153  0.852  0.272  0.363  0.431  0.437  0.243  0.051  0.373  0.306  0.288  0.496 -0.055  0.330  0.269  0.240  0.761  0.279  0.322  0.126 -0.087
C        0.470  0.000  0.619  0.229  0.397  0.155  0.425  0.178  0.080  0.056 -0.733  0.692 -0.182  0.165  0.440  0.844  0.833  0.138  0.255  0.000  0.000
D        0.206  0.318  0.126  0.283  0.087  0.079  0.201  0.360  0.306  0.265  0.460  0.023  0.228  0.270  0.252  0.100  0.427  0.364  0.649  0.408  0.078
E        0.296  0.279  0.374  0.217  0.421  0.022  0.697  0.250  0.323  0.292  0.344 -0.127  0.066  0.344  0.166  0.065  0.730  0.378  0.298  0.480  0.397
F        0.223  0.505  0.323  0.347  0.767  0.088  0.158  0.019  0.594  0.411 -0.106  0.502  0.434  0.451  0.500  0.434  0.600  0.414 -0.271  0.299  4.253
G        0.207  0.451 -0.187  0.055 -0.430  0.326 -0.008  0.097  0.190  0.137  0.288  0.131  0.039 -0.176  0.161  0.380  0.900 -0.012  0.644 -0.065  0.000
H        0.452  1.521  0.300  0.170  0.126  0.427  0.511  0.451  0.373  0.463  0.411  0.356  0.579  0.435  0.313  0.789  0.255  0.494  0.407  0.073  0.000
I        0.222  0.390  0.301  0.145  0.889  0.186  0.363  0.226  0.355  0.365  0.485  0.518  0.030  0.261  0.264  0.389  0.470  0.207 -0.099  0.694 -1.036
K        0.181  1.089  0.164 -0.014  0.320  0.267  0.374  0.171  0.108  0.310 -0.054  0.278 -0.259  0.169  0.312  0.322  0.625  0.423 -0.041  0.219  0.021
L        0.165  1.573  0.282  0.269  0.056  0.094  0.395  0.260  0.424  0.358  0.337  0.561  0.243  0.328  0.307  0.258  0.634  0.316  0.749  0.409 -0.590
M        0.319  0.800  0.347  0.439  0.550  0.259  0.167  0.518  0.291  0.223  0.441  0.705  0.127  0.267  0.383  0.478  0.700  0.321  0.509  0.750  2.989
N        0.138 -1.013 -0.049  0.167  0.204  0.063  0.359 -0.024  0.159  0.322  0.131  0.183  0.071  0.389  0.370  0.501  0.193  0.211  0.098  0.159  0.471
P       -0.852  0.000 -2.059 -1.401  0.311 -0.750  0.000 -2.192 -0.483 -0.835 -2.467 -0.436 -0.915 -2.214  0.006 -0.103 -1.944 -0.461 -2.009 -1.656  0.000
Q        0.216  0.428  0.168  0.227  0.593  0.525  0.634  0.334  0.473  0.472  0.301 -0.012  0.159  0.268  0.410  0.333  0.719  0.598  0.388  0.356  0.762
R        0.258  0.984  0.053  0.197  0.478  0.193  0.636  0.333  0.133  0.311  0.300  0.162 -0.138  0.445  0.330  0.735  0.766  0.132  0.129  0.270 -0.366
S        0.262  0.884 -0.064  0.066  0.315  0.401 -0.385  0.433  0.035  0.411  0.231  0.195 -0.218  0.342  0.158  0.003  0.405  0.304  0.014  0.077  1.128
T        0.224  0.072  0.211  0.249  0.653  0.148  0.610  0.431 -0.011  0.405  0.062  0.635  0.076  0.092  0.328  0.625 -0.344  0.233  0.196  0.204  1.611
V        0.132  0.763  0.199  0.288  0.389  0.077  0.130 -0.237  0.330  0.177  0.308  0.531 -0.026  0.266  0.259  0.346  0.448  0.339  0.241  0.604  1.762
W        0.142 -1.551  0.028  0.150 -1.053  0.354  0.538 -0.461  0.627  0.572 -0.070  0.445  0.076  0.584  0.686  0.488  1.156  0.572 -0.840  0.520  0.000
Y        0.315  0.410  0.435  0.217  0.331  0.273  0.919  0.859  0.393  0.387  0.022  0.389 -0.067  0.306  0.448  0.348  0.939  0.687 -1.142  0.306  0.000
X        0.290  0.000 -0.099  0.087  0.000  0.759  0.422  1.418 -0.752  0.278  1.034 -0.718  0.422  0.500 -0.289 -0.597  0.403  0.558  0.117  0.694  0.000
