i-1/i     A      C      D      E      F      G      H      I      K      L      M      N      P      Q      R      S      T      V      W      Y      X
A        0.286 -0.111  0.045  0.151  0.039  0.123  0.411  0.080  0.096  0.175 -0.036  0.030  0.368  0.057  0.236 -0.055  0.023  0.222 -0.132  0.017 -1.035
C       -0.195  0.396  0.206  0.297 -0.322  0.313 -0.569 -0.208  0.191  0.007 -0.635  0.532 -0.259  0.330 -0.439 -0.145  0.136  0.305 -0.414 -0.806  0.000
D       -0.123 -0.501  0.183  0.269  0.460  0.066  0.019  0.153  0.134  0.091  0.192 -0.660  0.306  0.212 -0.215  0.036 -0.270  0.119 -0.143  0.438  1.286
E        0.216  0.573  0.174  0.355 -0.068 -0.273  0.062 -0.051  0.196  0.018 -0.234 -0.132  0.385  0.212 -0.111 -0.007  0.271  0.043  0.396  0.154 -1.310
F       -0.099 -0.065  0.063  0.225  0.246  0.158  0.168 -0.195  0.126  0.127  0.255  0.246 -0.283 -0.032 -0.102 -0.168 -0.039 -0.070  0.256  0.596  0.000
G       -0.279 -0.343  0.202  0.098  0.481 -0.077  0.748 -0.230  0.012 -0.150  0.234  0.155 -0.010 -0.045 -0.026 -0.112 -0.248 -0.102 -0.825 -0.200  0.708
H       -0.337 -0.135 -0.392 -0.011 -0.623 -0.154 -0.081  0.641 -0.201 -0.486 -0.192  0.052  0.000 -0.405  0.188  0.147  0.050 -0.029 -0.535 -0.232 -1.329
I        0.293  0.339  0.160  0.138 -0.057 -0.280  0.310  0.037  0.129  0.073  0.651  0.445 -0.561  0.026  0.266  0.227  0.054  0.135  0.557  0.320 -0.911
K        0.169  0.700 -0.176  0.053  0.072 -0.008 -0.450  0.036 -0.039  0.100  0.098 -0.170  0.337  0.137 -0.125 -0.026  0.042  0.177 -0.806 -0.342 -0.967
L        0.195 -0.487  0.129  0.171  0.418  0.140  0.393  0.268  0.147  0.252  0.274  0.345  0.384 -0.034  0.244  0.033  0.107  0.132  0.511 -0.206  1.445
M        0.015 -0.248 -0.006  0.231  0.052 -0.753  0.714 -0.231  0.375 -0.080  0.176  0.035  0.346  0.153  0.128  0.386 -0.373  0.188  0.030 -0.928  0.029
N        0.032 -0.329 -0.012 -0.271 -0.156 -0.026 -0.322 -0.287 -0.328 -0.200 -0.644 -0.559  0.000 -0.082 -0.141 -0.280 -0.280 -0.231  0.531 -0.096  0.971
P        0.377  0.624  0.239  0.331  0.229  0.230  0.835  0.247 -0.047  0.230 -0.251  0.341  0.481  0.225  0.565  0.463 -0.023  0.024 -0.349  0.436  0.816
Q       -0.008 -0.531  0.011  0.021 -0.235 -0.017 -0.060  0.114  0.274 -0.006  0.315 -0.277  0.377  0.009  0.094  0.198 -0.063 -0.122  0.250  0.178 -0.623
R        0.245 -0.067 -0.193 -0.095 -0.224  0.086 -0.022  0.212  0.089 -0.045 -0.243 -0.049  0.117  0.069  0.055  0.111  0.275  0.222  0.000  0.022 -0.010
S       -0.210 -0.194  0.108 -0.261 -0.106 -0.152 -0.204 -0.218 -0.358 -0.332 -0.451 -0.049 -0.308  0.038 -0.172 -0.422 -0.139 -0.042 -0.220 -0.275 -0.336
T       -0.110  0.506  0.255 -0.283 -0.389 -0.115 -0.438 -0.315 -0.146 -0.046 -0.112 -0.737  0.662 -0.122  0.250 -0.630 -0.449 -0.303 -0.167 -0.152 -0.841
V        0.146  0.202  0.464  0.201  0.075  0.012 -0.346  0.277  0.241  0.162  0.202  0.498  0.384  0.119  0.027  0.145  0.135 -0.060  0.377  0.183  0.269
W        0.034  1.097  0.515  0.080  0.217  0.117  1.609  0.012  0.297  0.685  0.204 -0.186  0.155  0.068 -0.164 -0.146  0.291 -0.164 -0.202  0.670  0.000
Y       -0.040  0.147  0.456  0.056 -0.078  0.123 -0.276 -0.042 -0.003  0.233 -0.142  0.365  0.320  0.056  0.036  0.288  0.262 -0.250  0.800 -0.287 -0.363
X        0.140  0.000  0.120  0.138 -1.647  0.000  0.000  0.277  0.735 -0.970  0.643  0.942  0.000 -0.097 -0.358  0.377 -1.105 -0.657  0.000 -0.674  0.000
