i-1/i     A      C      D      E      F      G      H      I      K      L      M      N      P      Q      R      S      T      V      W      Y      X
A        0.014 -0.166 -0.026 -0.009 -0.064  0.000 -0.008 -0.051 -0.012  0.011 -0.021 -0.037  0.020 -0.004 -0.067 -0.002 -0.074 -0.041 -0.050 -0.041  0.211
C       -0.085 -0.273 -0.002 -0.047 -0.113  0.000 -0.123 -0.123 -0.007  0.000 -0.223 -0.016  0.099  0.030  0.029 -0.033 -0.089 -0.015  0.129  0.056 -0.246
D       -0.004 -0.064 -0.089 -0.063  0.115  0.000 -0.107 -0.011 -0.030 -0.019  0.040 -0.090  0.055 -0.149  0.003 -0.076 -0.048 -0.059  0.039 -0.205 -0.115
E        0.031 -0.024 -0.023 -0.041 -0.004  0.000 -0.074 -0.059 -0.021 -0.013  0.055 -0.100  0.075 -0.042 -0.037 -0.055 -0.049 -0.043 -0.231 -0.093 -0.019
F        0.013  0.081  0.015  0.054  0.016  0.000 -0.060  0.031  0.026  0.041  0.048  0.114 -0.065  0.007  0.009  0.018 -0.019 -0.077  0.070  0.101  0.023
G        0.024  0.000 -0.021 -0.032 -0.062  0.000  0.159 -0.018  0.007 -0.019  0.024 -0.034 -0.066 -0.000 -0.055 -0.050 -0.065  0.018  0.280 -0.074  0.000
H        0.035 -0.111 -0.039 -0.042  0.035  0.000 -0.049 -0.042 -0.016  0.011  0.137 -0.112  0.053 -0.004 -0.077  0.023  0.029  0.046 -0.017 -0.003 -0.472
I       -0.030 -0.094  0.037  0.023  0.036  0.000  0.078 -0.036 -0.004  0.038 -0.008  0.100 -0.006  0.094 -0.015 -0.019 -0.074 -0.038 -0.123  0.022  0.261
K        0.024 -0.038 -0.043 -0.032 -0.049  0.000  0.025 -0.013 -0.048 -0.059  0.034 -0.081  0.038 -0.005 -0.031 -0.042 -0.031 -0.098  0.017 -0.101 -0.082
L       -0.037 -0.046  0.036  0.034 -0.034  0.000  0.007 -0.076 -0.016 -0.010 -0.025  0.014 -0.013  0.045 -0.005  0.001 -0.073 -0.064  0.109  0.027 -0.199
M        0.036 -0.123  0.040  0.014 -0.099  0.000 -0.064 -0.042  0.025 -0.003  0.140  0.042  0.125 -0.031 -0.018  0.026 -0.071 -0.049 -0.062 -0.018 -0.103
N        0.000 -0.162 -0.081 -0.070 -0.035  0.000 -0.089  0.004 -0.056 -0.050  0.023 -0.016 -0.034 -0.077 -0.022 -0.080 -0.069 -0.046  0.029 -0.147  0.000
P       -0.016 -0.184 -0.033  0.065  0.000  0.000  0.000 -0.123 -0.018 -0.116  0.000  0.000  0.000 -0.240  0.086  0.083  0.132  0.196  0.000  0.000  0.000
Q        0.011 -0.196 -0.003  0.008  0.059  0.000 -0.017 -0.032 -0.008 -0.033  0.058 -0.084 -0.068 -0.008 -0.014 -0.016 -0.056 -0.080  0.069  0.004 -0.023
R        0.019 -0.018 -0.003 -0.041 -0.088  0.000 -0.074  0.002 -0.050 -0.004  0.026 -0.068  0.019 -0.027 -0.027 -0.041 -0.076 -0.079 -0.071  0.013  0.350
S        0.040 -0.061 -0.027 -0.040 -0.193  0.000 -0.014 -0.085 -0.032 -0.028  0.040 -0.090  0.050  0.008 -0.003 -0.044 -0.027 -0.013 -0.088 -0.132 -0.089
T        0.020  0.158  0.024 -0.004 -0.115  0.000  0.090  0.071 -0.015 -0.030  0.073 -0.037 -0.013  0.019  0.042 -0.065  0.033  0.057 -0.178 -0.139  0.282
V       -0.013 -0.080  0.031  0.018 -0.021  0.000 -0.107  0.014  0.044 -0.037 -0.125  0.039 -0.042  0.035 -0.034 -0.057 -0.057 -0.065 -0.044 -0.078  0.016
W        0.032  0.154  0.018  0.005  0.109  0.000 -0.047  0.014 -0.078  0.007  0.131  0.069  0.214 -0.057  0.094  0.022 -0.187 -0.030  0.055  0.119 -1.392
Y        0.052  0.226  0.053 -0.072 -0.009  0.000 -0.055  0.022 -0.010  0.031  0.087 -0.017  0.071  0.018  0.035 -0.008 -0.102 -0.014  0.165 -0.009  0.075
X        0.006  0.328  0.086  0.018  0.123  0.000  0.000  0.120 -0.038  0.031  0.000  0.029 -0.042  0.025 -0.150  0.050  0.138  0.073 -0.337 -0.113  0.047
