i-1/i     A      C      D      E      F      G      H      I      K      L      M      N      P      Q      R      S      T      V      W      Y      X
A        0.040  0.097  0.074  0.050  0.087  0.013  0.211  0.010  0.114  0.045  0.007  0.031  0.000  0.093  0.084  0.052 -0.038  0.100 -0.059 -0.047  0.245
C        0.051  0.344 -0.092 -0.024  0.154  0.073  0.000  0.261  0.290  0.234  0.288  0.187  0.000  0.037  0.297  0.330  0.380  0.456 -0.005  0.243  0.000
D       -0.106 -0.177 -0.022 -0.133 -0.273  0.143 -0.095 -0.191 -0.144 -0.141 -0.010 -0.134  0.000 -0.094 -0.108 -0.042 -0.100 -0.361 -0.013 -0.176  0.240
E       -0.063 -0.221 -0.021 -0.075 -0.090  0.120 -0.001 -0.052 -0.060 -0.017 -0.025  0.059  0.000 -0.021 -0.157 -0.046  0.062 -0.204 -0.138 -0.067 -0.037
F        0.195 -0.027  0.173  0.255  0.299  0.181  0.234  0.053  0.249  0.155  0.038  0.051  0.000  0.393  0.287  0.186  0.123  0.124  0.348  0.208  0.255
G       -0.056 -0.313  0.003  0.021  0.013  0.094 -0.098  0.022 -0.078  0.141  0.164  0.139  0.000  0.017  0.136 -0.047 -0.030 -0.050  0.013 -0.097  0.400
H        0.235  0.361  0.061 -0.054  0.122  0.128  0.260  0.154 -0.086 -0.066  0.198  0.294  0.000 -0.057 -0.050  0.097 -0.068  0.161  0.024  0.090 -0.272
I        0.189  0.066  0.109  0.219  0.192  0.195  0.211  0.108  0.207  0.118  0.089  0.128  0.000  0.146  0.157  0.033  0.055  0.067  0.068  0.197 -0.031
K       -0.072  0.010 -0.070 -0.065 -0.131  0.009 -0.052 -0.125 -0.066 -0.041 -0.046  0.098  0.000 -0.053 -0.044  0.058  0.057 -0.152 -0.068 -0.282 -0.120
L        0.178  0.013  0.162  0.227  0.109  0.165  0.096  0.132  0.236  0.150  0.142  0.145  0.000  0.168  0.222  0.174  0.175  0.126  0.116  0.106 -0.040
M        0.155 -0.002  0.014  0.202  0.211  0.067  0.130  0.154  0.108  0.115  0.137  0.395  0.000  0.133  0.059  0.301  0.164  0.246  0.735  0.116 -0.265
N        0.044  0.282 -0.048 -0.106 -0.092 -0.163 -0.040  0.020 -0.092 -0.066 -0.050  0.136  0.000 -0.062 -0.009  0.013 -0.007 -0.112  0.020  0.125  0.010
P       -0.037 -0.307  0.256 -0.360 -0.569 -0.228 -0.504 -0.212 -0.350 -0.693 -0.367 -0.828  0.000 -0.430 -0.527 -0.541 -0.337 -0.624 -0.545  0.205 -0.220
Q       -0.078  0.310 -0.080  0.024  0.007  0.090 -0.087 -0.025 -0.009  0.033  0.003  0.059  0.000 -0.014 -0.075 -0.034  0.047  0.068 -0.135 -0.046  0.567
R        0.037 -0.302 -0.095 -0.028 -0.048  0.025 -0.018  0.067 -0.021 -0.081 -0.043  0.152  0.000  0.084 -0.052 -0.024 -0.024 -0.008 -0.245 -0.036  0.173
S        0.082 -0.094 -0.007 -0.031  0.001  0.036 -0.039  0.013  0.004 -0.036 -0.149  0.059  0.000  0.072  0.163  0.104  0.044 -0.056  0.082  0.032 -0.135
T        0.196  0.672  0.069  0.105  0.220 -0.038  0.103  0.160  0.141  0.111  0.061  0.107  0.000 -0.072  0.068  0.019  0.180  0.276  0.271  0.111 -0.156
V        0.164 -0.055  0.091  0.181  0.230  0.240  0.240  0.152  0.180  0.118  0.168  0.118  0.000  0.187  0.133  0.166  0.046  0.111  0.027  0.265  0.269
W        0.149  0.631 -0.083  0.415 -0.056  0.212  0.453 -0.242  0.057  0.070  0.207  0.202  0.000 -0.178  0.104  0.473  0.111 -0.059  0.183  0.271  0.000
Y        0.003  0.067 -0.027  0.097 -0.005 -0.064 -0.207  0.196  0.269  0.045  0.231  0.395  0.000 -0.005  0.189  0.217  0.207  0.075  0.088  0.141  0.412
X        0.244 -0.999  0.485  0.113  0.087  0.000  0.085  0.452  0.271  0.110  0.138  0.249  0.000  0.225 -0.018 -0.073  0.505  0.555  0.000 -0.277 -0.444
