i-1/i     A      C      D      E      F      G      H      I      K      L      M      N      P      Q      R      S      T      V      W      Y      X
A        0.214  0.622  0.107  0.024  0.210 -0.162 -0.927 -0.180  0.044 -0.033 -0.105 -0.030 -0.238 -0.268 -0.188  0.007  0.077 -0.290  0.000  0.424  0.000
C        0.000  0.000 -0.218 -0.426 -1.349  0.100  0.000 -0.116 -0.163 -0.592  0.000  0.695  0.006 -0.835 -0.685 -0.674 -0.014  0.172  0.000  0.000  0.000
D        0.039  0.866  0.204 -0.083 -0.323 -0.176 -0.398 -0.027  0.342  0.211  0.294  0.271 -0.074  0.296  0.228 -0.091 -0.247 -0.455  0.145  0.399 -0.143
E        0.250 -1.232  0.172 -0.076  0.138  0.011 -0.430  0.591 -0.242  0.237  0.430  0.479  0.161 -0.412 -0.035  0.540  0.169  0.418  0.000  0.507 -0.204
F       -0.188  0.000  0.063  0.501  0.000 -0.026  0.000  0.240  0.018  0.105 -0.821 -0.160 -0.059 -0.156  0.205 -0.345  0.080  0.083  1.043  1.272  0.000
G        0.189  0.552 -0.022  0.230  0.911 -0.014 -0.326  0.484  0.063  0.475  0.502  0.221  0.393  0.411 -0.043  0.407  0.333  0.091  0.345  0.617  1.324
H        0.480  0.965  0.161  0.536 -0.676  0.204 -0.180 -0.182  0.391  0.517 -0.472  0.000  0.615  0.731  0.111  0.366  0.551  0.577  0.889  1.097  0.000
I       -0.004  0.788 -0.003  0.005 -0.158  0.519 -0.358  0.296 -0.285  0.353  0.159  0.494  0.075  0.252  0.115  0.086  0.669  0.306 -1.396 -0.205  0.000
K        0.242  0.000 -0.056  0.144  1.507 -0.072 -0.853  0.241  0.035  0.189  0.744  0.333 -0.016  0.002  0.155  0.386  0.415 -0.008 -0.402 -0.043  0.000
L       -0.136  0.283  0.116  0.268  0.452  0.362 -0.061  0.474 -0.028  0.562 -0.120  0.339 -0.021  0.170  0.028 -0.222  0.424  0.428  0.565  0.243  0.000
M        0.568  0.000  0.383  0.375  0.334  0.058  0.173 -0.068  0.205  0.441  0.161  0.244  0.755  0.554 -0.332  0.618  0.250  0.593  0.000  0.000  0.000
N       -0.231 -0.987  0.121  0.212 -0.749  0.202 -0.792 -0.175  0.132  0.228  0.116  0.140  0.238 -0.072 -0.184  0.003  0.635  0.158  0.948 -0.071  0.112
P        0.000 -0.903  0.000  0.000  0.000  0.000  0.000  0.000  0.000  0.000 -1.103  0.000  0.000  0.000  0.000  0.000  0.000  0.000 -1.492  0.000 -0.777
Q        0.302  0.857  0.167  0.297  0.010  0.148 -0.845  0.394  0.421  0.051  0.430 -0.093  0.077  0.193  0.303  0.123  0.502  0.156 -1.358 -0.328 -0.628
R       -0.136  0.185  0.239  0.051 -0.115  0.185 -0.360  0.351  0.233  0.011  0.282  0.239  0.165  0.123  0.350  0.105  0.266  0.101  0.000  0.529  0.000
S        0.151 -1.036  0.446  0.185  0.142  0.057 -0.015 -0.056 -0.003 -0.063  0.087  0.339  0.078  0.123 -0.106  0.232  0.172 -0.121 -0.540 -0.203  0.000
T       -0.163  0.000  0.477 -0.004 -0.544  0.106  0.109 -0.040 -0.014 -0.220  0.065  0.325  0.259 -0.000  0.015  0.148  0.455  0.270  1.470 -0.573 -0.469
V        0.011  0.000  0.285 -0.022  1.331  0.440 -0.637  0.878  0.305 -0.147  0.243  0.278  0.128 -0.385 -0.035  0.007  0.097  0.285 -0.256  1.047  0.000
W       -0.727  0.000  0.009 -0.547  0.000  0.111  0.000  0.000  0.547  0.000  0.370  0.033  0.383  0.103 -0.491 -0.893  0.007 -0.146  0.168 -0.973  0.000
Y       -0.584  0.000 -0.417 -0.741 -0.267  0.010  0.000 -0.131  0.174  0.469  0.000  0.244  0.339  0.480  0.373  0.303 -0.175  0.713  0.000  0.840  0.000
X       -0.208  0.000  0.477  0.000  0.000 -0.459  0.000  0.000 -0.146  0.411  0.000  0.190 -0.536  0.000  0.000  0.416 -0.422  0.000  0.000  0.000  0.000
