i-1/i     A      C      D      E      F      G      H      I      K      L      M      N      P      Q      R      S      T      V      W      Y      X
A       -0.292  0.536  0.053  0.047 -0.113  0.000 -0.768  0.037  0.037  0.167 -0.324 -0.418 -0.184 -0.610  0.080 -0.230 -0.260 -0.154 -1.063  1.106  0.000
C       -0.383  0.000 -0.943  0.000  0.000  0.000  0.000  1.127 -0.154 -0.395  0.000  0.000 -0.041  0.000  0.142 -0.413  0.000  0.000  0.022 -1.272  0.000
D        0.065  0.000 -0.432  0.085  0.626  0.000  0.181  0.033 -0.203 -0.178  0.112  0.218 -0.274 -0.856  0.133 -0.098  0.052 -0.194  0.120 -0.220 -0.675
E        0.007  0.000 -0.063 -0.154 -0.165  0.000  0.684 -0.481  0.324  0.001 -0.675 -0.463 -0.039  0.124  0.634 -0.337  0.049 -0.472  0.981 -0.669  1.418
F        0.375  0.000 -0.300  0.035  0.040  0.000 -0.181  0.000  0.368  0.663  0.716 -0.571  0.670 -0.159  0.063  0.111 -0.132  0.101 -0.157 -0.471  0.000
G       -0.125  0.000 -0.353  0.035 -0.504  0.000  0.204  0.097  0.215 -0.050  0.068  0.035  0.001  0.555  0.175 -0.073 -0.091  0.244  0.000  0.847 -2.692
H       -0.086  0.000 -0.434 -0.385  0.000  0.000 -0.192 -0.390  0.304 -0.846 -0.357 -0.443  0.289 -0.013  0.255 -0.223  0.189 -0.351 -0.053 -0.323  0.000
I       -0.006  0.000 -0.628  0.533  0.315  0.000  0.868  0.924  0.575  0.477  0.469  0.267  0.029 -0.680  0.952  0.136  0.330  0.231 -0.887 -0.877  0.000
K       -0.336  0.000 -0.378 -0.081 -0.800  0.000  0.115 -0.103 -0.106 -0.231 -0.616 -0.325 -0.158 -0.556  0.144 -0.395 -0.266 -0.103 -0.635  0.348  0.000
L       -0.025  0.000  0.035  0.190 -0.103  0.000  0.101 -0.502  0.182  0.534 -0.257  0.168  0.012 -0.159 -0.158  0.237  0.060  0.185  0.940 -0.299  0.181
M       -0.089 -0.677  0.147  0.280  0.000  0.000  0.614 -0.224  0.444 -0.264  0.000 -0.105 -0.910  0.014  0.368  0.174  0.000  0.000  0.000 -0.072 -1.726
N       -0.670  0.000 -0.808  0.320  0.025  0.000 -1.094 -0.231  0.327  0.128  0.015 -0.221  0.060  0.226  0.102 -0.065 -0.157 -0.061 -0.175 -0.380  0.000
P        0.172 -0.512 -0.149  0.264 -0.913  0.000 -1.156  0.101 -0.489 -0.020 -1.133 -0.807 -0.052  0.577  0.297 -0.376 -0.175 -0.049 -0.384 -0.693  0.000
Q       -0.377 -0.505 -0.145 -0.059 -0.635  0.000  0.759 -0.577 -0.152 -0.131 -0.408  0.047  0.009 -0.096  0.063 -0.371 -0.115 -0.348  0.326 -0.124  0.000
R        0.059  0.000  0.173 -0.112  0.252  0.000 -0.315  0.251  0.164  0.163  0.000  0.682  0.061  0.258 -0.061 -0.270 -0.353  0.046 -0.476  0.021  0.000
S       -0.414  0.159  0.029 -0.202  1.130  0.000  0.139 -0.321 -0.094  0.083 -0.256 -0.226  0.185 -0.232  0.150 -0.182 -0.208  0.045 -0.157  0.758  1.690
T        0.164 -0.317 -0.368 -0.176  0.526  0.000  0.000  0.266  0.138  0.097 -0.217 -0.035  0.175 -0.234  0.083  0.169 -0.259 -0.006 -0.572  0.841  0.000
V       -0.182  0.000 -0.224 -0.210  0.515  0.000  0.294  0.254  0.297  0.453  0.285 -0.419 -0.033  0.568  0.700 -0.011 -0.425  0.236  0.000  0.193  1.487
W        0.700 -0.666  0.120 -0.157 -0.553  0.000  0.000  0.000  0.748 -0.204  0.000  0.000 -0.278  0.000  0.000  0.418  0.000 -0.460  0.000  0.000  0.000
Y        0.443  0.000 -0.172  0.048  1.078  0.000  0.000  0.344  0.681 -0.662 -0.965  0.083 -0.417 -0.460  0.031  0.005 -0.018 -0.482  0.000  0.353  0.000
X        0.570  0.000  0.000  0.854  0.000  0.000  0.000  0.000  0.000  0.000  0.000  0.000  0.226  0.803  0.000 -0.645  0.110  0.000  0.000  0.000  0.000
