i-1/i     A      C      D      E      F      G      H      I      K      L      M      N      P      Q      R      S      T      V      W      Y      X
A        0.303  0.000  0.399  0.238  0.200 -0.103 -1.263  0.666  0.157  0.184  0.000  0.420 -0.022 -0.927 -0.112  0.101 -0.190  0.095  0.352 -0.445  0.000
C       -0.832 -0.256  0.145  0.000  0.000  0.636  0.000  0.000  0.745  0.679  0.000  0.000 -1.199  0.000  0.172  0.000  0.073  0.000  0.000  0.000  0.000
D       -0.465  0.000  0.149 -0.224  0.076  0.229 -0.999  0.181  0.068 -0.016 -0.154 -0.085 -0.293  0.117 -0.207 -0.061 -0.065  0.137  0.944  1.107 -0.326
E        0.341  0.000  0.274  0.373 -0.487 -0.016 -0.977  0.653  0.223  0.709  0.100 -0.051  0.091 -0.138 -0.118 -0.006  0.161  0.376  0.000 -0.799  0.138
F        1.089  0.000 -0.125 -0.137 -0.347 -0.039 -1.030  0.000  0.207  0.133 -0.838  0.812 -0.911 -0.207 -0.901 -0.189 -1.217 -0.001  0.000 -1.016  0.000
G       -0.085  0.000  0.206 -0.017  0.813  0.005  0.529  0.209 -0.004 -0.110  0.077  0.279  0.364  0.607  0.326  0.293 -0.083  0.057  0.000 -0.690  0.000
H       -0.295  0.000 -0.645  0.098  0.000 -0.585 -1.421  0.086  0.725  0.239 -0.548 -0.262  0.187  0.488  0.523  0.067  0.262  0.580  0.110  1.192  0.000
I        0.061  0.000 -0.203 -0.520 -0.137  0.217 -0.466 -0.278 -0.140 -0.637 -0.041 -0.069 -0.176  0.093 -0.358 -0.352 -0.424 -0.807  0.000  0.448  0.000
K        0.281 -0.309  0.298 -0.388 -0.032 -0.111  0.000  0.655  0.096  0.707 -0.645  0.168  0.263 -0.620  0.305 -0.010 -0.417  0.796 -0.337 -0.230  0.000
L        0.475  0.000  0.176  0.173 -0.009 -0.712 -1.133  0.478 -0.248 -0.364  0.157 -0.117 -0.399  0.276 -0.667 -0.082 -0.057 -0.223 -0.660  0.146  0.000
M        0.776 -0.441 -0.154  0.410  0.000  0.622  0.000  0.321 -0.342 -0.352  0.000  0.000  0.612  0.791  0.000 -0.432 -0.627  0.000  0.000  0.189  0.000
N       -0.127  0.000 -0.244  0.066  1.029 -0.090 -1.293  0.396 -0.469 -1.219  0.505 -0.001 -0.080  0.307  0.079  0.035  0.015  0.376 -0.925 -1.108  0.492
P       -0.072 -0.546 -0.479 -0.571 -1.018 -0.406 -1.243 -0.584 -0.313 -0.055 -0.025 -0.957  0.032 -0.183 -0.252 -0.309 -0.190 -0.023 -0.854  0.046  0.000
Q        1.191  0.623  0.155 -0.129 -0.794  0.034  0.064 -0.158 -0.220 -0.175  0.925  0.302  0.247 -0.009 -0.023  0.483 -0.095  0.354  0.000  0.417  0.000
R        0.209  0.000  0.582 -0.004  0.676 -0.014  0.053 -0.054 -0.673  0.387  0.827 -0.377  0.606 -0.085  0.264  0.126  0.679  0.037  0.558  0.801  0.000
S       -0.003  1.095  0.374  0.228 -0.249  0.151 -1.425  0.452  0.463 -0.154  0.180 -0.274  0.266 -0.319  0.169  0.281 -0.196 -0.041 -0.189  0.787  0.000
T       -0.006 -0.725 -0.069  0.264 -0.680  0.027 -0.833  0.165  0.043  0.209 -0.198 -0.653  0.156  0.264 -0.024 -0.091 -0.321 -0.249 -0.822  0.398  0.000
V        0.280  0.000 -0.560 -0.219 -0.740  0.117 -0.438  0.268 -0.135 -0.013 -0.244 -0.139 -0.110  0.118  0.030 -0.237 -0.019 -0.003  0.000 -1.381 -0.605
W       -0.564  0.000 -0.680  0.757  0.000 -0.994  0.000  0.000 -0.871 -1.041  0.000  0.000  0.000 -0.338  0.000 -0.392  1.429  0.000  0.000  0.000  0.000
Y        0.452  0.000 -0.154  0.096 -0.161 -0.275  0.000 -0.129  0.132  0.554  0.104  0.163 -0.330 -0.092 -0.078  0.043  0.000  0.331  0.000 -1.103  0.000
X        0.000  0.000  0.000  0.000  0.000 -0.170  0.000  0.000  0.000  0.000  0.000  0.000  0.000  0.272  0.000  0.000  0.000  0.000  0.000  0.000  0.000
