i-1/i     A      C      D      E      F      G      H      I      K      L      M      N      P      Q      R      S      T      V      W      Y      X
A        0.242  1.995 -1.692  0.032 -0.094 -0.247  3.336  0.834  0.455 -0.700  1.606  0.911  0.000  1.306 -0.834 -0.323 -0.509  1.316  0.895 -2.223  1.922
C       -2.261  0.000  0.000  0.000  0.000  0.000  0.000  0.000 -1.987  0.000  0.521  0.000  0.000  0.478  0.000 -0.340 -2.213  0.000 -2.048  0.000  0.000
D       -0.785 -0.568  1.017 -1.027 -1.772 -0.101 -0.133  1.163  0.280  0.008  0.641  1.190  0.000  0.191 -1.944  0.649  0.197  2.203  0.481 -2.085  0.000
E        0.051  0.000  0.341  0.421  1.399  0.605  1.336  1.955  1.943  0.918  0.346  1.155  0.000 -0.236  1.695  0.255  0.860  1.191  3.141  1.519 -0.353
F       -0.236  0.000  0.089 -0.217  1.357 -0.887  0.000 -1.261 -2.156  2.211  0.000 -2.023  0.000 -0.193 -2.795 -1.773  0.560  2.270 -1.602  2.998  0.000
G       -0.380 -1.472  1.465  0.617  0.280 -0.108  0.653  1.890  1.094 -0.662  1.623  0.511  0.000 -0.066  1.632  0.494 -0.429  0.394  2.646 -1.099  0.478
H        1.385  0.000 -1.206  1.626  1.167  0.328  1.007 -0.864 -1.231  0.395  0.000 -1.882  0.000  1.855 -0.753  1.624 -0.741 -0.579  0.000  0.000  0.000
I       -0.916 -1.597 -0.677 -0.973  3.594  0.246  0.645  0.701  1.096  0.411 -1.037  2.236  0.000  2.347  1.390  0.465  0.339 -0.385  0.000  0.266  0.000
K        0.228 -0.994  0.516  0.662  1.735  0.176 -0.853  0.000  0.800  1.427 -1.355  0.950  0.000  0.408  1.443  0.733  0.040  0.296  0.941  1.055  0.000
L        0.295  0.707  0.575 -0.461 -0.522 -0.128  1.476  1.023 -1.421  0.287 -0.329 -0.765  0.000  0.190  1.388  0.314  1.169  0.321 -1.181 -1.531  0.000
M       -1.321  0.000  0.374 -0.479  0.933  0.894 -0.831  0.018 -1.170  1.928  0.000 -0.843  0.000  0.000  2.444  0.026  1.311 -1.694  0.000  0.073  0.000
N       -0.068  0.000 -0.191 -0.607  1.443  0.064  0.691  1.243 -0.600 -0.479 -0.475  0.805  0.000  0.082  1.344 -0.382  1.326 -2.542  0.000 -1.660  0.000
P        0.228  0.000 -1.767  1.031 -1.500 -0.051  1.160  1.822  0.136  0.056 -0.740  0.021  0.000 -2.303 -0.465 -0.391  0.046 -0.930  0.915 -0.159  0.000
Q        0.511  0.000  1.600 -0.424 -1.308  0.898  0.000 -0.506  0.076  1.009 -0.081  0.049  0.000  0.294  0.935  1.084 -0.490  2.923 -0.180  0.379 -3.282
R        0.909  3.188  2.106 -0.138  1.865  0.362 -1.913  0.330  0.382  2.150  0.623  1.324  0.000  0.925  0.653  0.782  1.062  1.234  0.000  0.771  0.000
S       -0.428 -3.067  1.039 -0.268 -0.596  0.482  0.711 -0.293  0.088  0.031 -0.276  0.476  0.000 -0.360  0.338 -0.174  0.485 -0.323  1.604  1.375 -0.471
T        0.486  0.000  0.494  0.189  1.083 -0.676 -0.247  0.469  0.009 -0.024  0.000 -0.060  2.944  0.881  1.046  1.008  0.912 -1.775 -0.374  0.000 -0.547
V       -0.128  0.000  0.979 -1.343  0.909  0.010  1.291  1.472  0.389  0.240  2.141  0.016  0.000  1.154  0.488  0.730  0.884  1.901  1.618 -1.963 -0.706
W       -2.334  1.855  0.000  0.265  1.023  0.000  2.141  0.000  0.292 -2.423  0.000  0.000  0.000  2.023 -2.889  0.410  0.000  0.000  0.000  0.000  0.000
Y       -0.389 -2.641 -3.213 -2.341 -0.071 -2.394  2.312  1.113 -0.976  1.084  0.000 -1.403  0.000  0.399 -0.760  0.107  0.056  2.132  0.000  1.950  0.000
X        0.000  0.000 -1.134 -2.297  0.000 -0.303  0.000  0.000  0.000  0.000  1.803 -0.894  0.000  0.000  0.000 -0.964  0.000 -2.341  0.000  0.000  0.000
