i-1/i     A      C      D      E      F      G      H      I      K      L      M      N      P      Q      R      S      T      V      W      Y      X
A        0.180  0.000  0.313  0.563 -1.148 -0.517  0.218  0.324  0.642  0.807  0.321  0.640  0.000  0.998  0.396 -0.110  0.557  0.827  0.000  0.004  0.000
C       -1.862  0.000  1.739  0.409  1.181 -0.121  0.000 -1.474  0.904  0.201  0.000 -1.248  0.000  0.000  1.915  1.153 -0.519 -0.364  0.000  0.000  0.000
D       -0.463  0.541  0.902 -0.318 -0.193 -0.125  0.183 -0.041  0.069  0.709 -0.251 -0.225  0.000 -0.034  0.350 -0.618 -1.167  0.436  1.231 -0.102 -0.277
E       -0.357  0.530 -0.173 -0.007  1.161 -0.347  1.721  1.133 -0.594  0.594 -0.880 -0.924  0.000  0.159 -0.297 -0.312  0.319  0.548 -0.616  1.966  1.283
F       -0.275  0.000 -0.961  0.058  2.833 -0.933  2.698 -0.393  0.305  1.000  1.653  0.068  0.000  1.018  0.498 -0.841  1.368 -0.578  0.633  0.633  0.000
G        0.245  2.910 -0.406  0.288  0.834  0.116  1.163 -0.326  0.007 -0.251  0.113  1.323  0.000 -0.658  0.086  0.480 -1.022 -1.226  1.776 -0.388 -2.497
H       -0.014 -0.044 -1.417 -0.283  2.278 -0.630 -0.111  0.375 -0.797  1.205 -1.745  0.000  0.000  0.335 -1.022 -0.329 -1.359 -0.162  2.152 -0.371  0.000
I       -1.438  0.000  1.142  0.169 -0.876 -0.628  1.752  0.421  0.246  0.614  1.215 -0.289  0.000  0.549 -1.112 -0.336  2.004  0.856  1.511 -1.419  0.000
K       -0.102  2.196  0.788 -0.208  2.131  0.435 -0.497  0.542  0.215  0.348 -0.375  0.036  0.000 -0.486  0.558 -0.092  0.494  0.815  0.033  1.569  0.000
L       -1.159 -0.572 -1.029 -0.093  1.043 -1.005 -1.017 -0.036 -0.623 -0.885 -0.792 -1.157  0.000 -1.127 -0.500 -0.545  1.419  1.725  0.654 -1.860  0.000
M       -0.977  0.000 -0.381  0.059  0.000  0.031  0.224  2.234 -0.939  0.898  1.304 -1.538  0.000 -1.465 -0.321 -0.912  0.137  0.576  0.000  0.000  0.000
N       -0.397  1.087  1.413 -0.552 -1.579  0.343 -3.049 -0.787 -0.602 -0.328  1.118  0.673  3.572  0.780  0.112 -0.533  0.026 -0.010  0.657  0.026 -0.287
P        0.937  1.919  0.855  0.030 -0.431  0.106  0.287  1.249  1.196  0.556  0.423  0.888  0.023  0.743 -0.369  0.596  2.077  0.644  1.468  1.031  0.845
Q        0.530  0.732 -0.282 -0.865 -0.786  0.626  2.992  0.787 -0.635  0.092 -0.887 -0.664  0.000 -0.340  0.718 -0.267  0.820  1.882  2.464 -1.450  2.835
R        0.773  0.992  0.160 -0.181 -0.804  0.107  2.751  0.434 -0.415  0.829  0.149  0.423  0.000 -0.585 -0.233 -0.516 -0.017  0.057  1.727 -0.406  3.145
S       -0.118 -2.406  0.317  0.642  0.918  1.146  0.007 -1.360  0.330  0.382  0.016 -0.387  0.000 -0.835 -0.292 -0.402  0.806 -0.411 -1.034  0.909  2.434
T        0.505 -0.787 -0.202 -0.650  0.066  0.478  1.581  0.693 -0.164  0.263 -0.204  1.046  0.000  0.493  0.683  0.030  0.453  0.074  2.560  0.812  1.989
V       -0.210  0.000  0.737 -0.835  0.325 -0.906  2.511  2.048 -0.237 -0.028  1.814  0.144  0.000 -1.567  0.382  0.287  0.856  0.733 -0.169  1.258  0.000
W        0.000  0.000  1.434 -1.251  0.000 -0.183 -1.806  0.000 -1.161 -0.799  0.000  0.870  0.000 -0.142  0.448 -1.329  0.564 -1.005 -2.888 -1.210  0.000
Y       -0.222  0.000 -2.550 -0.490  3.605 -1.030  1.913  1.048 -1.064  0.409  0.000 -1.077  0.000 -0.162  0.186 -0.181  0.125  0.072  0.000 -0.561  0.000
X       -1.228  0.000  0.137  0.000  0.000  0.363  0.000  0.000  0.106 -2.503  0.000 -1.707  0.000  0.000  0.000 -0.897 -1.894  0.000  0.000  0.000 -2.287
