i-1/i     A      C      D      E      F      G      H      I      K      L      M      N      P      Q      R      S      T      V      W      Y      X
A       -0.042  0.341  0.079  0.066 -0.029 -0.022  1.063 -0.148  0.317  0.280 -0.000 -0.151 -0.272 -0.084  0.124 -0.012  0.123  0.254  0.440  0.134 -0.330
C        0.517  1.579  0.474  0.427  0.221  0.084  0.000  0.925  0.000  0.595  1.033  0.669  0.472  0.852  0.982  0.914  1.034  0.661  0.000  1.138  0.000
D       -0.204 -1.010  0.103 -0.082 -0.326 -0.061 -0.684 -0.219 -0.387  0.202  0.963  0.088 -0.039  0.228 -0.133 -0.196 -0.273 -0.306  0.407 -0.268 -0.608
E       -0.067 -0.137 -0.177 -0.041 -0.235 -0.261 -0.628  0.034 -0.544  0.147  0.502 -0.243 -0.132  0.086 -0.553 -0.195 -0.202 -0.348  0.202  0.146  0.993
F        0.408 -0.390  0.423  0.623  0.457  0.278  0.715  0.455  0.762  0.319 -0.556  0.301  0.022  0.623  0.764  0.528  0.555  0.384 -0.261  0.451  0.000
G       -0.311  0.437 -0.414 -0.163 -0.060 -0.527 -0.358  0.028 -0.258  0.095  0.550 -0.193 -0.559 -0.322 -0.032 -0.383 -0.675 -0.426  0.920 -0.222  0.000
H        0.355  0.118  0.269  0.103  0.739  0.017 -0.035  0.253  0.337  0.460  1.187  0.607  0.066  0.318 -0.150  0.307  0.118  0.341 -0.490  0.192 -0.091
I        0.441  1.063  0.404  0.642  0.221  0.166  0.407  0.242  0.728  0.120 -0.414  0.285  0.121  0.451  1.007  0.563  0.378  0.560  0.013  0.569  0.923
K        0.058  0.316  0.039 -0.144  0.241  0.114  0.302 -0.190  0.264  0.156 -0.080  0.188 -0.152 -0.119  0.042 -0.051  0.317 -0.010  0.631  0.142  1.646
L        0.420  0.732  0.255  0.621  0.375  0.212  0.576  0.112  0.872  0.310 -0.002  0.348  0.113  0.479  0.781  0.653  0.505  0.467 -0.212  0.421  2.070
M        0.375  0.093  0.366  0.613  0.547  0.147  0.572 -0.011  0.342  0.307 -0.237  0.955  0.205  0.273  0.377  0.396  0.072  0.292 -1.237  0.166  0.000
N        0.135  0.117  0.064  0.040  0.635 -0.250 -0.066  0.360  0.177  0.389  0.616  0.103 -0.393  0.234  0.188  0.063  0.521 -0.044  0.887  0.034  0.000
P        0.000  0.000  0.000  0.000  0.000 -0.480  0.000  0.000  0.000  0.000 -0.472 -0.699  0.000 -0.867  0.000 -0.753  0.000  0.000 -1.159 -1.023  0.000
Q       -0.020  0.401 -0.145  0.188 -0.537 -0.064  0.202  0.030 -0.289  0.147  0.121  0.627 -0.030  0.189 -0.454 -0.004  0.255 -0.075 -0.437 -0.035  1.301
R        0.171 -0.015  0.106 -0.229  0.314  0.154  0.129  0.081  0.278  0.309  0.514  0.208  0.115 -0.007  0.215  0.044  0.297  0.068  0.664  0.185 -1.379
S       -0.092 -1.037 -0.131  0.096 -0.250 -0.258 -0.133  0.063 -0.005  0.211 -0.036 -0.218 -0.162  0.021 -0.109 -0.108 -0.016 -0.096  0.029 -0.198 -1.750
T        0.285  0.759 -0.147  0.195  0.407 -0.171 -0.432  0.293  0.213  0.352  1.132 -0.017 -0.138  0.245  0.270 -0.263 -0.724  0.011  0.155 -0.181  2.020
V        0.323  0.820  0.146  0.380  0.208  0.243  0.340  0.072  0.455  0.202 -0.362  0.364 -0.080  0.145  0.424  0.099  0.592  0.323 -0.692  0.687  2.034
W        0.552  0.000  0.340  0.552  0.706  0.171  1.079 -0.376  0.500  0.511  0.134  0.240  0.201  0.581  0.101  0.565  0.556  0.159  0.085  0.481  0.000
Y        0.423  0.512  0.598  0.421 -0.264  0.100 -0.066  0.552  0.621  0.331 -0.033  0.451  0.030  0.150  0.494  0.174  0.574  0.417  0.169  0.023  0.000
X        0.785  0.000  0.424  0.000  0.000  0.000  0.000  0.000  0.673  0.817 -0.489  0.000  0.000  0.375 -0.163  0.000  0.000  1.162  0.000  0.000 -1.172
