i-1/i     A      C      D      E      F      G      H      I      K      L      M      N      P      Q      R      S      T      V      W      Y      X
A       -0.018 -0.183 -0.172 -0.143  0.112  0.000 -0.003 -0.035 -0.066 -0.089  0.012  0.033 -0.007 -0.085 -0.097 -0.010 -0.123  0.035  0.186  0.148  0.734
C       -0.369  0.000  0.000 -0.047  0.145  0.000  0.545 -0.402  0.098  0.318 -1.177 -0.536  0.364 -0.128  0.005 -0.031 -0.382  0.156  0.196  0.000  0.000
D        0.027  0.037  0.456 -0.048  0.142  0.000  0.229  0.001  0.144 -0.046 -0.149  0.152  0.450  0.125  0.230  0.029 -0.185  0.030  0.368  0.125 -0.480
E       -0.051 -0.201  0.218  0.059 -0.045  0.000  0.006  0.069 -0.007 -0.100 -0.081  0.098  0.112 -0.131  0.009  0.143  0.054 -0.058  0.061 -0.127  0.000
F       -0.254  0.010 -0.093 -0.173 -0.156  0.000 -0.704  0.064 -0.063 -0.268 -0.581 -0.166 -0.420 -0.121  0.097 -0.105  0.040  0.115 -0.082 -0.038  0.619
G        0.004 -0.510  0.176  0.180  0.219  0.000  0.556 -0.155 -0.238 -0.111 -0.027  0.021  0.238  0.059  0.108  0.337 -0.302  0.075  0.189  0.132  0.000
H       -0.226 -1.024 -0.404  0.110  0.088  0.000 -0.160 -0.080  0.010  0.011 -0.172 -0.190  0.365  0.080 -0.292  0.009 -0.128  0.062 -0.203  0.139  0.000
I       -0.136 -0.189 -0.207 -0.090  0.177  0.000 -0.047 -0.016 -0.001 -0.117 -0.043 -0.233 -0.201 -0.238 -0.079 -0.245 -0.098  0.191 -0.106 -0.155 -2.245
K        0.032 -0.019  0.199  0.098 -0.071  0.000  0.269 -0.004  0.012 -0.022 -0.280  0.060  0.336  0.046  0.092 -0.113 -0.046 -0.077  0.354  0.014 -0.513
L       -0.201 -0.049 -0.088 -0.126 -0.216  0.000 -0.209 -0.144 -0.014 -0.152 -0.267 -0.180 -0.144 -0.145 -0.010 -0.218  0.010 -0.031 -0.442 -0.183 -2.544
M       -0.016 -0.247 -0.120 -0.022 -0.179  0.000  0.096 -0.129  0.022 -0.073 -0.474  0.032 -0.111 -0.178 -0.080 -0.174 -0.079  0.092 -0.637  0.142  1.009
N        0.068  1.138 -0.085 -0.113 -0.091  0.000 -0.269 -0.081 -0.050  0.088 -0.038  0.130  0.182  0.219  0.046  0.017  0.049  0.134  0.242  0.371  1.472
P        0.000  0.000  0.000  0.000  0.369  0.000  0.000  1.047  0.000  0.891  0.000  0.687  0.000  0.860  0.000  0.508  0.803  0.673  1.150  0.000  0.000
Q        0.101 -0.241  0.076 -0.071 -0.055  0.000  0.137 -0.105  0.005 -0.005 -0.191 -0.126  0.252 -0.067  0.063  0.042 -0.183 -0.009 -0.182 -0.059  1.577
R        0.076 -0.167 -0.050 -0.055 -0.032  0.000  0.691  0.071  0.069 -0.026  0.367 -0.362  0.177  0.195 -0.053  0.001 -0.260 -0.049 -0.413 -0.230 -0.825
S        0.088  0.118  0.287  0.146  0.019  0.000  0.079  0.057  0.079 -0.061 -0.177  0.112 -0.095  0.198  0.097  0.208  0.004  0.025 -0.022  0.100 -0.372
T        0.075  0.055  0.321  0.010  0.191  0.000 -0.061  0.124 -0.140  0.094  0.148 -0.030  0.152  0.049  0.019  0.096  0.302  0.051  0.435 -0.105  2.846
V       -0.050 -0.603 -0.024 -0.172 -0.061  0.000 -0.020 -0.026  0.069 -0.124  0.139 -0.206 -0.011 -0.070 -0.060 -0.181  0.011  0.072 -0.545 -0.043  0.601
W        0.088  0.574 -0.341  0.233 -0.588  0.000  0.000 -0.277  0.018 -0.101 -0.232 -0.207 -0.016 -0.245 -0.049  0.090 -0.272  0.130  0.000 -0.405  0.000
Y       -0.049 -0.137  0.096 -0.022 -0.108  0.000 -0.005  0.328  0.046 -0.039 -0.246 -0.298  0.145 -0.001 -0.019 -0.099 -0.217 -0.122 -0.415 -0.065  0.000
X        0.026  0.000 -0.533 -0.340  0.000  0.000 -0.908  0.250  0.480 -0.099  0.000  0.798  0.719 -0.393 -0.095  0.000 -0.472  0.019  0.000 -0.500  0.000
