i-1/i     A      C      D      E      F      G      H      I      K      L      M      N      P      Q      R      S      T      V      W      Y      X
A        0.064  0.035  0.025  0.032  0.017  0.000  0.076 -0.026  0.063  0.046  0.072  0.065  0.141  0.036  0.035  0.006  0.024 -0.008 -0.049  0.035  0.049
C       -0.021  0.093 -0.002 -0.012  0.066  0.000 -0.061  0.031 -0.012  0.013  0.264 -0.036  0.067  0.028 -0.048  0.058 -0.021  0.005 -0.055 -0.037  0.000
D        0.094  0.152  0.082  0.071  0.048  0.000  0.104  0.046  0.108  0.051  0.090  0.118  0.089  0.077  0.063  0.046  0.059  0.102 -0.025  0.117  0.296
E        0.053 -0.020  0.050  0.062  0.099  0.000  0.087  0.016  0.095  0.085  0.066  0.087  0.081  0.055  0.100  0.051  0.086  0.070  0.032  0.123 -0.030
F       -0.061 -0.042 -0.061 -0.076  0.023  0.000 -0.082 -0.139 -0.067 -0.154 -0.087 -0.110 -0.240 -0.152 -0.097 -0.012 -0.045 -0.087 -0.118 -0.118  0.000
G        0.162  0.142  0.074  0.087  0.079  0.000  0.200  0.078  0.107  0.079  0.046  0.041  0.077  0.112  0.134  0.161  0.105  0.082  0.045  0.031  0.332
H       -0.023  0.050  0.015 -0.009  0.061  0.000 -0.022 -0.038 -0.066 -0.044  0.092 -0.013  0.000  0.101  0.065  0.050  0.176  0.023  0.093  0.015 -0.063
I       -0.015 -0.005 -0.003 -0.044  0.033  0.000  0.029 -0.091 -0.013 -0.003  0.023  0.026  0.083 -0.048 -0.018  0.006  0.047 -0.051  0.059 -0.017  0.058
K        0.092  0.120  0.040  0.062  0.171  0.000  0.185 -0.010  0.102  0.058  0.087  0.099  0.173  0.103  0.113  0.073  0.050  0.097  0.089  0.232 -0.114
L        0.006 -0.021 -0.007 -0.020  0.026  0.000 -0.061 -0.016  0.003 -0.012  0.017  0.015  0.020  0.006  0.011  0.005  0.038 -0.015 -0.041  0.032  0.238
M       -0.039  0.134  0.019 -0.046  0.114  0.000  0.047  0.139  0.060  0.020  0.006 -0.020  0.021 -0.038  0.042  0.073  0.113  0.061 -0.179  0.261  0.032
N        0.092  0.076  0.048  0.123  0.154  0.000  0.022  0.088  0.050  0.091  0.067  0.123  0.000  0.112  0.097  0.084  0.028  0.172  0.216  0.175  0.098
P        0.132  0.000 -0.007  0.065  0.116  0.000 -0.014  0.086  0.082  0.163  0.055  0.073  0.000  0.116  0.070  0.081 -0.002  0.089  0.168  0.094 -0.159
Q        0.059  0.169  0.032  0.064  0.133  0.000  0.156  0.055  0.088  0.048 -0.001  0.061  0.130  0.072  0.081  0.040  0.075  0.044 -0.037  0.132  0.103
R        0.095  0.171  0.035  0.043  0.243  0.000  0.069  0.060  0.106  0.078  0.042  0.116  0.071  0.081  0.104  0.020  0.017  0.064  0.002  0.053  0.182
S        0.127  0.059  0.048  0.113 -0.019  0.000  0.037  0.129  0.123  0.094  0.137  0.098 -0.058  0.140  0.130  0.152  0.158  0.133  0.190  0.102  0.175
T        0.028 -0.113  0.046  0.059  0.171  0.000  0.147  0.001  0.057  0.012  0.022  0.060  0.020 -0.015  0.119  0.052  0.226  0.101  0.024  0.133 -0.149
V       -0.004 -0.073 -0.015 -0.043 -0.082  0.000  0.133 -0.035 -0.041 -0.012  0.042 -0.027  0.139 -0.022 -0.049 -0.020  0.027 -0.009 -0.013 -0.074 -0.033
W       -0.077 -0.192 -0.032 -0.101 -0.120  0.000 -0.258 -0.158 -0.165 -0.236 -0.190 -0.216 -0.126 -0.143 -0.117 -0.072  0.020 -0.191  0.323 -0.112  0.000
Y       -0.086 -0.105 -0.058 -0.129  0.019  0.000 -0.087 -0.165 -0.149 -0.124 -0.016 -0.041 -0.208 -0.081 -0.051 -0.018 -0.169 -0.136  0.103  0.002 -0.082
X       -0.018  0.000  0.128  0.063 -0.119  0.000  0.000 -0.185 -0.060 -0.095  0.202  0.000  0.000 -0.066 -0.017  0.000  0.127  0.018  0.000  0.000  0.000
