i-1/i     A      C      D      E      F      G      H      I      K      L      M      N      P      Q      R      S      T      V      W      Y      X
A        0.039 -0.164 -0.034  0.047  0.005  0.045 -0.071  0.090  0.078  0.023  0.117  0.178  0.000  0.080  0.103  0.090  0.020 -0.057 -0.222 -0.073  0.062
C       -0.129  0.289  0.048  0.210  0.191  0.393  0.258  0.162  0.080  0.101  0.176 -0.200  0.000 -0.062  0.122  0.105 -0.086  0.090 -0.053  0.108  0.000
D        0.059 -0.101  0.168  0.057 -0.002  0.222  0.107  0.008  0.078  0.041 -0.036  0.025  0.000  0.014  0.032  0.175  0.130  0.046 -0.388 -0.050  0.000
E        0.021  0.273  0.100  0.144 -0.082  0.134  0.020  0.043  0.055  0.042 -0.073  0.080  0.000  0.123  0.073  0.070  0.088 -0.006 -0.007  0.174 -0.175
F        0.023  0.164 -0.139 -0.061 -0.028  0.080 -0.084 -0.098  0.128 -0.031 -0.004 -0.291  0.000  0.125 -0.047  0.172  0.002  0.085  0.116 -0.008 -0.390
G        0.045  0.000  0.190  0.079  0.107  0.070 -0.196  0.221  0.153  0.057 -0.040  0.098  0.000  0.226  0.036  0.028  0.058 -0.024  0.244  0.372  0.000
H       -0.179  0.000 -0.163  0.074  0.073  0.042  0.188  0.021  0.087 -0.061  0.148  0.038  0.000 -0.025  0.024  0.314  0.084 -0.112 -0.584  0.096  0.000
I        0.027 -0.038 -0.114 -0.127 -0.046 -0.026 -0.038 -0.012 -0.030 -0.041  0.057 -0.045  0.000 -0.013  0.072  0.078  0.002 -0.064  0.005  0.125 -0.231
K        0.135 -0.003  0.087  0.068  0.326 -0.018  0.180  0.091  0.171  0.133  0.125 -0.029  0.000  0.019  0.145  0.144 -0.030  0.130  0.113  0.149 -0.480
L        0.088  0.017 -0.119 -0.143  0.067  0.193 -0.048 -0.011  0.011  0.027 -0.036  0.012  0.000  0.039  0.000 -0.042  0.015  0.047  0.173 -0.010  0.158
M       -0.003 -0.172 -0.468  0.011  0.093  0.013 -0.189  0.143  0.068  0.190  0.099 -0.397  0.000 -0.222 -0.128  0.034  0.091  0.041  0.033 -0.030  0.058
N       -0.004  0.119  0.281  0.018 -0.094  0.108 -0.085 -0.009  0.070  0.063 -0.147  0.153  0.000  0.147  0.152 -0.035  0.013  0.062  0.078 -0.075  0.000
P       -0.129  0.086  0.002 -0.164  0.000  0.000  0.000  0.000 -0.061  0.517  0.000  0.000  0.000  0.000 -0.343 -0.087 -0.281 -0.140  0.000  0.000  0.000
Q        0.070 -0.533  0.084  0.110  0.195 -0.110 -0.075  0.098  0.045  0.083  0.061 -0.002  0.000 -0.033 -0.011  0.027 -0.004 -0.035  0.064 -0.015  0.000
R        0.072  0.110  0.105  0.161  0.106  0.230  0.015  0.175  0.064  0.118 -0.121  0.116  0.000  0.083  0.060 -0.015  0.047  0.011 -0.042  0.208  0.000
S        0.200  0.014  0.076  0.172 -0.014  0.001  0.076  0.012  0.191  0.076  0.037 -0.036  0.000  0.096  0.114  0.122 -0.046 -0.041  0.147  0.142  0.000
T        0.136  0.097 -0.015  0.042  0.106 -0.012  0.023  0.080  0.192  0.076  0.059  0.184  0.000 -0.035  0.167 -0.011  0.146  0.130  0.177 -0.290 -0.122
V       -0.000  0.071 -0.085 -0.094 -0.025  0.107  0.289 -0.009 -0.014  0.076  0.212 -0.007  0.000  0.152  0.041  0.091  0.143  0.152 -0.090  0.085  0.217
W        0.034 -0.642 -0.165 -0.146  0.397  0.050 -0.195  0.162 -0.025  0.044  0.231 -0.139  0.000 -0.113 -0.155  0.090 -0.196 -0.072  0.094 -0.342 -0.171
Y        0.018 -0.005 -0.287 -0.018  0.105  0.033  0.123  0.040 -0.057  0.068  0.040  0.049  0.000  0.125  0.059 -0.042  0.067 -0.028  0.061 -0.199  0.000
X        0.054  0.000  0.158 -0.132  0.000  0.000  0.000  0.364 -0.141 -0.178  0.000  0.215  0.000  0.139  0.000 -0.465  0.000  0.432 -0.122 -0.304 -0.305
