i-1/i     A      C      D      E      F      G      H      I      K      L      M      N      P      Q      R      S      T      V      W      Y      X
A        0.420 -0.009  0.437 -0.152  0.095  0.481  0.136  0.453  0.040  0.292  0.478  1.008  7.144 -0.063  0.362  0.499 -0.134 -0.022 -0.043 -0.278 -1.455
C        0.408  0.105  0.641  0.631  1.271 -0.588  1.454  0.407  1.196  0.776  1.124  0.976  0.000 -0.691  2.514 -0.519  0.477  0.840 -0.008  0.725  0.000
D       -0.262 -0.685  0.141  0.151 -0.789  0.193 -0.486  0.422  0.721 -0.281 -0.461 -0.077  0.000  0.719  0.410  0.041 -0.589 -0.435 -0.826  0.044  0.000
E        0.211  0.431 -0.005 -0.452 -0.510 -0.429 -0.008  0.282  0.628  0.683 -0.132  0.545  0.000  0.693  0.629  0.070  0.318 -0.090 -0.512  0.920  0.000
F        0.818 -0.117 -0.656  0.674  0.086  1.031  1.284  0.405  0.764  0.987  0.750  0.807  0.000  0.899  0.328  1.069  0.147  0.707  1.396  0.592  2.090
G        0.039  0.000 -0.365 -0.108  0.544  0.949 -0.724  0.471 -0.252 -0.091 -1.821  0.265  0.000  0.110  0.241 -0.221 -1.786  0.010  1.081  1.125  0.000
H       -0.298  0.000 -0.430  0.194  1.027 -0.269  0.761  0.380 -0.217  0.437 -0.038  0.346  4.142  1.197 -0.001  0.334  2.255  0.235 -1.035  1.243  0.000
I        0.340  2.490  0.574  0.681  0.641  1.187  0.839  0.462  0.487  0.956  0.236  0.770  0.000  1.053  0.479  1.465  1.183  0.766 -0.144  0.986 -0.537
K       -0.367  1.762  0.147  0.091  0.932  0.161 -0.083  0.272  0.098 -0.036 -0.330  0.328  4.481 -0.348  0.468 -0.336 -0.131  0.345  0.306  0.664 -1.188
L        0.793  0.919  1.013  0.610  0.838  0.480  0.989  0.516  0.610  1.016  1.273  0.496 -9.987  0.805  0.538  1.177  1.369  0.662  0.651  0.488 -0.387
M        1.203  1.467  0.345  0.847  1.271 -0.166  0.301  0.669  1.093  1.163 -0.492  0.779  0.000 -0.176  0.124  0.728  1.539  0.718  0.416  0.318 -0.343
N       -0.113 -0.562 -0.001  0.579 -0.809  0.050  1.341  0.428  0.000  0.668  0.384  1.235  0.000 -0.044  0.353  0.136  0.052  0.825 -0.110  1.039  0.000
P        0.000 -2.118  0.000  0.000  0.000  0.000  0.000  0.000 -0.071 -0.754  0.000  0.000  0.000  0.000 -2.010 -0.510  0.000 -0.170  0.000  0.000  0.000
Q       -0.077  1.334  0.307  0.535  0.121 -0.297  0.026  0.014  0.294  0.111  0.337 -0.070  0.000  0.499 -0.004  0.294  0.413  0.461  0.493  0.349  0.000
R       -0.270  0.995  0.178  0.212 -0.088 -0.094  0.295  0.864 -0.138  0.335  0.134  0.275  0.000 -0.338 -0.193  0.187  0.099 -0.401  0.009  0.595 -2.114
S       -0.205 -0.210 -0.341 -0.321 -0.142  0.214  0.339  0.083  0.077  0.031 -0.230 -0.073  0.000  0.155  0.155 -0.047 -0.783 -0.250 -1.251  0.487  0.000
T        0.160  0.770 -0.256 -0.216  0.915 -0.420 -0.418  0.076  0.259  0.023  0.291 -0.227  0.000 -0.882 -0.719  0.036  0.239  0.609  0.770 -0.047  1.842
V        0.282  0.670  1.084  0.672  1.330  1.321  0.565  0.019  0.516  0.578  0.288  0.734 -6.669  0.723  0.295  0.357  0.793  0.781  1.151  1.497  0.792
W        0.623  0.299  1.408  0.711  0.799 -0.775  1.352  1.051  0.088  0.777  0.080  1.580  0.000  0.604  0.253  0.132  1.679  1.045 -0.774  0.735  1.886
Y        0.366 -0.908  0.281  0.564  0.608  0.864  0.816  0.707  0.304  0.705  0.349  1.459  0.000  0.448  1.093  0.525  0.758  0.490 -0.540  0.181  1.089
X        0.234  0.000 -0.491  0.000  1.853  0.000  0.000  0.088  0.290  2.284  0.000 -1.254  0.000  2.052  0.000 -0.818  0.000  0.086 -2.144 -0.575  0.901
