i-1/i     A      C      D      E      F      G      H      I      K      L      M      N      P      Q      R      S      T      V      W      Y      X
A       -0.030  0.570  0.169  0.164  0.099  0.228 -0.238  0.260  0.275 -0.042  0.263  0.808  0.000  0.295  0.168  0.057  0.107  0.326  0.364 -0.063  0.510
C        0.258  2.026  0.791 -0.142  0.719  0.681  2.359  0.889 -0.460  0.910  0.684  0.193  0.000  0.214 -1.582  1.274 -0.426  0.227  0.916  0.230  0.000
D       -0.059 -1.075  0.046  0.132  0.132 -0.160  0.256  0.245  0.485  0.213  0.571 -0.487  0.000  0.563  0.311  0.001  0.031  0.226 -0.084 -0.393 -0.624
E        0.011 -0.393 -0.274  0.090 -0.038 -0.015 -0.462  0.157  0.341  0.176 -0.118 -0.134 -2.138  0.034  0.203 -0.064 -1.058  0.385  0.371  0.307  0.689
F        0.273 -0.275  0.745  0.694  0.566  0.129 -0.817  0.093  0.340  0.078  0.927  0.536  0.000  0.213 -0.479  0.624 -0.042  0.230  0.424  0.141  0.000
G       -0.063 -1.895  0.111  0.328  0.344  0.124  0.130 -0.395  0.310 -0.102  0.122  0.402  0.000  0.150 -0.310  0.178 -0.464  0.138 -0.364 -0.533  0.000
H       -0.054 -0.254 -0.395 -0.403  0.486 -1.447  0.232  0.138 -0.822  0.056 -0.453 -0.510  0.000 -0.583 -0.965 -0.768 -0.685 -0.696 -0.311  0.195  0.000
I        0.242 -0.454  0.463  0.116  0.122  0.368  0.093  0.423  0.505  0.473  0.144  0.559  0.000 -0.067  0.136  0.800  1.071  0.569 -0.140  0.619  0.948
K        0.127 -0.224 -0.504 -0.292  0.093 -0.703  0.321  0.174 -0.007  0.080 -0.536  0.175  0.000  0.056 -0.528 -0.367 -0.247  0.241 -0.647 -0.258  0.000
L        0.181  1.448  0.477  0.395  0.918  0.603  0.438  0.715  0.089  0.628  0.939  0.515 -9.656  0.169  0.162  0.649  1.062  0.255  0.955  0.379  0.755
M       -0.018 -1.139  0.858  0.262  1.052 -0.370 -0.475 -0.072 -0.454  0.703  0.903  0.637  0.000 -0.540 -0.164  0.626  0.545  0.125 -0.436  1.391  1.028
N       -0.147  2.152 -0.036 -0.248  1.001 -0.595  0.096  0.054  0.112  0.222  0.806  0.444  0.000  0.148 -0.534 -0.124 -0.969  0.384  0.293  0.515  0.000
P        1.038  0.000  1.849  0.737 -0.443  0.675  0.000 -0.257  1.793  0.327  0.061  0.000  0.000  1.366  1.669  1.100  1.800  1.628  0.793  0.677  0.000
Q       -0.202  0.283 -0.294 -0.087 -0.509 -0.634 -0.420 -0.048 -0.273 -0.043 -0.073  0.012  5.444 -0.326  0.092 -0.416 -0.033 -0.655 -0.955 -0.217 -0.453
R       -0.068 -0.393  0.007 -0.510  0.006 -0.393  1.204  0.012 -0.070 -0.110 -0.425 -0.438  0.000 -0.421 -0.154 -0.858 -0.025  0.029 -0.347  0.299 -2.017
S       -0.098 -0.486  0.158 -0.474 -0.844 -0.187  0.136 -0.339  0.209 -0.471 -0.477 -0.006  0.000 -0.579  0.179 -0.416 -1.387 -0.408 -0.428 -0.243 -1.521
T       -0.536 -1.483 -1.149 -0.427 -1.165 -0.253 -0.699 -0.399 -0.166 -0.567 -0.779  0.033  0.000 -0.017 -0.602 -0.367 -0.800 -0.270 -1.865 -0.205  1.456
V        0.218  0.250 -0.049 -0.107  1.009  0.581  0.732  0.548 -0.184  0.345 -0.088  0.247  0.000  0.375  0.088 -0.062  0.329  0.084 -0.514  0.304  1.358
W        0.394  2.060  0.243  0.338  0.871 -0.008  0.323  0.907  0.050  1.038 -0.108  1.098  0.000  0.448 -0.020  1.072 -0.738 -0.128 -0.859  0.368  0.000
Y       -0.151  2.231  0.102 -0.153  0.687  0.592  0.566  0.231 -0.151 -0.024  0.722  0.071  0.000  0.855  0.231 -0.246 -0.689 -0.242 -0.189  0.229  0.000
X        0.109  0.000 -0.915 -0.840  0.000  0.474  2.246  0.941  0.000  0.260  0.246  1.018  0.000  1.484  0.112  2.133  0.242 -0.960  0.000 -0.747  0.000
