i-1/i     A      C      D      E      F      G      H      I      K      L      M      N      P      Q      R      S      T      V      W      Y      X
A        0.002 -0.528  0.402  0.040 -0.224  0.046 -0.350  0.061  0.096  0.173  0.052  0.067  0.256 -0.314 -0.168  0.388 -0.302 -0.057 -0.013 -0.029  0.969
C       -0.380 -0.322 -0.620 -0.167  0.481  0.055  0.170 -0.185  0.025  0.072 -0.162 -0.699  0.000 -0.302 -0.252 -0.038  0.009  0.207  0.289  0.506  0.000
D       -0.022  0.497  1.585  0.293  0.051 -0.170  0.370  0.161  0.073  0.112 -0.174  0.454  0.254  0.240 -0.431  0.282 -0.003  0.127 -0.205  0.077 -1.312
E       -0.101  0.293  0.754  0.066 -0.060  0.209 -0.848  0.084 -0.064  0.054  0.324  0.109  0.788  0.065 -0.176  0.123  0.352 -0.224 -0.161 -0.225 -0.749
F       -0.110 -0.714 -0.402 -0.339 -0.119 -0.040 -0.623 -0.382 -0.322 -0.184  0.074 -0.212 -0.373 -0.131 -0.013 -0.327  0.047 -0.067  0.311  0.013 -1.180
G       -0.084 -0.447  0.088 -0.223 -0.114 -0.022 -0.180 -0.229 -0.129 -0.061 -0.246 -0.623  0.548 -0.085 -0.446 -0.036 -0.369 -0.400 -0.121 -0.788 -0.874
H       -0.110 -0.060 -0.821  0.267 -0.100  0.259  0.164 -0.105 -0.121  0.134  0.219 -0.147 -0.239 -0.004 -0.225 -0.140  0.043 -0.314  0.214  0.250  0.000
I       -0.080 -0.628  0.097 -0.019  0.038 -0.085  0.232  0.173 -0.221  0.019 -0.054  0.175 -0.240  0.009 -0.029 -0.034  0.285  0.421  0.052  0.231 -0.350
K       -0.053 -0.597  0.313  0.140 -0.173  0.031  0.022  0.197 -0.074 -0.007  0.216  0.290  0.272  0.117  0.171  0.345  0.271 -0.093 -0.047  0.068 -0.862
L       -0.322 -0.329  0.159 -0.075  0.197  0.185 -0.166  0.376 -0.007  0.013 -0.478  0.053  0.029 -0.051 -0.046  0.027  0.315  0.273 -0.286 -0.128  0.619
M        0.326 -1.198 -0.495 -0.327 -0.450 -0.342 -0.673  0.196  0.092  0.198 -0.786  0.238 -0.076 -0.199  0.107  0.073 -0.105  0.065  0.189  0.677 -0.447
N        0.173 -0.050  0.946 -0.265 -0.044  0.111 -0.436  0.051 -0.113 -0.076  0.272 -0.018  1.178 -0.156 -0.060  0.473  0.339 -0.359  0.168 -0.198 -0.803
P       -1.391  0.000 -0.961 -1.853 -1.687 -0.843 -1.628 -2.214 -1.832 -2.189 -1.655 -1.422 -0.602 -2.048 -1.616 -1.189 -1.988 -2.124 -0.544 -1.604  0.000
Q       -0.373  1.313  0.570  0.119 -0.255 -0.204  1.081  0.198 -0.184 -0.169 -0.263  0.303  0.838 -0.034  0.222  0.406  0.133  0.213 -0.566  0.166  0.389
R       -0.185  0.124  1.236 -0.040 -0.126  0.097 -0.021 -0.001  0.102 -0.006 -0.192  0.204  0.016  0.494 -0.220  0.144  0.128 -0.290 -0.244 -0.069  0.963
S        0.217 -0.255  0.961  0.197 -0.231 -0.054  0.626  0.141  0.027  0.186  0.708  0.343  0.473  0.370 -0.167  0.292  0.026 -0.189  0.415 -0.219  1.022
T       -0.001 -0.543  0.703  0.178  0.086  0.136 -0.013  0.065  0.143 -0.026  0.023  0.335  0.378  0.137  0.105  0.294  0.036 -0.218  0.163  0.242  0.241
V        0.170 -0.289  0.241 -0.099  0.077  0.062  0.103  0.203  0.076  0.018  0.044  0.078 -0.415  0.079  0.159 -0.010  0.364  0.379 -0.145  0.099  0.811
W        0.346 -1.498 -0.240 -0.177 -0.373 -0.214 -0.116  0.051 -0.132  0.242  0.022 -0.180 -0.789  0.168 -0.172  0.139  0.074  0.225  0.518  0.029  1.414
Y       -0.307 -0.751 -0.448 -0.155  0.020  0.085 -0.306 -0.067  0.150 -0.340  0.009  0.146 -0.297 -0.437 -0.525 -0.038  0.003  0.009  0.649 -0.104 -0.468
X       -0.386  0.000 -0.847 -0.160  0.662  1.025  0.508 -0.449 -0.118  0.706  0.242  0.450  0.000 -0.481  0.131 -0.684  0.615 -0.338  0.739  0.402  0.654
