i-1/i     A      C      D      E      F      G      H      I      K      L      M      N      P      Q      R      S      T      V      W      Y      X
A       -0.037 -0.822 -0.953 -0.117  0.003 -0.241 -0.238 -0.137  0.363 -0.139  0.400 -0.668 -0.822 -0.105 -0.101  0.170 -0.182 -0.059  0.120  0.118  0.185
C        0.356 -0.762  0.919 -0.067  0.283 -1.111 -0.422 -0.542  0.655  0.084 -1.054 -0.871 -0.415  0.358 -0.184 -0.026  1.130  0.024  0.124  0.148 -1.734
D        0.332 -1.046 -0.564 -0.553  0.021 -0.694 -1.274  0.158 -0.262 -0.229 -0.830 -0.084 -1.045  0.384 -0.094 -0.663 -0.197  0.225 -0.079 -0.141  0.331
E       -0.203 -0.250 -0.255  0.058  0.294 -0.833 -0.149  0.472 -0.146  0.120 -0.021 -0.472 -0.108 -0.207 -0.478 -0.454  0.030  0.334 -0.724 -0.189  0.000
F       -0.863 -1.020 -0.515 -0.526 -0.342 -1.030 -0.359 -0.668 -0.436 -0.303 -0.087 -0.791 -0.677 -0.592 -0.219 -0.532 -0.745 -0.638  0.205 -0.743 -0.155
G       -0.287 -1.111 -0.282  0.422 -0.089 -0.235 -0.341  0.190 -0.610 -0.378 -1.087 -1.002  0.761 -0.197 -0.070 -0.257 -0.552  0.152 -0.542 -0.287 -0.443
H       -0.051 -0.211 -0.674 -0.474 -0.266 -0.458  0.179  0.231  0.102  0.245 -0.920 -0.547  0.183 -0.072 -0.251 -0.428  0.356  0.214  1.235  0.230  0.000
I       -0.611 -0.821 -0.472 -0.134 -0.115 -0.449 -0.130 -0.277 -0.283 -0.095  0.011 -0.497 -1.163  0.143 -0.144 -0.611 -0.366 -0.501  0.169 -0.141  0.170
K        0.314 -0.251 -0.092  0.148  0.404 -0.220 -0.095  0.290  0.389  0.044  0.074 -0.439  0.077  0.054  0.209 -0.090 -0.132  0.558  0.167  0.127 -1.766
L       -0.381 -0.726 -0.903  0.167 -0.655 -0.962  0.006 -0.398 -0.209 -0.470 -0.481 -0.403 -0.708 -0.133 -0.160 -0.152 -0.139 -0.636  0.032 -0.355 -0.201
M       -0.343 -0.639  0.683  0.016 -0.271 -0.321 -0.533 -0.600  0.399 -0.454  0.603  0.203  0.219 -0.579  0.450 -1.632 -0.902  0.057 -1.194  0.208  2.280
N       -0.059 -0.469 -0.797 -0.338 -0.271  0.144 -0.314 -0.124  0.006 -0.184  0.728 -0.188 -0.900 -0.197 -0.158 -0.739  0.016  0.286  0.120  0.112  0.029
P        0.474 -0.524  0.338 -0.328  0.359 -0.412  0.685  0.353  0.558  0.644 -0.332  0.000 -0.225 -0.443  0.097  0.467 -0.081  0.074  1.145  1.045 -0.692
Q        0.198 -0.876 -0.614 -0.130  0.326 -0.394 -0.348  0.195  0.050  0.401  0.000  0.134  0.318  0.498  0.074 -0.120 -0.146  0.169 -1.123 -0.919  0.045
R       -0.083 -0.112 -0.562 -0.375  0.109 -0.754 -0.401  0.240 -0.023  0.087  0.049 -0.258 -0.935 -0.187 -0.216 -0.621 -0.129  0.491  0.000  0.509 -0.179
S       -0.006 -0.543 -0.095  0.008  0.041 -0.480  0.582  0.127  0.135  0.192  0.297 -0.224  0.598 -0.241  0.100 -0.221  0.017  0.398  0.438  0.540 -0.288
T        0.263  0.583 -0.470  0.152 -0.230 -0.104 -0.638  0.448 -0.008  0.046 -0.039  0.167 -0.126 -0.016 -0.159 -0.190  0.002  0.186  0.052 -0.176 -0.427
V       -0.341 -0.702 -0.506 -0.240 -0.679 -0.450 -0.607 -0.428 -0.394 -0.446 -0.684 -0.532 -0.384  0.012 -0.371 -0.388 -0.131 -0.463 -0.380  0.014  0.356
W       -0.334  0.575 -0.358 -0.366  0.226 -0.532 -0.196 -0.717 -0.112  0.025  0.718 -1.261  0.458 -0.092  0.342 -0.536  0.055 -0.136 -0.135  0.685  0.000
Y       -0.448 -1.012 -0.837 -0.336  0.034  0.206 -0.568 -0.033 -0.497 -0.381 -0.087 -0.483  0.128 -0.029 -0.312 -0.901 -0.939 -0.264 -0.763 -0.095 -0.179
X        0.238  0.000  0.000  0.285 -0.736 -0.874  0.000  0.055 -0.714 -0.028  0.000 -0.029  0.000 -0.411  1.264  0.869 -1.158 -0.979  1.386  0.543 -1.539
