i-1/i     A      C      D      E      F      G      H      I      K      L      M      N      P      Q      R      S      T      V      W      Y      X
A        0.099  0.111  0.087  0.175  0.047  0.229  0.193  0.190  0.187  0.090 -0.109  0.073  0.000  0.268  0.266 -0.031  0.129  0.115  0.204  0.068 -0.054
C       -0.358 -0.001 -0.220  0.414  0.131  0.071  0.265  0.052  0.441  0.165 -0.094  0.452  0.000  0.135 -0.278 -0.100 -0.227  0.211  0.339 -0.103  0.000
D        0.323  0.000 -0.003  0.245  0.014 -0.029  0.302  0.226  0.091  0.061  0.291  0.126  0.000  0.321  0.165  0.311  0.015  0.050 -0.137 -0.046  0.643
E        0.100 -0.102  0.177  0.104  0.226 -0.310  0.375  0.053  0.153  0.069  0.104  0.179  0.000  0.195  0.200  0.307  0.151  0.100  0.577  0.120 -0.024
F        0.161  0.122 -0.027  0.041  0.143 -0.026  0.053  0.200  0.114  0.141 -0.077  0.160  0.000  0.388  0.353  0.214  0.172  0.076  0.204  0.090  0.074
G        0.510  0.255  0.262  0.201  0.156  0.290 -0.022  0.214  0.257  0.096  0.096  0.048  0.000  0.289  0.226  0.382  0.244  0.211  0.434  0.325  0.053
H        0.240 -0.411  0.278  0.085  0.084  0.247  0.645  0.086  0.160 -0.089  0.200 -0.165  0.000  0.165  0.071  0.262  0.168  0.199  0.208  0.284 -0.239
I        0.076  0.040 -0.034 -0.028  0.114 -0.095  0.165  0.151 -0.037  0.104  0.094  0.161  0.000  0.112  0.011 -0.113  0.046  0.200  0.095  0.041 -0.004
K        0.078 -0.001  0.356  0.203  0.115 -0.162  0.284  0.120  0.204  0.123  0.234  0.242  0.000  0.262  0.394  0.105  0.191  0.111  0.217  0.205  0.293
L        0.122  0.079 -0.010  0.094  0.146  0.185 -0.089  0.068  0.125  0.110  0.078  0.064  0.000  0.196  0.228 -0.031 -0.051  0.153 -0.186  0.127  0.207
M        0.300 -0.036  0.148  0.076  0.417  0.138  0.405  0.008  0.251  0.110  0.193  0.159  0.000  0.200  0.227  0.205  0.278  0.166 -0.263  0.012  0.508
N        0.155  0.014  0.128  0.328  0.197 -0.024 -0.257  0.082 -0.014  0.237 -0.027  0.006  0.000  0.177  0.165  0.221  0.110  0.019 -0.165  0.262 -0.042
P       -0.262 -0.085  0.004 -0.032 -0.170  0.350 -0.463 -0.156 -0.393 -0.130  0.052 -0.286  0.000 -0.019 -0.125 -0.010 -0.001 -0.086  0.298  0.118  0.163
Q        0.189  0.070  0.112  0.294 -0.023  0.063 -0.144  0.100  0.256  0.247  0.217  0.125  0.000  0.269  0.318  0.324  0.185  0.146  0.619  0.290  0.299
R        0.051  0.203  0.226  0.271  0.114  0.085  0.177  0.105  0.262  0.110  0.276  0.328  0.000  0.280  0.275  0.253  0.128  0.154  0.274  0.153 -0.075
S        0.175  0.218  0.198  0.169  0.084  0.361  0.308  0.029  0.177  0.002  0.016  0.055  0.000  0.176  0.240  0.200  0.098  0.008  0.244  0.028 -0.047
T        0.039 -0.007  0.076  0.171  0.094  0.127  0.184  0.138  0.301  0.028 -0.001  0.049  0.000  0.175  0.155  0.242  0.154  0.075  0.293  0.251  0.074
V        0.040  0.092 -0.011 -0.021  0.084  0.155  0.225  0.114  0.063  0.135  0.109 -0.005  0.000  0.129 -0.033  0.025  0.191  0.164 -0.022  0.069  0.375
W        0.281  0.273  0.261  0.125  0.024  0.577 -0.282  0.192  0.192 -0.013  0.103  0.607  0.000  0.045  0.171  0.082 -0.020  0.315 -0.000  0.247  0.401
Y        0.192  0.160  0.253  0.008  0.004  0.028  0.130  0.038  0.408  0.081  0.126 -0.222  0.000  0.351  0.160  0.071  0.143  0.148  0.243  0.310  0.101
X       -0.184  0.216  0.057  0.000 -0.014  0.431  0.000  0.356  0.076  0.031  0.045  0.203  0.000  0.094  0.105  0.409  0.330 -0.032 -0.010 -0.175 -0.109
