i-1/i     A      C      D      E      F      G      H      I      K      L      M      N      P      Q      R      S      T      V      W      Y      X
A       -0.058 -0.152  0.035 -0.147 -0.185 -0.056 -0.324 -0.019 -0.028  0.016  0.242  0.012  0.000  0.156  0.056 -0.029 -0.049  0.016  0.176  0.138 -0.248
C       -0.169 -0.337  0.473  0.016 -0.121 -0.052  0.289  0.140 -0.188  0.031 -0.386 -0.339  0.000 -0.051  0.016  0.209  0.130  0.220  0.037 -0.036  0.720
D       -0.118 -0.026 -0.180  0.008 -0.177  0.118 -0.028 -0.053  0.037  0.018 -0.307  0.074  0.000  0.254 -0.031 -0.086 -0.104 -0.108 -0.442 -0.149 -0.095
E       -0.086 -0.188  0.033  0.015 -0.206 -0.101  0.207 -0.056 -0.104 -0.104  0.070 -0.010  0.000  0.022 -0.184 -0.212 -0.007 -0.098 -0.415 -0.077  0.000
F        0.053 -0.554  0.199 -0.099 -0.047  0.021 -0.066  0.061 -0.038 -0.046  0.088 -0.341  0.000 -0.026  0.007  0.081 -0.011  0.008  0.305  0.072 -0.157
G       -0.138 -0.400 -0.072  0.108  0.034 -0.000 -0.235 -0.037 -0.062  0.049 -0.284 -0.196  0.000  0.062 -0.159 -0.008  0.003  0.026  0.217 -0.116 -0.521
H       -0.274 -0.165  0.059  0.125  0.034 -0.259  0.140 -0.033 -0.165 -0.009 -0.156  0.130  0.000  0.020 -0.102  0.456  0.113 -0.252 -0.104 -0.182  0.000
I        0.152  0.044 -0.223 -0.054 -0.038 -0.282  0.031  0.018  0.026  0.047 -0.246 -0.003  0.000  0.104 -0.024 -0.069 -0.068  0.067  0.159  0.056  0.341
K       -0.106 -0.180  0.048 -0.021 -0.111 -0.087 -0.138 -0.047 -0.047 -0.061  0.118 -0.010  0.000 -0.142 -0.055 -0.155 -0.089 -0.127 -0.129 -0.133  0.017
L       -0.050 -0.026 -0.212  0.021  0.007 -0.059 -0.027  0.077 -0.007  0.026 -0.031  0.086  0.000 -0.200  0.031 -0.193  0.018 -0.011  0.166 -0.124  0.007
M        0.559  0.237  0.205 -0.093  0.086 -0.120 -0.277  0.049  0.117 -0.009 -0.151 -0.075  0.000 -0.475  0.025  0.229 -0.011  0.024  0.052  0.029 -0.047
N       -0.223  0.348 -0.207 -0.185  0.108  0.313 -0.297  0.077 -0.091 -0.160 -0.222  0.037  0.000 -0.117 -0.125 -0.241 -0.106 -0.066  0.120  0.117 -0.196
P        0.082  0.300  0.121 -0.323 -0.036 -0.130 -0.221 -0.162 -0.795 -0.255 -0.340  0.003  0.000 -0.201  0.109 -0.005 -0.138 -0.366  0.086 -0.084  0.029
Q       -0.360 -0.481  0.078 -0.160 -0.094  0.031 -0.089 -0.229 -0.035  0.029  0.017 -0.071  0.000 -0.059  0.045 -0.169  0.082 -0.056 -0.014  0.154 -0.003
R        0.002 -0.047 -0.401  0.052 -0.050 -0.006  0.244  0.029 -0.084  0.060  0.033 -0.235  0.000 -0.143  0.046 -0.270  0.018 -0.032 -0.083 -0.181  0.010
S       -0.278 -0.211  0.047  0.005 -0.046 -0.115 -0.022  0.012  0.133 -0.066 -0.029  0.160  0.000  0.159 -0.013 -0.068  0.064 -0.138 -0.120 -0.013 -0.037
T       -0.089  0.345 -0.046  0.013  0.056 -0.035 -0.145 -0.048 -0.052 -0.202  0.201  0.060  0.000 -0.153 -0.046 -0.054 -0.019 -0.135 -0.181 -0.096  0.059
V        0.128  0.072 -0.187 -0.107  0.081  0.033 -0.086  0.012 -0.069  0.038 -0.034 -0.006  0.000 -0.111 -0.008 -0.117 -0.085  0.070  0.017  0.039  0.170
W       -0.169 -0.561 -0.072 -0.008 -0.077  0.110  0.048  0.222 -0.001 -0.011 -0.327  0.230  0.000  0.214 -0.145 -0.222 -0.331  0.073 -0.227 -0.186  0.328
Y        0.080 -0.189 -0.099 -0.098 -0.026  0.085 -0.211 -0.036 -0.197 -0.001 -0.083  0.070  0.000 -0.259 -0.054 -0.026 -0.096 -0.046  0.131 -0.011 -0.043
X       -0.286  0.000 -0.007 -0.491 -0.294  0.013 -0.342 -0.001  0.149 -0.137  0.331 -0.034  0.000 -0.453 -0.193 -0.071 -0.128  0.057 -0.270 -0.069 -0.009
