i-1/i     A      C      D      E      F      G      H      I      K      L      M      N      P      Q      R      S      T      V      W      Y      X
A        0.291  0.385 -0.076 -0.248 -0.279 -0.106 -0.706 -0.496 -0.156 -0.077 -0.029  0.015 -0.137 -0.567 -0.213 -0.064 -0.470 -0.364  0.000 -0.265  0.000
C        1.389  0.000 -0.173 -0.774  0.000  0.003  0.000 -0.709 -0.064 -0.652  1.147  1.119  0.047 -1.091 -1.006 -0.832  0.098 -0.272  0.000  0.000  0.000
D        0.164  0.406  0.150 -0.375 -0.650 -0.192 -0.239 -0.559  0.129  0.163 -0.065  0.318 -0.033  0.148 -0.028 -0.265 -0.610 -0.753  0.266 -0.147 -0.482
E        0.360 -0.890  0.266 -0.382 -0.326  0.026 -0.091  0.066 -0.355  0.128  0.092  0.515  0.252 -0.615 -0.309  0.076 -0.192 -0.060  1.597 -0.288 -0.543
F        0.068  0.000 -0.051  0.107  0.908  0.061 -1.099 -0.353 -0.123  0.051 -1.133 -0.310  0.018 -0.653 -0.065 -0.585 -0.269 -0.350  0.255  0.188  0.000
G        0.333  0.356 -0.203 -0.045  0.343 -0.060 -0.038 -0.067 -0.177  0.279  0.301  0.226  0.455  0.192 -0.242  0.145 -0.272 -0.536 -0.105 -0.301 -0.179
H        0.428  0.459  0.356  0.071 -0.696  0.138  0.068 -0.822  0.267 -0.057 -0.491  0.029  0.547  0.390 -0.193  0.054  0.572 -0.381  1.208  0.140  2.174
I       -0.090  0.855  0.049 -0.352 -0.852  0.579  0.114 -0.158 -0.554  0.314 -0.335  0.326  0.035  0.017 -0.146 -0.208  0.087 -0.279 -1.423 -0.827  0.000
K        0.227  1.979  0.017 -0.124  0.077  0.038 -0.038 -0.279 -0.134  0.032  0.214  0.403  0.042 -0.098 -0.198  0.417 -0.250 -0.548 -0.271 -0.183  0.000
L        0.096  0.162 -0.030 -0.095 -0.242  0.381  0.185  0.003 -0.139  0.357 -0.383  0.192  0.071  0.064 -0.040 -0.397 -0.133 -0.399  0.538 -0.169  0.000
M        0.590  0.000  0.287  0.188  0.382  0.166  0.439 -0.661  0.127  0.435  0.009  0.386  0.500  0.449 -0.177  0.248 -0.421  0.285  0.000 -0.299  0.000
N       -0.090 -0.645 -0.139 -0.165  0.148  0.060 -0.511 -0.747 -0.019 -0.105 -0.076  0.239  0.390 -0.106 -0.248 -0.133  0.082  0.032  0.234 -0.517 -0.527
P       -1.624 -1.725 -1.900 -2.130 -2.017 -0.834 -1.230 -2.121 -1.953 -1.889 -1.230 -1.570 -1.087 -2.277 -1.522 -1.601 -1.587 -2.283 -0.976 -1.639 -0.432
Q        0.417  1.165 -0.046 -0.141 -0.580  0.204 -0.653 -0.395  0.310 -0.053 -0.034 -0.038  0.102 -0.081  0.263  0.005 -0.089 -0.210  0.767 -0.663 -0.967
R        0.012  0.527  0.327 -0.366 -0.500  0.267  0.128 -0.256 -0.058  0.004 -0.154  0.372  0.161  0.005  0.009 -0.117  0.004 -0.506  2.142  0.181  1.216
S        0.145 -0.534 -0.058 -0.189 -0.322 -0.139  0.242 -0.449  0.054 -0.254 -0.270  0.358  0.093 -0.122 -0.194 -0.035 -0.208 -0.539 -0.418 -0.350  1.553
T       -0.038 -1.902  0.393 -0.362 -0.995  0.258  0.210 -0.526 -0.149 -0.370 -0.083  0.183  0.235 -0.268 -0.122 -0.100 -0.161 -0.071  1.273 -0.571 -0.655
V        0.022  0.669  0.200 -0.376  0.272  0.521 -0.542  0.285  0.166 -0.119  0.102  0.167  0.132 -0.653 -0.264 -0.228 -0.002 -0.127 -0.412  0.447 -0.861
W        0.293  0.000  0.051 -0.770  0.000  0.101 -1.193  0.000  0.396 -1.357  0.058  0.076  0.755 -0.153 -0.982 -0.220 -0.242 -1.236  0.140 -1.092  0.000
Y       -0.376  0.000 -0.394 -0.997 -1.213  0.026 -1.329 -0.325 -0.061  0.469 -0.261  0.041  0.380  0.128  0.096 -0.081 -0.505  0.016  0.000  0.110  0.000
X       -0.120  0.000  0.747 -0.447  0.000  0.110  0.000  0.000 -0.735  0.273  0.000  0.233 -0.495  0.000  0.000 -0.373 -0.116  0.000  0.000  0.000 -2.388
