i-1/i     A      C      D      E      F      G      H      I      K      L      M      N      P      Q      R      S      T      V      W      Y      X
A       -0.104  0.159  0.443 -0.047 -0.117  0.000  0.922 -0.081  0.216 -0.086  0.424  0.003  0.000  0.190  0.005 -0.053  1.025  0.005  1.407  0.109 -0.360
C        0.078 -0.475 -0.299  0.283  0.363  0.000  0.000  0.239 -0.352  0.000  0.000  0.000  0.130 -0.403  0.000 -0.413  1.612  0.000 -0.001  0.000  0.000
D        0.340 -1.641  0.089 -0.198  0.288  0.000  0.403  0.105 -0.376  0.295  0.716 -0.292  0.072 -0.135  0.019 -0.093  0.394 -0.008  0.435 -0.371  0.000
E        0.310  0.000  0.121 -0.030  0.710  0.000  0.623  0.291 -0.052  0.086  0.719  0.393  0.390  0.105 -0.078 -0.033  0.444  0.110  1.138 -0.321  0.846
F        0.337  0.000  0.291 -0.040  0.646  0.000  0.000  0.867 -0.078  0.655  0.000  0.773  0.123 -0.450 -0.052  0.325  0.876 -0.069  1.014  0.418  0.000
G        0.094 -0.121  0.671 -0.063  0.177  0.000  0.308  0.000  0.053  0.167  0.500  0.098  0.181 -0.358  0.092  0.077  0.347 -0.126  1.156  0.235  1.068
H        0.040 -0.388  0.700 -0.117 -0.315  0.000  0.076 -0.390  0.479  0.264 -0.415 -0.879  0.491 -0.063  0.054  0.101 -0.252  0.013  0.000  0.521  0.000
I        0.497  1.307  0.230  0.058  1.497  0.000  0.425  0.185 -0.285  0.450  0.064  0.461  0.190  0.292  0.109  0.219 -0.126  0.007  0.000 -0.031  0.000
K        0.220 -0.836  0.199  0.066  0.648  0.000  0.500 -0.011  0.147  0.231  0.904  0.195  0.038  0.008  0.268  0.032  0.478  0.152  0.867  0.472 -0.401
L        0.117 -0.354  0.035 -0.098  0.371  0.000  0.202  0.276 -0.002 -0.082  1.099  0.270  0.452 -0.056  0.015  0.048  0.207  0.001  0.537 -0.339  0.000
M       -0.111 -1.280  0.435  0.112  0.662  0.000  0.559  0.131  0.156  0.294  0.965 -0.080  0.066  0.084 -0.046  0.037  0.180  0.170  0.000  0.248  0.000
N       -0.142  0.000 -0.062 -0.064  0.625  0.000  0.579 -0.228  0.011  0.112  0.007 -0.014  0.415  0.002 -0.275  0.202  1.115  0.551  0.732 -0.230 -1.709
P        0.174  1.011  0.345  0.123  0.603  0.000  0.361 -0.003 -0.001  0.457 -0.043 -0.131  0.181  0.465 -0.081  0.174  0.588 -0.136  0.667  0.466  0.000
Q       -0.132  0.000 -0.167 -0.074  0.749  0.000  0.764  0.277 -0.122  0.285  0.418 -0.078  0.199 -0.039 -0.085 -0.005  0.208  0.263  0.945  0.114  4.165
R        0.092 -0.890 -0.153 -0.058  0.890  0.000  1.376  0.267 -0.059  0.069  0.231 -0.021  0.167 -0.127  0.021  0.105  0.330  0.231  0.000  0.289  0.000
S       -0.057 -0.808  0.129 -0.193  0.676  0.000  0.813  0.374  0.033  0.136  0.423 -0.103  0.341 -0.175 -0.014 -0.034  0.450  0.048  0.769  0.050 -0.319
T        0.412 -1.944  0.505 -0.060  0.572  0.000  0.582  0.534  0.176  0.291  0.525  0.417  0.063 -0.082 -0.141  0.205  0.522  0.084  0.764  0.256  0.571
V        0.751 -0.077 -0.186  0.313  0.631  0.000  0.435  0.488  0.192  0.295  0.217  0.264  0.027 -0.126 -0.060  0.080  0.525  0.004 -0.624  0.334  2.686
W       -0.239  1.182  0.156 -0.357  2.074  0.000  0.372  0.071 -0.304  1.240  0.000  0.128 -0.005  0.211  0.358 -0.107  1.791 -0.163  2.332  0.000  0.000
Y        0.128 -0.362  0.892 -0.689  0.387  0.000 -0.397 -0.132  0.867 -0.277  0.721 -0.032 -0.123 -0.570 -0.378  0.316 -0.167  0.235  0.000 -0.257  0.000
X       -0.266  0.000 -1.205  0.438  0.000  0.000  0.000  0.000  0.000  0.209 -0.143 -0.343  0.000  0.000 -1.054 -0.257 -0.626  0.000  0.000  0.000  0.000
