i-1/i     A      C      D      E      F      G      H      I      K      L      M      N      P      Q      R      S      T      V      W      Y      X
A        0.266 -1.448 -0.018 -0.060  0.167  0.000  0.081  0.337  0.385  0.191  0.172 -0.220  0.221 -0.216 -0.192 -0.036  0.128 -0.272  0.000  0.047  0.000
C       -1.385  0.000 -0.174  0.215  0.725  0.000  0.000  0.000 -0.154  0.297 -0.140  0.478  0.187 -0.448  0.363 -0.180  0.594 -0.159  0.000  0.000  0.000
D        0.265 -0.912  0.211  0.306  0.548  0.000  0.764  0.183  0.114  0.152  0.954  0.296  0.087  0.088 -0.009  0.213  0.298  0.262  1.090  0.085  0.000
E        0.212 -0.371  0.205  0.064  0.601  0.000  0.575  0.159  0.182  0.186  0.048  0.166  0.250  0.132 -0.119  0.050  0.332 -0.232  1.004  0.410  0.110
F        0.090  0.000 -0.109  0.035  1.325  0.000  0.034  0.981  0.216  0.525  0.648  0.667  0.098 -0.022  0.490  0.040  0.417  0.074  0.883  0.789  0.000
G        0.061  0.910  0.014  0.026  0.652  0.000  0.321  0.131 -0.129  0.270  0.126  0.166  0.124 -0.157  0.238  0.033  0.349 -0.440  0.593 -0.229  0.000
H        0.254  1.855 -0.105 -0.022  0.549  0.000  0.123  0.725 -0.058 -0.096  0.444  0.391  0.533 -0.196  0.224  0.202  0.160  0.285 -0.200  0.108  0.000
I       -0.220  0.802  0.060  0.008  0.491  0.000  0.734 -0.091 -0.170 -0.455 -0.207 -0.656  0.248 -0.055 -0.165  0.053 -0.047 -0.265  1.341  0.598  0.000
K        0.399 -1.010 -0.065  0.017  0.369  0.000  0.481 -0.314  0.042  0.255  0.577  0.135  0.135  0.198 -0.131 -0.090  0.225 -0.082  0.887  0.153  0.000
L        0.246 -2.299 -0.423 -0.326  0.300  0.000  0.005  0.138 -0.134 -0.097  0.001 -0.501  0.139 -0.050 -0.023 -0.055  0.014 -0.541  0.756  0.511  0.000
M       -0.421  0.000 -0.026 -0.332 -0.620  0.000  0.356 -0.052  0.052  0.189 -0.162 -0.435  0.439 -0.404 -0.180  0.064  0.135 -0.799  0.000 -0.433  0.000
N        0.613 -2.191 -0.081 -0.021  0.752  0.000  0.580  0.490  0.146  0.067  0.245  0.037  0.244 -0.036 -0.187 -0.013  0.128  0.269  0.617  0.462  0.281
P       -0.937  1.496  0.318 -0.137 -0.334  0.000  0.052  0.182 -0.108  0.050  0.487 -0.012 -0.988 -0.515 -0.569 -0.208 -0.018 -0.012  0.518 -0.075  1.479
Q        0.002 -0.102  0.224 -0.174  0.887  0.000 -0.607 -0.446 -0.088  0.117 -0.208 -0.402  0.120 -0.033 -0.249 -0.102 -0.002 -0.158  1.201  0.529 -2.314
R        0.438 -0.527  0.146  0.128  0.609  0.000  0.096 -0.408 -0.212  0.047  0.454 -0.218  0.224  0.077 -0.172 -0.086  0.770  0.141  0.441  0.009  1.806
S        0.522 -0.615 -0.032 -0.134  0.384  0.000  0.437  0.010  0.153  0.228  0.501  0.515  0.292  0.040  0.232  0.033  0.022  0.027  1.445  0.381  0.459
T        0.557  0.224  0.272  0.104  0.603  0.000  0.906  0.148  0.014  0.278  0.845  0.195  0.362  0.006  0.241  0.051  0.140 -0.026  0.554 -0.099 -0.294
V        0.519 -1.104 -0.360 -0.082  0.600  0.000  0.224  0.022 -0.260  0.106  0.339 -0.521  0.069  0.010 -0.050  0.092  0.365  0.037  0.349  0.129  0.949
W        1.358  0.000 -0.706  0.360  0.000  0.000  0.000  0.000  0.518  0.000 -0.238 -1.245  0.325 -0.356  0.270 -0.027  0.330  0.413 -1.680  0.520  0.000
Y        0.673  3.316  0.392 -0.091  0.766  0.000  1.316 -0.065  0.485  0.183  0.489 -0.041  0.258  0.004 -0.389 -0.196  0.801  0.389  0.000  0.814  0.000
X        0.522  0.000  0.306  0.000  0.000  0.000  0.000  0.000  0.759  0.000  0.000  0.805  0.294  0.000  0.000 -0.343  0.190  0.000  0.000  0.000  0.254
