i-1/i     A      C      D      E      F      G      H      I      K      L      M      N      P      Q      R      S      T      V      W      Y      X
A        0.358  1.317  0.416  0.040  0.392  0.000  0.244 -0.011  0.181  0.194  0.667  0.577  0.240 -0.012  0.020  0.123  0.190  0.253 -0.298  0.109  2.061
C        0.085  0.000 -0.034 -0.441  0.000  0.000  1.002  0.680 -0.327  0.946  0.000  0.449 -0.215 -0.071 -0.684 -0.176 -0.528  0.141  0.000 -1.520  0.000
D        0.363 -1.223  0.014 -0.011  0.059  0.000  0.497 -0.216 -0.083 -0.224  0.457 -0.648  0.213  0.043 -0.118 -0.023  0.292  0.088  0.346  0.495  2.028
E        0.125 -2.935  0.367  0.027 -0.383  0.000  0.002 -0.117  0.098  0.000  0.612  0.084  0.278  0.047  0.104 -0.204  0.065  0.064  0.887  0.357  0.000
F       -0.173 -0.783  0.464 -0.168 -0.483  0.000  0.190  0.239  0.418  0.758  0.000  0.400  0.287 -0.030 -0.115  0.251  1.143 -0.015  0.000  0.761  0.000
G        0.491 -0.269 -0.024  0.104  0.546  0.000  0.567  0.160  0.339  0.296  0.538  0.821  0.303  0.382  0.113  0.045  0.480 -0.042  0.761  0.380 -1.039
H        0.082  0.000 -0.208  0.471  1.014  0.000  0.175  0.420  0.012 -0.007  0.199  0.513 -0.018 -0.136  0.304  0.232  0.116 -0.422  0.000  0.099  0.000
I        0.500 -2.221  0.201 -0.184  1.905  0.000  0.101 -0.038  0.061  0.372  0.607  0.598  0.105  0.368 -0.051  0.278  0.458  0.252  0.000 -0.628  0.000
K        0.572 -0.664  0.212  0.005  1.134  0.000  0.425 -0.500 -0.081  0.117  0.845  0.432  0.162 -0.052  0.073  0.122  0.370 -0.096  0.265  0.316  0.684
L        0.407  0.238  0.507 -0.281  1.884  0.000  0.792  0.497  0.200  0.369  0.552 -0.273  0.142 -0.297  0.019  0.278  0.636 -0.193  0.824  0.103  0.000
M        0.166  4.526 -0.171  0.037  0.660  0.000  0.585 -0.018  0.044  0.561  0.681  0.457  0.154 -0.087  0.111 -0.306  0.213  0.098 -0.208 -0.289  0.000
N        0.313 -0.626 -0.021  0.011  0.594  0.000  0.790  0.077 -0.292  0.201  0.445  0.022  0.007 -0.077 -0.182 -0.177  0.473  0.068  0.511  0.468 -0.416
P       -0.271 -0.281  0.302 -0.093  0.676  0.000  0.861  0.131  0.006  0.143 -0.106 -0.153  0.015 -0.298  0.096  0.198  0.458  0.079  1.236 -0.270 -1.045
Q        0.294  0.037  0.482  0.052  0.224  0.000  0.533 -0.001 -0.188  0.075  0.397  0.175  0.320  0.038 -0.201  0.051  0.712  0.220  0.704  0.230  0.000
R        0.142  0.764  0.188 -0.173  1.012  0.000  0.337  0.174 -0.189  0.446  0.483 -0.165  0.261  0.198  0.047  0.075  0.551  0.251  0.894  0.156  0.000
S        0.101  1.885  0.226 -0.192  0.279  0.000  0.346  0.399 -0.105  0.092  0.651 -0.168  0.118 -0.365 -0.219 -0.025  0.032 -0.189  1.174  0.182 -0.156
T        0.078 -1.047  0.204  0.077  0.164  0.000  0.897  0.114  0.089  0.243  0.473  0.004  0.123 -0.182 -0.137  0.056  0.526 -0.126  0.937  0.298  0.884
V        0.345  0.005  0.151  0.014  0.636  0.000  0.668  0.470 -0.126 -0.181  0.783 -0.344  0.201 -0.396 -0.111  0.077  0.538  0.068  0.171 -0.563  0.000
W        0.000  0.000  0.713 -0.507  0.741  0.000  1.325  0.235 -0.123  0.000 -1.586  0.460 -0.156 -0.686 -1.181 -0.406  0.653  0.402  0.000  0.000  0.000
Y       -0.069  0.000  0.724  0.418  1.132  0.000  0.855  0.339  0.870  0.070  1.396  0.571  0.253 -0.327  0.293  0.401  0.624  0.245 -0.350  0.000  0.000
X        0.000  0.000  0.209  0.101  0.000  0.000  1.525  0.000  0.000  0.000  0.000 -0.756  0.296 -0.185  0.467 -0.616 -0.818  0.545  0.000  0.000  0.000
