i-1/i     A      C      D      E      F      G      H      I      K      L      M      N      P      Q      R      S      T      V      W      Y      X
A        0.869 -0.447 -0.333  0.043 -0.242 -1.979 -0.839 -0.552  0.447 -0.045  0.634  0.528 -0.156 -0.608 -0.559 -0.300 -0.112 -0.500  1.598  0.382  0.000
C        0.000  2.842  0.260  0.176 -0.858  0.665  0.000 -0.547  0.485  0.000 -0.379  0.000  0.444  0.878  0.000  0.162 -0.821  0.000  1.186  0.000  0.000
D        0.667 -0.300 -0.113 -0.114 -1.122 -1.232  0.263 -1.200  0.209 -0.208 -0.045  0.119 -0.306  0.330 -0.675 -0.093 -0.185 -1.066  0.905 -0.529  0.000
E        0.965  0.000  0.038 -0.215 -0.060 -2.129  0.570 -0.455 -0.535 -0.672  0.351  0.050 -0.167 -0.484 -0.484 -0.209 -0.338 -0.321  0.622 -0.588 -1.062
F        1.112  0.000 -0.371  0.385 -2.108 -1.807  0.000 -1.054 -0.037 -0.823  1.356 -0.064 -0.294 -0.045 -0.630 -0.258 -0.103 -1.117  0.000 -0.875  0.000
G        0.003 -0.277 -0.460 -0.244 -0.395 -1.178  0.702 -0.764 -0.382 -0.266 -0.145  0.302  0.088  0.024 -0.438  0.061  0.019 -0.303 -0.678 -0.741 -1.465
H       -0.293  0.911 -1.182 -0.290 -0.532 -1.457 -0.235 -0.394 -0.387 -0.250  0.280 -0.265 -0.199 -0.331 -1.302 -0.045 -0.325 -0.553  0.000  0.847  0.000
I        0.667 -1.415 -0.135  0.317 -0.289 -1.993  0.515 -1.206 -0.338 -0.838  0.157  0.445 -0.433 -1.260 -1.479  0.186 -0.248 -0.793  0.000  0.350  0.000
K        0.198  0.000 -0.310 -0.192 -0.148 -1.748 -0.111 -1.067 -0.187 -0.242 -0.684  0.775 -0.095 -0.501  0.313 -0.306 -0.118 -0.458  1.381 -0.427  0.000
L        0.237 -0.785 -0.218  0.013  0.281 -1.541 -0.422 -1.524  0.197 -0.063 -0.582  0.015  0.071 -0.579 -0.147 -0.558 -0.830 -0.459 -0.387 -0.101  0.000
M        0.625 -3.617  0.108 -0.135  0.236 -1.324 -1.219 -0.035 -0.429 -0.388 -0.048 -0.045  0.198 -0.178 -0.567 -0.397 -1.032 -0.524  0.000 -0.790  0.000
N        0.279  0.000 -0.500  0.042  0.479 -1.695  0.636 -1.397 -0.574 -0.958 -0.245  0.330 -0.324  0.021 -0.038 -0.462 -0.809 -0.189  0.000  0.014 -1.306
P        0.227 -0.633 -0.279 -0.079 -1.210 -1.064  0.771 -0.829 -0.513 -0.099  1.419 -0.510 -0.390  0.314 -0.685 -0.141  0.235 -0.673 -0.078 -1.091  0.000
Q        0.615  0.000 -0.008 -0.164  0.859 -1.903  0.144 -1.362 -0.857  0.051  0.269  0.276  0.082  0.202 -0.284 -0.024 -0.339 -0.688  0.000  0.153 -4.174
R       -0.169 -0.809 -0.499 -0.266 -0.238 -1.692  0.221 -0.877  0.370 -0.467 -0.083 -0.255  0.062  0.340 -0.531 -0.227 -0.171 -0.586  0.000  0.157  0.000
S        0.557  0.000 -0.227 -0.131  0.142 -1.256  0.860 -0.184  0.118 -0.192  0.357  0.060  0.136  0.026 -0.265  0.078 -0.649 -0.321  0.247 -0.313 -0.627
T        0.734  0.226 -0.020 -0.210 -0.074 -1.655  0.561 -0.257 -0.048 -0.383  1.075  0.490 -0.518 -0.074  0.088  0.163 -0.613 -0.114  1.986  0.155  0.000
V       -0.057  0.000 -0.075 -0.504 -2.394 -2.085 -0.223 -1.645 -0.302 -0.342  0.733 -0.130 -0.166  0.231 -0.556 -0.361 -0.917 -0.928  0.000 -1.174  0.000
W        1.133  0.000 -0.625  0.585  0.000 -2.447  1.397  0.000 -1.658 -0.943  0.000  0.311 -1.137 -1.427  0.000 -0.375 -1.418  1.528  0.000  0.000  0.000
Y        0.387 -0.748  0.564 -0.489  0.509 -2.423  0.888 -0.662 -0.643 -0.056 -0.202  0.000 -0.218  0.589 -0.625  0.025 -0.274 -0.393 -0.558  0.003  0.000
X       -0.957  0.000  0.000 -0.233  0.000 -0.521  0.000  0.000  0.000 -0.520 -0.174  0.553  0.000  0.000  0.956 -0.514 -1.359  0.589  0.000  0.000  0.000
