i-1/i     A      C      D      E      F      G      H      I      K      L      M      N      P      Q      R      S      T      V      W      Y      X
A        0.348  0.000  0.104  0.169 -0.229 -1.358  0.060 -0.152 -0.190 -0.099  0.592  0.695 -0.084 -1.042 -0.495  0.014 -0.447 -0.328  0.955 -0.820 -0.436
C       -0.181 -0.345 -0.087  0.000  0.000 -0.647  2.011  0.000  0.245  0.407  0.000  0.000 -1.541  0.000 -0.212  0.000 -0.624 -1.955  0.000 -2.147  0.000
D       -0.387  1.286 -0.142 -0.474 -0.455 -1.040  0.544 -0.609  0.018 -0.106  0.341  0.423 -0.400  0.235 -0.805 -0.294 -0.440 -0.233  0.796  0.732 -1.712
E        0.579  0.000  0.022  0.110 -0.985 -1.433 -0.036 -0.137 -0.084  0.268  0.518 -0.203 -0.096 -0.392 -0.588 -0.065 -0.322  0.065 -0.283 -0.734 -0.926
F        0.270  2.949 -0.281 -0.147  1.733 -0.687 -0.095 -2.952 -0.103 -0.523 -0.955  0.654 -0.877 -0.354 -1.066  0.022 -1.558 -0.974  0.000 -0.164  0.000
G        0.247  1.630 -0.038 -0.025  0.394 -1.558  1.401 -0.489 -0.598 -0.443 -0.547 -0.055  0.230  0.129 -0.173  0.092 -0.537 -0.398  0.548 -0.886  1.006
H       -0.250  0.000 -1.044 -0.016  0.000 -1.796 -0.360 -0.671  0.362 -0.323 -0.297 -0.276 -0.199  0.215  0.110 -0.650 -0.225  0.254  0.713  0.817  0.000
I       -0.314  0.000 -0.524 -0.398 -0.226 -1.322  0.469 -1.068 -0.721 -0.902 -1.226 -0.217 -0.476 -0.022 -0.641 -0.020 -0.906 -1.206 -0.968  0.073  0.000
K        0.494 -0.534 -0.024 -0.519 -0.461 -1.430 -0.726 -0.006 -0.240  0.459 -0.165  0.147  0.189 -0.753 -0.293 -0.063 -0.771  0.273  0.266 -0.156  0.000
L        0.547  0.000 -0.021 -0.022 -0.388 -1.893  0.071 -0.611 -0.636 -0.581  0.408 -0.029 -0.409  0.158 -0.997 -0.091 -0.547 -0.992 -0.057 -0.519 -1.736
M        1.478 -0.530 -0.386  0.191 -2.030 -1.241 -0.855 -0.469 -0.815 -0.624 -0.945  0.000  0.227  0.676 -0.406 -0.475 -0.935 -2.365  0.000 -0.186  0.000
N        0.141  0.000 -0.489 -0.172  0.344 -1.426 -0.477 -0.497 -0.673 -1.147  0.496 -0.197 -0.075  0.321 -0.297 -0.159 -0.533 -0.287  0.146 -1.483 -0.763
P        0.005 -0.635 -0.686 -0.645 -1.334 -2.012 -0.514 -1.247 -0.474 -0.450  0.226 -0.748 -0.099 -0.063 -0.304 -0.461 -0.787 -0.689 -0.368 -0.795  0.000
Q        0.650  0.534 -0.026 -0.421 -1.223 -1.614  0.796 -0.963 -0.364 -0.576 -0.186  0.359 -0.195 -0.049 -0.298  0.236 -0.427 -0.069  0.000  0.042  0.000
R        0.229  0.000 -0.004 -0.228  0.350 -1.217 -0.209 -0.811 -0.546 -0.328 -2.026  0.060  0.400 -0.205 -0.121  0.035  0.035 -0.747  1.161  0.421  0.000
S        0.301  0.579  0.090 -0.061 -0.342 -1.211 -0.359 -0.583  0.071 -0.484  0.324  0.026  0.101 -0.260 -0.187  0.068 -0.708 -0.478  0.558  0.532 -0.837
T        0.343 -0.469 -0.194  0.037 -1.306 -1.358 -0.028 -0.647 -0.292 -0.031  0.110 -0.259 -0.042  0.124 -0.173 -0.184 -0.783 -0.641 -0.220 -0.044  0.000
V        0.486  0.000 -0.730 -0.347 -1.160 -1.351  0.468 -0.470 -0.254 -0.317 -0.510 -0.008 -0.361  0.191 -0.377 -0.441 -0.099 -0.536  0.000 -1.621 -1.991
W        0.604  0.000 -0.619  0.562 -0.520 -2.542  0.000  0.000 -1.181 -0.390  0.000  0.000 -1.459  0.283  0.000 -0.499  0.961 -1.662  0.000 -1.177  0.000
Y        0.131  0.000 -0.548 -0.348 -0.610 -2.370  0.000 -0.919 -0.178  0.282  0.355  0.220 -0.444 -0.207 -0.850 -0.133 -1.765 -0.092  0.000 -1.478  0.000
X       -2.777  0.000  0.000 -1.024  0.000 -0.717  0.000  0.000  0.000  0.000  0.000  1.169  0.000  0.157  0.000  0.000  0.000  0.000  0.000  0.000  0.000
