i-1/i     A      C      D      E      F      G      H      I      K      L      M      N      P      Q      R      S      T      V      W      Y      X
A        0.675 -2.164  0.135 -0.002  0.082 -1.120  0.476 -0.785  0.218 -0.476 -0.415 -0.392 -0.209  0.225 -0.203 -0.324 -0.848 -0.501  1.649 -0.072  0.000
C       -1.423  0.000 -1.130 -0.783  0.000 -2.383 -0.318 -0.363 -0.085 -0.456  0.000  0.000  0.320 -0.048 -1.524 -0.086 -2.287  0.000  0.000  0.000  0.000
D        0.713 -0.241 -0.300 -0.237 -0.622 -1.837 -0.419 -0.428  0.467 -0.247 -0.314  0.387  0.277 -0.181 -0.520 -0.318  0.361 -0.525  0.149 -0.708 -1.890
E        0.826 -0.431 -0.045 -0.016 -0.111 -1.529 -0.292 -0.920 -0.303 -0.573 -0.002  0.044 -0.113 -0.318 -0.454 -0.296 -1.102 -0.581  0.413  0.038 -0.202
F        0.134  0.000 -0.370 -0.682 -0.143 -2.213  0.257 -0.815 -0.413 -0.380 -1.998  0.421 -0.932 -0.243 -0.833 -0.417 -0.089  0.947  0.000  0.228  0.000
G        0.069 -0.042 -0.465 -0.251 -0.796 -1.441 -0.006 -1.266 -0.665 -0.909 -0.060  0.627 -0.215 -0.240 -0.368 -0.017 -0.767 -0.573  0.926 -0.564  0.000
H        0.266  0.000 -0.404 -1.179 -0.303 -1.524  0.098 -1.507 -0.500  0.004  0.081  0.441  0.558 -0.626 -0.685  0.176 -1.098 -0.818  3.182 -2.193  0.000
I        1.122 -0.751 -0.425 -0.363 -1.136 -1.427  0.751 -0.871 -0.399 -0.871  0.416  0.095 -0.050 -0.272 -0.757 -0.282 -0.230 -0.482  0.000 -1.567  0.000
K       -0.072 -0.818 -0.149 -0.064 -0.252 -1.755  0.130 -0.535 -0.236 -0.284 -0.218  0.112 -0.049 -0.520 -0.489  0.192 -0.707 -0.726 -0.922 -0.453 -2.007
L        0.362 -0.352 -0.618 -0.019 -1.441 -1.264  0.009 -1.013 -0.059  0.037  0.307 -0.398 -0.031  0.049 -0.369 -0.461  0.093 -0.472  0.918 -0.216  0.000
M       -0.333  0.000 -0.417 -0.411 -2.087 -0.772  1.193 -1.075 -0.176  0.349 -1.114  0.163 -0.279 -0.212 -0.386 -0.367 -0.330 -0.078  0.000 -1.071  0.000
N        0.853 -0.897 -0.378 -0.323  0.556 -1.770  0.214 -0.678 -0.235 -0.614  0.066  0.262 -0.003 -0.038 -0.775 -0.514 -0.680 -0.978 -1.308 -0.321 -1.387
P        0.882 -0.538  0.094 -0.127 -1.081 -1.686  0.170 -0.834  0.205 -0.151  0.642  0.201 -0.291 -0.053 -0.197 -0.110 -0.347 -0.340  0.157 -0.083  0.436
Q        0.739  1.231 -0.332 -0.289  0.477 -1.563  0.752 -1.586 -0.629 -0.009 -0.446 -0.298 -0.425  0.442 -0.481  0.150 -0.555 -0.037  0.403  0.355  0.000
R        0.476 -0.231  0.274 -0.667 -0.248 -2.015  0.381 -0.895 -0.552 -0.292  0.000  0.136 -0.066  0.267 -0.618 -0.124 -0.434 -0.467  0.628 -0.052  0.000
S        0.668 -3.617  0.021 -0.081 -0.672 -1.356  0.726 -1.117  0.325 -0.299 -0.148  0.419 -0.205 -0.120 -0.636  0.078 -0.290 -0.390  1.801 -0.125  0.000
T       -0.024  0.063 -0.214 -0.027 -0.351 -1.625  0.823 -1.071 -0.363 -0.647  0.623 -0.510 -0.322 -0.540 -0.858 -0.278 -0.274 -0.682  0.369 -0.033 -0.750
V        0.721 -1.262 -0.733 -0.442  0.078 -1.593 -0.506 -0.691 -0.456 -0.323 -0.631 -0.170 -0.016 -0.226 -0.274 -0.223 -0.504 -0.452 -0.194 -0.214  0.000
W        0.000  0.000 -0.818  0.068 -0.235 -1.144  0.000 -1.995  0.021  0.763  0.000  0.078  0.197 -0.267 -0.055 -0.237 -1.350 -1.109  0.000  0.000  0.000
Y       -0.609  0.000 -0.820 -0.720  0.126 -2.486  0.000 -1.500 -1.228 -1.198  0.000  0.327 -0.702  0.063 -0.856 -0.506 -0.720 -1.852  0.744  0.000  0.000
X        0.000  0.000  1.308 -0.014  0.000 -2.283  1.115  0.000  0.000  0.000  0.000  0.791 -0.342 -0.311  0.658 -0.278  0.149  0.000  0.000  0.000  0.000
