i-1/i     A      C      D      E      F      G      H      I      K      L      M      N      P      Q      R      S      T      V      W      Y      X
A       -2.346 -5.805 -1.750 -2.640 -1.485 -4.955 -2.529 -0.756 -3.038 -1.142 -1.842 -2.600  0.000 -1.534 -3.001 -1.752  0.308 -1.729 -2.943 -0.820 -1.511
C        1.466 -7.258 -0.095 -0.895  0.000 -3.173  3.561  0.728  4.835 -0.393  0.000  1.506  0.000  0.113  0.721  1.524 -1.542  0.852  0.000 -0.646  0.000
D       -1.648 -0.952 -0.432 -2.258 -1.502 -3.505 -1.807 -0.983 -1.608 -1.428 -0.282 -1.540  0.000 -2.102 -2.860 -2.393 -0.952 -1.288 -1.722 -0.067  0.064
E        0.089  4.108 -0.055 -0.770 -0.598 -2.769 -1.049  1.022 -1.730 -0.025 -0.280 -1.374  0.000 -0.791 -0.523 -0.279  0.873  0.718  0.999 -0.323 -1.205
F       -1.068  3.353 -0.555 -0.083 -2.750 -3.544  2.501 -0.870 -0.419 -2.617  2.847  0.709  0.000 -0.521 -1.795  0.338  0.284  0.483  0.000  1.058  0.000
G       -2.290 -2.452 -1.125 -2.417 -1.949 -4.512 -2.374 -0.383 -3.355 -2.090 -1.535 -2.587  0.000 -3.069 -3.249 -1.466 -1.637 -1.197 -1.255 -1.923 -0.717
H       -0.612  0.000 -1.055 -1.708  2.378 -3.611  0.705  1.058 -1.624 -0.735 -0.335  0.547  0.000 -3.421 -1.347 -2.431 -0.914  2.635 -1.406  0.855  0.000
I        3.047  6.106  3.549  2.063  1.030 -0.837  2.187  3.514  2.135  1.643  3.352  1.397  0.000  4.321  2.503  1.996  1.989  3.322  0.000  2.442  0.000
K       -0.079  0.377 -0.671 -1.196 -1.341 -2.920 -2.905  1.745 -0.793  0.318  0.016 -0.515  0.000 -0.848 -1.516 -0.600  0.197  0.847 -0.123 -1.481  0.885
L       -1.618 -0.419 -0.699 -0.609 -0.759 -4.899  0.374  0.127 -0.850 -0.366  0.118 -0.966  0.000 -1.455  0.249 -0.644 -0.853  0.166 -0.806 -2.069  0.774
M       -0.423  0.000  0.607 -0.498  0.666 -3.040  1.685  0.647 -0.679  0.893  0.662  1.063  0.000 -0.862  0.198  0.150  0.532  1.089 -0.875  0.449  0.000
N       -1.929 -3.241 -0.421 -2.109  2.090 -3.363  0.000 -0.832 -2.609 -1.878 -1.413 -1.823  0.000 -2.325 -2.309 -0.712 -0.006 -1.302 -1.235 -1.044 -1.945
P       -1.560 -2.409 -2.564 -1.764 -1.350 -3.850 -1.719  0.457 -1.704 -1.190 -1.887 -2.631 -0.771 -1.520 -1.769 -0.903 -1.122 -0.384  0.266 -0.704  0.508
Q       -0.009  0.483 -0.024 -1.048  0.718 -3.683 -1.479  1.526 -0.837 -0.716 -1.122 -0.843  0.000 -0.935 -1.509 -1.118 -1.843 -1.323  0.581 -1.431 -2.899
R       -0.318  0.175 -0.544 -0.483  0.953 -4.151  0.129  0.762 -0.537 -0.411  1.123 -0.543  0.000 -1.656 -1.198 -1.362  0.250 -0.263 -0.807 -0.630 -1.814
S        0.303 -0.839  1.287 -0.530 -0.333 -2.100 -0.191 -0.186  0.345 -0.299  0.717  0.440  0.000 -0.098  0.145  0.307  0.514  0.602  0.016  1.151 -1.154
T        0.966  2.704 -0.219  0.684  2.327 -2.917  1.294  2.422 -0.085  0.885  0.444  0.313  5.505  0.399  0.308 -0.072  1.679  2.017  2.436  1.286  1.301
V        1.656  1.023  3.153  1.205  2.191 -1.353 -0.447  2.922  1.955  2.936  3.622  2.736  0.000  1.881  2.007  1.038  1.815  2.790  3.531  2.070  0.000
W        0.000  0.000  0.486 -3.102  2.530 -5.456  3.870  0.000 -2.062  0.599  0.521  0.645  0.000  0.393 -1.796  1.213  2.657  2.183 -2.431  0.000  0.000
Y       -0.108  0.000 -0.713 -1.254 -1.113 -3.556  1.121  0.156 -0.121  1.322  0.797 -0.813  0.000 -1.133 -0.823 -0.008  0.382  2.359  1.838  3.236  0.000
X        0.000  0.000 -0.024  3.330  0.000 -3.459  0.000  0.000  0.000  0.000  0.000  3.182  0.000  0.481 -1.926  0.326  3.012 -1.909  0.000  0.000  1.542
