i-1/i     A      C      D      E      F      G      H      I      K      L      M      N      P      Q      R      S      T      V      W      Y      X
A        1.085  0.000  0.020 -0.019  0.000  0.000  1.079 -0.764  1.208 -0.307  0.000 -0.474  0.677  0.658  0.795  0.681 -0.352  0.105  0.000  1.107  0.000
C        0.000  0.000  0.000  0.000  0.000  0.000  0.000  0.823  0.000 -0.441  0.000  0.000  0.396  0.000  0.000  0.000  1.021 -0.479  0.000  0.000  0.000
D        0.700  0.000  1.126  1.065  3.489  0.000  0.000  0.596  0.167  1.230  0.087  0.115  0.064 -0.282 -0.489  0.317  0.092  0.594  0.000 -0.910  0.000
E        0.155  0.000  1.828  0.072  0.638  0.000  0.000  0.677  0.479  0.131  0.000  0.000  0.099  0.619 -0.181 -0.024  0.854 -0.494  0.346  0.000  0.000
F        0.000  0.000 -0.280 -0.352  0.000  0.000  0.000  0.055  0.954  1.710  0.000 -0.772  1.485  0.000  0.859  0.956 -0.229  0.000  0.000  0.000  0.000
G        0.121  0.000  0.000 -0.027  0.000  0.000  0.000  0.000  0.000  0.932  0.426  0.000  0.438 -1.295  0.000  0.000  0.035  0.553  0.000  0.000  0.000
H        0.000  0.000  0.000 -0.145  0.000  0.000  0.000  0.000  0.000  0.876  0.000  0.000  0.233  0.000  0.288  0.000  0.000 -0.011  0.000  0.000  0.000
I        0.000  0.000 -0.124  0.137  0.000  0.000  0.000 -1.388 -0.122 -0.380 -0.507  0.699  0.483  0.565 -0.308 -0.551  0.245  0.732  0.000  0.000  0.000
K        0.530  0.000  0.967  0.664 -0.329  0.000  0.000  0.029  0.077 -0.327  0.000  1.780  0.073  0.340  0.054  0.325 -0.408 -0.221  0.000  1.130 -3.058
L       -0.011 -2.532 -0.356  0.633  0.000  0.000  0.000 -0.409  0.323 -0.208  0.001  0.162  0.259  0.551  0.340 -0.039  0.283 -0.535  0.000  0.000  0.000
M        1.350  0.000  0.000  0.290  0.000  0.000  0.000  0.000 -0.205  0.000  0.000 -0.232  0.363  0.000  0.000  0.739  0.489  0.000  0.000  0.000  0.000
N       -0.227  0.000  0.000  0.895  0.000  0.000  0.000  0.029  0.171 -0.522  0.000  0.000  0.545 -1.104  0.994  0.342  0.000 -1.134 -0.318 -0.256  0.000
P       -1.314 -0.497  0.209 -0.661 -0.419  0.000 -0.213 -0.178 -0.455 -0.976 -0.433  0.627 -1.231 -0.663 -0.664 -1.005 -0.690  0.025  0.000 -1.052 -1.317
Q        0.720  0.000 -0.030  0.000  0.000  0.000  0.000  0.000 -0.552  0.040  1.519  0.000  0.030  0.000  1.281  0.993  0.000  0.219 -0.047  0.000  0.000
R        0.776  0.946 -1.048  0.758  0.000  0.000  0.699 -0.267  0.364  1.010  0.000 -0.219  0.073  0.414  1.161 -0.060  0.524  0.363  0.000  0.765  0.000
S        0.709  0.000  1.090 -0.179  0.579  0.000 -0.546  0.606  0.507  0.612  0.369  0.000  0.339 -0.511  0.949  0.592  0.656  0.662  0.683  0.986  3.787
T       -0.038  0.000  1.239  1.187 -0.639  0.000  0.000 -0.994 -0.183  0.291 -1.151 -1.151  0.628  1.207  0.594  0.189  0.256  1.202  0.000  1.066  0.000
V       -0.291  0.000  0.524  0.554  0.029  0.000  0.000  0.355 -0.316  0.190  0.596  0.464  0.399 -0.122  0.284  0.367  0.110  0.228  0.000  1.625  0.000
W        0.000  0.000  0.000  0.972  0.000  0.000  0.000  0.000 -3.597  0.000  0.000  0.000  0.361  0.000  0.000  0.605  0.000  0.000  0.000  0.000  0.000
Y        0.000  0.000 -0.898  0.000 -1.803  0.000  0.000  0.000 -0.083 -0.897  0.000  0.162  0.414  0.000  0.623  0.000  0.000  0.000  0.000  0.000  0.000
X        0.000  0.000  0.000  0.000  0.000  0.000  0.000  2.219  0.000  0.000 -1.381  0.000  0.000  0.000 -0.053  0.000  0.785  0.000  0.000  0.000  0.000
