i-1/i     A      C      D      E      F      G      H      I      K      L      M      N      P      Q      R      S      T      V      W      Y      X
A        1.438  0.000  0.939  1.483  0.000  0.000  0.000  0.000  0.000 -0.344  0.000  0.000  0.071  0.192  1.618  0.722  0.000  0.840  0.000  0.000  0.000
C        0.000  0.000  0.000  0.000  0.000  0.000  0.000  0.000  1.889  0.000  0.000  0.000  0.000  0.000  0.000  0.000  0.000  0.000  0.000  0.000  0.000
D       -0.065  0.000  0.000  0.247  0.000  0.000  0.000  0.000  0.000  0.000  0.000  0.000 -0.608  0.000  0.000  0.726  0.000  0.000  0.000  0.000  0.000
E        0.000  0.000  0.057  0.000  1.407  0.919  0.000  0.061  0.275  0.585  0.000  0.000  0.006  1.507 -0.514  0.198  0.136 -0.856  0.000 -0.339  0.000
F        0.891  0.000  1.073  0.000  0.000  0.000  0.000  1.462  0.186  0.000  0.000  0.000  1.368  0.000  0.000  2.849  0.000  1.282  0.000  0.000  0.000
G        0.000  0.000  0.570  0.000  0.000  0.000  0.000  0.846  0.000  0.000  0.000  0.000 -0.810 -1.909 -1.019  0.000  0.000 -1.088  0.000  0.000  0.000
H        0.000  0.000  0.000  0.000  0.000  0.000  0.000  0.000  0.000  0.605  0.000  1.547 -0.773  0.000  0.000  0.000  0.000  0.717  0.000  0.000  0.000
I        0.740  0.000  0.000  1.500  0.000  0.000  0.000  0.000  0.360  0.625  0.000  1.523  0.395  0.000  2.082 -0.038 -1.639 -0.276  0.000  0.402  0.000
K       -1.157  0.000 -0.957  0.913 -0.104  1.915 -0.345  0.000  0.880  0.817  0.000  0.000 -0.174  0.000  0.188  0.891 -0.171 -0.312  2.558  0.000  0.171
L        0.816  0.000 -0.220  0.367  0.000 -1.530  0.000 -0.250  0.781  0.659  0.000  1.582  0.974  0.706  1.748 -0.316  0.612  0.204  0.000  0.000  0.000
M        0.543  0.000  0.000 -0.417  0.000  0.000  0.000  0.000  0.000 -1.142  0.000  0.000  1.411  0.000  0.000  0.124  0.000  0.000  0.000  0.000  0.000
N        0.000  0.000  0.000  0.000  0.000  0.000  0.000  0.000  0.000  2.177  0.000  0.000 -1.196 -1.022  0.000 -0.813 -0.472  0.000  0.000  0.000  0.000
P       -0.062  0.000  0.110 -0.365  0.000  0.000  0.000  0.416  0.131  0.679  0.000 -0.051 -0.097 -0.482  1.643  0.107 -0.221  1.061  0.000 -0.660  0.000
Q        0.299  0.000  1.323  0.000  0.000  0.000  0.000 -0.287  0.000 -0.763 -0.321  0.000 -0.093  0.000  0.000  0.000  0.945  0.000  0.000  0.000  0.000
R        0.299  0.000 -0.029  0.942  0.000  0.000  0.000  0.000  0.000  0.665  0.000 -0.547  0.049  0.000  0.439 -1.439  0.000  0.218  0.000  0.000  0.000
S        0.046  0.000  2.157  0.000  0.000  0.000  0.000  0.075  0.306  0.000  0.000  0.000  0.286  0.000  0.000  0.157  0.389  0.783  2.072  0.000  0.000
T        0.834  0.000 -0.186  0.000  1.045 -0.247  3.026 -0.217 -0.908  0.000  0.000  0.000 -1.626  0.693  0.919  0.391  0.916 -0.118 -1.062  0.000  0.000
V        2.006 -1.544  0.147  0.408  0.000  0.000  0.000  0.000  0.282  0.729 -0.091  0.183  0.586  0.090 -0.521 -0.124  0.000  0.785  0.000  0.456  0.000
W        0.000  0.000  0.000  1.472  0.000  0.000  0.000  0.000  0.000  0.000  0.000  1.426  1.234  0.000  0.000  0.000  0.000  0.000  0.000  0.000  0.000
Y        0.000  0.000  0.000  0.356  0.000  0.000  0.000  0.000  0.000  0.000  1.518  0.000  0.647  0.000  0.000  0.000  0.000  0.000  0.000  0.000  0.000
X        0.000  0.000  0.000  0.000  0.000  0.000  0.000  0.000  0.000  0.000  0.000  0.000  0.303  0.000  0.000  0.000  0.000  0.000  0.000  0.000  0.000
