i-1/i     A      C      D      E      F      G      H      I      K      L      M      N      P      Q      R      S      T      V      W      Y      X
A       -0.043  0.000  0.244  0.000 -0.338  0.000  0.000  0.000  0.115 -0.038  0.064  0.000  0.060  0.012 -0.001  0.000  0.227  0.281  0.000 -0.081  0.000
C        0.000  0.000  0.000  0.000  0.000  0.000  0.000  0.000  0.106  0.000  0.000  0.000  0.000  0.000  0.000  0.000  0.000  0.143  0.000  0.000  0.000
D       -0.202  0.000  0.000  0.130  0.032  0.000  0.000 -0.059  0.122 -0.112  0.000  0.000  0.123 -0.284 -0.293  0.162 -0.230 -0.093  0.000  0.000  0.000
E        0.000  0.000  0.000  0.000  0.340  0.000  0.000 -0.227 -0.162  0.104 -0.092  0.000 -0.089  0.094  0.020  0.000  0.000  0.023 -0.112 -0.022  0.000
F        0.000  0.000  0.000 -0.288  0.000  0.000  0.000  0.000 -0.066  0.036  0.000  0.000  0.000  0.000  0.000  0.000 -0.037  0.077  0.000  0.000  0.000
G       -0.322  0.000  0.000  0.233  0.000  0.000  0.000  0.000  0.764 -0.074  0.000  0.000  0.000  0.000  0.281  0.000  0.066  0.071  0.000  0.000  0.000
H        0.000  0.000  0.000  0.000  0.000  0.000  0.000  0.000 -0.080 -0.209  0.000  0.000  0.000  0.000  0.000  0.000 -0.059  0.000  0.000  0.000 -0.135
I        0.000  0.000  0.000 -0.008  0.000  0.000  0.000  0.017  0.216  0.094  0.000  0.000  0.169  0.110  0.147  0.026  0.048 -0.006  0.000  0.000  0.000
K       -0.100 -0.083  0.000  0.112 -0.226  0.000  0.000  0.000  0.019 -0.045  0.000  0.000  0.073  0.000  0.000 -0.001  0.137 -0.025  0.000  0.000 -0.383
L        0.105  0.000  0.530  0.034  0.000  0.000 -0.274 -0.045  0.022  0.092 -0.214 -0.320  0.202  0.237  0.146  0.154  0.000  0.137  0.000 -0.033  0.000
M        0.000  0.000  0.000  0.000  0.000  0.000  0.000  0.000  0.000  0.000  0.000  0.000  0.000  0.127  0.000  0.049  0.000  0.004  0.000  0.231  0.000
N        0.000  0.000  0.000  0.168  0.000  0.000  0.030 -0.014  0.000  0.122  0.000  0.141 -0.111  0.000  0.018  0.000  0.000  0.063 -0.130  0.000  0.000
P        0.052  0.136  0.047  0.022  0.285  0.000  0.113  0.145  0.098  0.037 -0.132  0.008  0.119  0.052  0.095  0.074  0.020  0.029  0.161  0.145  0.135
Q        0.476  0.000  0.000  0.248  0.000  0.000  0.000  0.000  0.000  0.066  0.114  0.085 -0.033  0.000  0.000  0.000 -0.091 -0.059  0.000  0.000  0.000
R        0.348  0.000  0.000 -0.003 -0.033  0.000  0.000 -0.010  0.032 -0.080  0.053  0.000 -0.028  0.000  0.001  0.000 -0.054  0.103  0.000  0.159  0.361
S       -0.016  0.000 -0.013 -0.099 -0.037  0.000  0.000 -0.053  0.115 -0.055  0.066 -0.200  0.014  0.000 -0.256  0.340 -0.076  0.069  0.000  0.000  0.311
T       -0.008  0.000  0.000 -0.075  0.000  0.000  0.009  0.000  0.080  0.010  0.000 -0.071  0.122  0.095 -0.252  0.431 -0.048 -0.107  0.000  0.000 -0.099
V       -0.045  0.000 -0.055 -0.004 -0.068  0.000  0.000  0.390  0.019  0.002  0.000  0.008  0.049  0.000  0.350  0.106 -0.126  0.183  0.000  0.000  0.000
W        0.000  0.000  0.000  0.000  0.000  0.000  0.000  0.000  0.183  0.000  0.000  0.000  0.000 -0.377  0.000  0.064 -0.156  0.000  0.000  0.000  0.000
Y        0.000  0.000  0.000  0.000  0.000  0.000  0.000 -0.223 -0.082 -0.018  0.000  0.000  0.039  0.000  0.000  0.000  0.000 -0.184  0.000  0.000  0.000
X        0.000  0.000  0.000  0.000  0.000  0.000  0.000  0.223  0.119  0.000  0.000  0.000 -0.062  0.000  0.073  0.000  0.002  0.000  0.000  0.000  0.000
