i-1/i     A      C      D      E      F      G      H      I      K      L      M      N      P      Q      R      S      T      V      W      Y      X
A        0.191  0.000 -0.347 -0.140  0.000  0.000  0.000 -0.102  0.269 -0.048  0.000 -0.118  0.050 -0.068  0.472 -0.100 -0.254 -0.042  0.000  0.479  0.186
C        0.000  0.000  0.000  0.000  0.000  0.000  0.000  0.386  0.000  0.141  0.000  0.000  0.163  0.000  0.000  0.000  0.088  0.127  0.000  0.000  0.000
D        0.098  0.078 -0.085  0.181  0.261  0.000  0.000 -0.017  0.090 -0.030 -0.161 -0.151 -0.027 -0.218 -0.156 -0.054  0.035 -0.012  0.000 -0.045 -0.021
E       -0.136  0.000  0.265 -0.047  0.343  0.000  0.000  0.234  0.019 -0.181  0.000  0.000  0.012 -0.031 -0.099  0.008  0.086 -0.015  0.000  0.000  0.000
F        0.000  0.000 -0.081 -0.171  0.000  0.000  0.000 -0.284 -0.102  0.003  0.000  0.050 -0.129 -0.175  0.120  0.001  0.564  0.000  0.000  0.000  0.000
G       -0.034  0.000  0.000  0.090  0.000  0.000  0.000  0.000  0.000  0.035 -0.033  0.000 -0.003 -0.430  0.000  0.000 -0.017  0.007  0.000  0.000  0.000
H        0.000  0.000  0.000 -0.173  0.000  0.000  0.000  0.000  0.000  0.012  0.000  0.000 -0.046  0.000  0.030  0.010  0.000 -0.075  0.000 -0.004  0.000
I        0.000  0.000  0.083 -0.041  0.000  0.000  0.000  0.055 -0.065 -0.037  0.000 -0.093  0.048  0.126  0.048 -0.061  0.089  0.137  0.000  0.134  0.000
K        0.035  0.000 -0.197  0.004 -0.232  0.000  0.000 -0.082 -0.028 -0.069  0.000  0.000 -0.043  0.035  0.107 -0.016 -0.228 -0.009  0.000  0.015 -0.011
L        0.013  0.201 -0.030  0.273  0.000  0.000  0.000 -0.016  0.042 -0.116  0.000  0.027  0.015  0.093 -0.115  0.229  0.105 -0.096  0.000  0.000  0.002
M        0.163  0.000  0.000 -0.040  0.000  0.000  0.056  0.000 -0.281  0.000  0.000 -0.033  0.042  0.000  0.000  0.216  0.026  0.000  0.000  0.000  0.000
N       -0.069  0.000  0.000 -0.010  0.000  0.000  0.000 -0.117  0.088 -0.214  0.000  0.000  0.031  0.009 -0.102 -0.087  0.000 -0.241 -0.121 -0.013  0.000
P        0.036 -0.106  0.227  0.131 -0.040  0.000  0.072 -0.017  0.134  0.048 -0.007  0.226  0.162  0.200  0.068  0.177  0.010  0.208  0.000 -0.100  0.099
Q        0.000  0.000 -0.075  0.000  0.000  0.000  0.000  0.000  0.049  0.051  0.020  0.000 -0.064  0.000  0.234  0.051  0.000  0.060  0.223  0.000  0.059
R       -0.334  0.255 -0.035  0.060 -0.219  0.000 -0.103  0.006  0.055  0.046  0.000 -0.200 -0.071  0.095  0.046 -0.010  0.078 -0.003  0.000  0.314 -0.295
S        0.329  0.027  0.055  0.213 -0.104  0.000 -0.004  0.083 -0.104 -0.002 -0.063  0.000  0.015 -0.187  0.207  0.118  0.327 -0.011  0.081  0.518 -0.406
T        0.134  0.000  0.088  0.149  0.025  0.000  0.000 -0.162  0.076  0.122 -0.181 -0.499  0.127  0.082  0.013  0.037 -0.032  0.244  0.000 -0.132  0.000
V       -0.019  0.000 -0.012 -0.068 -0.077  0.000  0.000 -0.060 -0.021  0.322  0.177  0.103  0.022  0.060  0.046  0.179 -0.110 -0.058  0.000  0.068  0.184
W        0.020  0.000  0.000  0.037  0.000  0.000  0.000  0.000  0.000  0.000  0.000  0.000 -0.086  0.000  0.000  0.111  0.000  0.000  0.000  0.000  0.000
Y        0.000  0.000 -0.279  0.000  0.000  0.000  0.000  0.000  0.541  0.158  0.000 -0.303 -0.086  0.000  0.103  0.000  0.000  0.311  0.000  0.000  0.000
X        0.000  0.000  0.000  0.000  0.000  0.000  0.000  0.123  0.053  0.000  0.410  0.041  0.028  0.000  0.068  0.000  0.119 -0.187  0.000  0.000  0.346
