i-1/i     A      C      D      E      F      G      H      I      K      L      M      N      P      Q      R      S      T      V      W      Y      X
A        0.249  0.000  0.011 -0.042  0.000  0.000  0.000  0.000 -0.009 -0.017  0.402 -0.016  0.007  0.034  0.000 -0.172 -0.066  0.033 -0.340  0.000  0.000
C        0.000  0.000 -0.236  0.000  0.000  0.000  0.000  0.000  0.000 -0.068  0.000  0.000  0.072  0.000 -0.125 -0.222  0.000  0.000  0.000  0.000  0.000
D       -0.198  0.000 -0.095  0.052 -0.474  0.000  0.000  0.022 -0.119  0.087  0.000  0.000 -0.083 -0.084 -0.546  0.000 -0.079 -0.156  0.000 -0.305  0.000
E       -0.270  0.000 -0.275 -0.033  0.185  0.000  0.000 -0.262 -0.178 -0.006  0.001 -0.130  0.034  0.000 -0.031  0.019 -0.100  0.051 -0.053  0.000  0.000
F        0.000  0.000 -0.167  0.176  0.000  0.000  0.000  0.000 -0.081  0.000  0.000  0.000  0.021  0.000  0.000  0.082  0.047  0.148  0.000  0.000  0.000
G        0.238  0.000  0.000 -0.117  0.000  0.000  0.000 -0.130 -0.321 -0.248 -0.227  0.000  0.053 -0.252 -0.121  0.032 -0.133  0.406  0.000  0.000  0.000
H        0.000  0.000  0.000  0.000  0.000  0.000  0.000  0.000  0.000  0.000 -0.064  0.000 -0.122  0.000  0.078 -0.041  0.000  0.000  0.000  0.000  0.000
I       -0.154  0.307 -0.034  0.150 -0.058  0.000  0.000  0.013  0.197 -0.107  0.000 -0.089 -0.069  0.000  0.026 -0.103  0.049  0.179  0.000  0.000 -1.095
K        0.266  0.000 -0.017 -0.004 -0.142  0.000  0.000  0.087 -0.025  0.013  0.277 -0.164 -0.031  0.000 -0.479  0.233 -0.073 -0.059  0.000 -0.603  0.038
L       -0.041 -0.500 -0.072  0.061  0.204  0.000 -0.077 -0.080 -0.054  0.169  0.000 -0.002  0.102 -0.137  0.004  0.064  0.129  0.094  0.000  0.065  0.000
M        0.000  0.000  0.042  0.000  0.000  0.000  0.000 -0.088  0.000  0.000  0.000 -0.048  0.102 -0.473  0.000 -0.086  0.002  0.132  0.000  0.000 -0.016
N       -0.455  0.000  0.018  0.000 -0.179  0.000  0.000  0.128  0.000 -0.043  0.061  0.000  0.080  0.000 -0.181  0.000  0.424 -0.029  0.000 -0.346  0.016
P        0.001  0.079  0.053 -0.086 -0.171  0.000  0.139  0.037 -0.099  0.019 -0.336 -0.164 -0.019 -0.137  0.007 -0.170 -0.047 -0.101 -0.071 -0.152  0.034
Q        0.003  0.000 -0.140  0.017  0.104  0.000  0.000  0.168  0.088 -0.177  0.000 -0.081  0.094  0.000  0.001  0.008 -0.126  0.213  0.000  0.000  0.000
R        0.323  0.000  0.205 -0.103  0.473  0.000  0.000 -0.171  0.286 -0.191  0.000 -0.237 -0.043  0.143  0.071 -0.019  0.016 -0.217  0.000 -0.015  0.282
S       -0.054  0.000 -0.189 -0.284  0.000  0.000  0.046 -0.039 -0.046  0.057  0.046 -0.110  0.078  0.095  0.058  0.214 -0.198 -0.241 -0.236  0.000  0.000
T        0.097 -0.086  0.004 -0.185 -0.111  0.000  0.000 -0.225 -0.096  0.021  0.155  0.000 -0.002  0.000 -0.177 -0.411 -0.037 -0.130  0.000  0.000  0.021
V        0.104  0.078  0.002 -0.007  0.000  0.000 -0.069  0.122  0.183 -0.070  0.000  0.043  0.112  0.043  0.058  0.071 -0.059 -0.038  0.000  0.128 -0.221
W        0.000  0.000  0.000  0.000  0.000  0.000  0.000  0.000  0.000  0.000  0.000  0.000  0.000  0.046  0.000  0.087  0.000  0.000  0.000  0.000  0.000
Y        0.680  0.000 -0.085  0.000  0.000  0.000  0.218  0.206 -0.233  0.000  0.000 -0.127 -0.067  0.000  0.301  0.142  0.000 -0.081  0.000  0.000  0.000
X        0.145  0.000 -0.035  0.000  0.000  0.000  0.000  0.000  0.054 -0.134  0.000  0.000 -0.029 -0.377 -0.099 -0.087  0.000  0.037  0.000  0.000 -0.094
