i-1/i     A      C      D      E      F      G      H      I      K      L      M      N      P      Q      R      S      T      V      W      Y      X
A        0.165  0.000 -0.003  0.000 -0.011  0.420  0.000 -0.196 -0.433 -0.142 -0.172  0.000  0.000 -0.278 -0.227 -0.506  0.087 -0.394  0.000  0.000  0.000
C        0.000  0.000  0.000  0.000  0.000  0.000  0.000  0.000  0.461  0.000  0.000  0.000  0.000  0.000  0.000  0.000  0.000  0.062  0.000  0.000  0.000
D       -0.272  0.000  0.000 -0.015 -0.481  0.332  0.000  0.605  0.188  0.103  0.000  0.000  0.000 -0.269 -0.863  0.367  0.078  0.211  0.000  0.000  0.000
E        0.000  0.000 -0.309  0.000  0.000  0.000  0.000 -0.265  0.205 -0.051  0.191  0.000  0.000 -0.012  0.139  0.000  0.000  0.105 -0.533 -0.379  0.000
F        0.000  0.000  0.000 -0.050  0.000 -1.116  0.000  0.000  0.223  0.076  0.000  0.000  0.000  0.000  0.000  0.000 -0.495  0.021  0.000  0.000  0.000
G       -0.065  0.000  0.000  0.038  0.000  0.052  0.000  0.000 -0.294 -0.191  0.000  0.000  0.000  0.000 -0.034  0.000 -0.100  0.237  0.000  0.000  0.000
H        0.000  0.000  0.000  0.000  0.000  0.000  0.000  0.000  0.182 -0.193  0.000  0.000  0.000  0.000  0.000  0.000 -0.483  0.000  0.000  0.000 -0.304
I        0.000  0.000  0.000  0.444 -0.383 -0.323  0.000  0.059 -0.058 -0.227  0.000  0.000  0.000 -0.095  0.302 -0.664 -0.310 -0.526  0.000  0.000  0.000
K       -0.466  0.577  0.000 -0.181 -0.483  0.000  0.000 -0.298 -0.165  0.274  0.000  0.000  0.000  0.000  0.000  0.157  0.045 -0.590  0.000  0.000 -0.019
L       -0.044  0.000 -0.110 -0.428  0.000  0.022 -0.811  0.099 -0.121  0.060 -0.052  0.240  0.000 -0.282  0.081 -0.222  0.000 -0.171  0.000 -0.207  0.000
M        0.000  0.000  0.000  0.000  0.000  0.000  0.000  0.000  0.000  0.000  0.000  0.000  0.000 -0.728  0.000 -0.167  0.000 -0.106  0.000 -0.369  0.000
N        0.000  0.000  0.000 -0.498  0.000  0.022 -0.303  0.201  0.000 -0.229  0.000  0.448  0.000  0.000 -0.199  0.000  0.000  0.096  0.779  0.000  0.000
P       -0.061 -0.361 -0.144 -0.185 -0.032 -0.547  0.065 -0.225 -0.120 -0.040 -0.234 -0.316  0.000 -0.052 -0.044 -0.051 -0.012 -0.192 -0.075 -0.272  0.022
Q        0.065  0.000  0.000  0.063  0.000  0.000  0.000  0.000  0.000 -0.321 -0.123 -0.436  0.000  0.000  0.000  0.000  0.200 -0.546  0.000  0.000  0.000
R       -0.177  0.000  0.000 -0.023 -0.277 -0.173  0.000 -0.026 -0.097  0.274  0.053  0.000  0.000  0.000  0.073  0.000 -0.241  0.141  0.000 -0.288  0.308
S       -0.135  0.000 -0.009 -0.095  0.459  0.028  0.000 -0.249 -0.215 -0.095 -0.145  0.010  0.000  0.000 -0.588 -0.069 -0.023 -0.156  0.000 -0.152 -0.110
T        0.017  0.000  0.000 -0.033  0.000  0.000  0.268  0.000 -0.145 -0.034  0.000 -0.416  0.000  0.316 -0.562 -0.380  0.017 -0.250  0.000  0.000  0.102
V       -0.399  0.000 -0.148 -0.132 -0.857  0.360 -0.522  0.185 -0.164 -0.269  0.000  0.232  0.000  0.000 -0.225 -0.365 -0.286  0.100  0.000  0.000  0.000
W        0.000  0.000  0.000  0.000  0.000  0.000  0.000  0.000 -0.008  0.000  0.000  0.000  0.000  1.154  0.000  0.515  0.000  0.000  0.000  0.000  0.000
Y        0.000  0.000  0.000  0.000  0.000 -0.389  0.000 -0.183 -0.238 -0.167  0.000  0.000  0.000  0.000  0.000  0.000  0.000  0.698  0.000  0.000  0.000
X        0.000  0.000  0.000  0.000  0.000 -0.167  0.000  0.037  0.121  0.000  0.000  0.000  0.000  0.000 -0.384  0.000  0.101  0.000  0.000  0.000  0.000
