i-1/i     A      C      D      E      F      G      H      I      K      L      M      N      P      Q      R      S      T      V      W      Y      X
A       -0.128 -0.579 -0.018 -0.065  0.326  0.000  0.081 -0.029 -0.075  0.184  0.173 -0.185  0.097 -0.198 -0.235 -0.092  0.012  0.004 -0.013  0.722 -1.543
C       -0.208  1.688 -0.794  0.000  0.415  0.000 -0.347  0.911 -0.265 -0.209  1.104  0.000  0.476  0.000 -0.004 -0.359 -0.192  1.014  1.072  0.085  0.000
D        0.291  1.854 -0.294  0.007  0.882  0.000  0.191  0.018  0.007 -0.259  0.488  0.088 -0.032 -0.242  0.157 -0.194  0.271 -0.184  1.111 -0.209 -0.195
E        0.049 -1.322  0.011  0.007  0.385  0.000  0.545 -0.612  0.072 -0.046  0.112 -0.204 -0.148  0.158  0.205 -0.117  0.504 -0.379  1.053  0.279  1.718
F        0.644  1.854 -0.015  0.030  0.481  0.000  0.038  0.605  0.189  0.524  0.793 -0.352  0.589 -0.284 -0.279  0.026  0.417  0.139  0.893 -0.291  0.000
G       -0.074  3.687 -0.239  0.007 -0.061  0.000  0.420  0.204 -0.033  0.186 -0.022 -0.089  0.190  0.226 -0.211 -0.030 -0.006 -0.234  1.372  0.572  0.656
H        0.130  0.000 -0.095  0.002  0.000  0.000 -0.078 -0.031  0.185 -0.505 -0.917 -0.322  0.290 -0.186  0.121 -0.027  0.323 -0.573  0.997 -0.072  0.000
I        0.001 -1.803  0.652 -0.021  1.165  0.000 -0.613  0.724 -0.073  0.165  0.571  0.609  0.147 -0.238  0.064  0.190  0.791  0.262  0.331 -0.627  0.000
K       -0.256  0.000 -0.309 -0.107 -0.322  0.000  0.084 -0.154 -0.191  0.030  0.513 -0.299 -0.066 -0.500 -0.220 -0.114 -0.053 -0.201 -0.229 -0.081  0.000
L        0.081  0.000  0.047  0.008  0.029  0.000  0.136 -0.219  0.045  0.548  0.424  0.130  0.225 -0.453 -0.262  0.164  0.416  0.162  1.277 -0.042  1.984
M       -0.238 -1.764  0.296  0.085  0.000  0.000  0.658 -0.096  0.278 -0.132  0.086 -0.074 -0.218 -0.116 -0.145  0.130  0.960 -0.207  1.390  0.179  0.078
N       -0.126  0.000 -0.649  0.073  0.384  0.000 -0.526 -0.116  0.217 -0.121  1.332 -0.076  0.236 -0.160 -0.103 -0.201 -0.014  0.051  0.997 -1.201  0.000
P        0.154 -0.542  0.034  0.068 -0.323  0.000  0.491  0.119 -0.179  0.364 -0.436 -0.719  0.139  0.284 -0.187 -0.134  0.313 -0.214  0.466  0.113  0.696
Q       -0.146  0.829 -0.163 -0.123 -0.194  0.000  0.915 -0.420 -0.334 -0.262  0.344 -0.173  0.236 -0.240  0.064 -0.038  0.175 -0.285  0.970  0.127  0.000
R        0.338  0.000  0.307  0.047  0.679  0.000  0.239  0.369 -0.036  0.197  0.050  0.450  0.001 -0.136 -0.082  0.004 -0.117 -0.151  0.429  0.376  0.000
S       -0.239 -1.433  0.046 -0.221  1.338  0.000  0.638 -0.002 -0.031  0.100 -0.095  0.047  0.366 -0.214 -0.102 -0.023  0.041 -0.146  0.247  0.091  2.453
T        0.221 -1.416  0.229 -0.239  1.139  0.000  0.594  0.248 -0.016  0.179  0.305  0.201  0.247 -0.199 -0.219  0.105  0.052 -0.005  0.478  0.410  0.014
V        0.085  4.209 -0.101 -0.147  0.983  0.000  0.610  0.177  0.121  0.204  0.864 -0.381  0.106  0.334  0.450 -0.046 -0.078  0.103  0.000  0.363  1.471
W        0.945 -1.753  0.018 -0.166  0.073  0.000  0.000  0.000  0.569 -0.229  0.000 -0.284 -0.038 -0.448  0.000  0.378 -0.695 -0.713  0.000  0.588  0.000
Y       -0.087  0.000 -0.057 -0.035  1.415  0.000  0.000  0.374  0.186 -0.292 -0.275  0.027  0.399 -0.012  0.224  0.111 -0.029 -0.355  0.000 -0.468  0.000
X        0.266  0.000  0.000 -0.032  0.000  0.000  0.000  0.000  0.000  0.000  0.000  0.024  0.460  0.673  0.000 -0.591  0.389  0.000  0.000  0.000  0.000
