i-1/i     A      C      D      E      F      G      H      I      K      L      M      N      P      Q      R      S      T      V      W      Y      X
A        0.412 -0.277 -0.179 -0.328 -0.722 -1.712 -0.339 -0.768 -0.505 -0.309 -0.022  0.021 -0.379 -0.401 -0.591 -0.389 -0.717 -0.853  0.000 -0.715  0.000
C       -1.199  0.000 -0.690 -1.237  0.000 -0.474  0.000 -0.649 -0.083 -0.420  0.000  0.254  0.017  0.840 -0.525  0.000 -0.467  0.883  0.000  0.000  0.000
D        0.089  0.833 -0.622 -0.446 -0.933 -2.035  0.055 -1.552 -0.796 -0.818 -0.893  0.200 -0.787  0.042 -0.815 -0.386 -0.765 -1.212 -0.872 -0.313 -2.633
E        0.564 -0.068 -0.267 -0.212 -0.764 -1.703 -0.442 -0.769 -0.106 -0.132 -0.211 -0.212 -0.197 -0.679 -0.550 -0.227 -0.378 -0.390  1.383 -0.194 -0.822
F        0.110  0.000 -0.713 -0.247  0.273 -1.661  0.062 -0.407 -0.511 -1.231 -1.028 -0.276 -0.878 -0.669 -0.340 -0.866 -1.289 -0.545 -1.560 -0.157  0.000
G        0.335  0.717  0.139  0.261  0.663 -0.869  1.087  0.009  0.321  0.495  0.569  0.966  0.149  0.543  0.018  0.347  0.248  0.138  0.211  0.289 -0.604
H        0.307  1.468 -0.379 -0.301 -0.037 -1.375 -0.498 -1.631 -1.241 -0.415 -0.850 -0.477 -0.142 -0.305  0.016 -0.552 -0.876 -1.921  0.157 -1.344  0.000
I        0.058  1.083 -0.716 -0.409  0.814 -1.459 -0.206 -0.067 -0.590 -0.660  1.248 -0.147 -0.263 -0.231 -0.953 -0.355 -0.295 -0.090 -0.519 -0.503  0.000
K        0.481  0.856  0.062 -0.101 -0.357 -1.898 -0.136 -0.791 -0.331 -0.408 -0.671 -0.203 -0.251 -0.164 -0.170 -0.013 -0.580 -0.685  0.532 -0.842  0.000
L        0.446 -0.393 -0.540 -0.230 -1.250 -1.282  0.744 -0.778 -0.412  0.122 -0.663  0.155  0.121 -0.140 -0.408 -0.425 -0.753 -0.589  0.689 -0.174  0.000
M        0.131  0.000 -0.308 -0.187 -1.220 -1.426  0.796  0.004 -0.371 -0.043 -0.283 -0.107 -1.042  0.066  0.225 -0.386 -0.355 -0.898  0.000  0.000  0.000
N       -0.082 -1.279 -0.229 -0.311 -0.522 -1.534 -0.153 -0.969 -0.479 -0.799 -0.848 -0.083 -0.615 -0.422 -0.685 -0.022 -0.741 -0.660  0.997 -0.597 -0.758
P       -1.555  0.000 -0.798 -1.359 -1.588 -3.137  0.261 -2.479 -1.875 -2.251 -0.939 -1.345 -0.241 -1.960 -2.155 -0.937 -1.794 -1.262  0.000 -2.424 -0.276
Q        1.177  0.665 -0.353 -0.369  0.164 -1.571 -0.441 -1.001 -0.262 -0.735  0.533  0.142 -0.263  0.013 -0.184 -0.290 -0.182 -0.915  1.750  0.754 -0.092
R        0.441 -0.458 -0.104  0.017 -0.758 -1.409 -0.601 -0.567 -0.358 -0.197 -0.354 -0.387 -0.303 -0.110 -0.211 -0.272 -0.686 -0.127  0.000 -0.575  0.571
S        0.250 -1.266 -0.509  0.040 -0.830 -1.381  0.647 -1.009 -0.090 -0.113  0.104  0.205  0.210  0.291 -0.231 -0.117 -0.428 -0.378 -0.294  0.527 -1.037
T        0.235  1.369  0.285 -0.247  0.091 -1.384  0.777 -0.736  0.209 -0.042 -0.330  0.353 -0.122  0.400 -0.262  0.064 -0.340  0.011  0.693  0.370 -0.494
V        0.218 -0.054 -0.486 -0.507  1.179 -1.415  0.234 -0.879 -0.107  0.179  0.443 -0.183 -0.110  0.032 -0.898 -0.387 -0.847 -0.470 -0.351 -1.106 -1.521
W       -0.627  0.000 -0.032 -0.383  0.000 -1.210 -1.097  0.000 -0.243 -1.096  0.249 -1.157  0.300 -0.797 -1.396 -1.206 -0.773 -0.628  0.000 -0.808  0.000
Y        0.053  0.000 -0.774 -0.386 -0.636 -1.714 -1.797 -0.348 -0.978 -0.089  0.008 -0.604 -0.583  0.107 -0.446 -0.254 -1.169 -0.217  0.000  0.000  0.000
X        0.840  0.000 -0.675  0.966  0.000 -1.284  0.000  0.000 -0.605 -0.211  0.000 -0.344 -1.198  0.000  0.000  0.000 -1.197  0.000  0.000  0.000  0.000
