i-1/i     A      C      D      E      F      G      H      I      K      L      M      N      P      Q      R      S      T      V      W      Y      X
A        0.441  2.229  0.261 -0.794  1.206 -2.963 -3.714  0.066 -1.431 -0.380  0.023 -0.686  0.000 -0.408 -1.731  0.045  0.722  1.282  2.000 -1.067 -1.387
C        0.055 -0.697 -0.415  0.000 -0.744 -3.013  0.000 -1.585 -1.053 -1.015  3.873  0.000  0.000 -5.525  2.219  0.511 -0.096 -1.881  5.332 -2.325  0.000
D       -0.309  0.433 -0.516 -1.172 -0.090 -4.033 -0.816  0.599 -0.325 -0.211 -0.537 -0.551  0.000 -1.808 -2.268 -0.139  0.083 -0.005 -1.269  2.059 -0.756
E        0.238  0.000 -0.624 -1.245  0.525 -3.445 -0.930  1.858 -0.881 -0.997  1.135 -1.359  0.000 -0.464 -1.210 -0.499  0.188  0.016  1.990  0.145 -3.821
F       -0.226  4.321 -0.267 -1.852  0.038 -3.097 -1.113  1.215 -1.197 -0.903  0.598  0.149  0.000 -0.640 -1.194 -1.129  1.773 -3.662  2.508 -0.592  0.000
G        0.104 -1.573  0.238 -0.732 -0.486 -3.842 -0.800  0.396 -1.564 -0.822  0.063 -1.249  0.000 -1.354 -1.059 -0.962 -0.029  1.309  1.727 -0.591  2.390
H       -0.340 -0.498  0.122 -2.424 -1.448 -4.405 -0.280  0.904 -0.314 -0.212 -0.284 -0.517  0.000 -0.385 -2.070  0.161 -2.338 -0.451 -0.091 -0.188  0.000
I       -0.243  0.910  2.111 -1.200 -1.122 -3.945  0.386  0.079 -1.499 -1.097 -0.620 -0.206  0.000 -1.672 -1.387 -1.157  1.065 -1.592  0.673 -0.507  0.000
K       -0.941 -0.215 -0.217 -0.990 -0.986 -3.296 -0.017  0.363 -0.975 -0.957  0.255  0.057  0.000 -1.000 -2.562 -0.852  0.501  0.005 -0.226 -1.557  2.148
L       -1.256  0.000 -0.735 -1.036 -1.410 -4.216 -0.527  0.435 -2.376 -1.447 -0.961 -1.107  0.000 -1.506 -1.461 -0.811 -0.467  1.363 -1.397  1.141  0.000
M       -1.184  2.575 -0.742  0.586  0.306 -2.685 -3.637 -0.728 -0.286 -2.246 -0.318 -1.380  0.000 -0.975  0.174 -1.331 -0.475  0.509 -3.919  1.857  2.232
N       -1.077  0.000  0.433 -1.366  1.263 -3.843 -0.699  1.442 -0.597  1.126  1.675  0.794  1.337 -2.018 -1.116 -0.706  0.479  0.960 -1.676 -1.526 -4.525
P       -0.421  0.547 -0.604 -0.342  1.279 -3.978  0.213  0.691 -1.830 -0.508 -2.068 -2.498  0.000 -1.399 -1.791 -1.070  0.122  0.400 -3.089  0.733  2.253
Q       -0.959  1.206 -0.270 -1.165  1.345 -3.443  0.139 -0.168 -0.304  0.259 -1.421 -0.381  0.000 -0.737 -1.636  0.076  0.053 -0.296  0.980 -0.599  0.000
R       -0.590  0.000  0.743 -0.983  0.482 -3.634 -0.004  0.378 -0.991  0.509 -0.472 -0.649  0.000 -0.342 -0.940 -0.630  0.435  0.357  0.373 -0.700  0.000
S       -0.406 -0.411 -0.622 -0.424 -0.378 -2.951  0.603  0.441 -0.606  0.372 -0.666 -0.551  0.000 -2.134 -0.909 -0.347  1.179  0.354 -0.030 -0.956  1.604
T       -0.376 -0.123  0.911 -1.594  1.486 -4.256 -1.235  0.179 -1.857 -0.165  0.105 -1.200  0.000 -0.541 -1.167 -0.194  0.381  1.207 -0.520 -1.548  2.758
V       -1.756 -3.993 -0.784 -0.839 -0.382 -3.392 -1.536  0.689 -1.341 -0.023 -1.336 -1.951  0.000 -1.599 -1.493 -0.381  2.612  0.520  0.000 -0.639  0.771
W       -2.025 -2.141  1.437 -2.509 -1.950 -4.046  0.000  0.000 -2.625 -1.600  0.000 -2.651  0.000  0.000  0.083 -2.101  0.000 -1.889  0.000  0.306  0.000
Y       -0.554  0.000 -1.217 -1.434 -0.514 -3.749  1.859 -1.109 -2.028 -0.847 -0.306 -1.471  0.000 -0.261 -1.996 -0.026  2.818  0.948  0.000  3.692 -1.001
X        0.098  0.000  0.000 -2.836  0.000 -3.269  0.000  0.000 -4.289  0.000  0.000  3.024  0.000  2.052  0.000 -0.331 -3.708 -0.792  0.000  0.261  0.000
