i-1/i     A      C      D      E      F      G      H      I      K      L      M      N      P      Q      R      S      T      V      W      Y      X
A        0.031  0.150 -0.011  0.062  0.005  0.000  0.051  0.060  0.041  0.012  0.109 -0.004  0.012  0.068  0.035  0.018  0.027  0.041 -0.026  0.066  0.018
C        0.039  0.453  0.221  0.104  0.000  0.000 -0.087 -0.029  0.137  0.024  0.000  0.300 -0.036  0.169 -0.019  0.113 -0.084  0.000  0.000 -0.013  0.000
D        0.035  0.141  0.048  0.038 -0.026  0.000  0.048  0.096  0.008  0.026  0.151 -0.062 -0.022  0.022  0.010  0.002  0.054  0.049  0.008 -0.005 -0.040
E        0.020 -0.299  0.074  0.041  0.042  0.000 -0.003  0.078  0.031  0.029 -0.019 -0.001  0.047  0.052  0.044 -0.025  0.047  0.007  0.053  0.016  0.067
F       -0.043 -0.440  0.044 -0.005  0.068  0.000  0.064  0.152 -0.009  0.090  0.219 -0.028  0.012  0.031 -0.010 -0.014  0.157 -0.022  0.000  0.071  0.000
G        0.052  0.321 -0.006  0.058  0.070  0.000  0.081  0.069  0.052  0.017  0.115  0.106  0.007  0.091  0.074  0.039  0.113 -0.000 -0.005  0.053  0.145
H       -0.053  0.000 -0.035  0.080 -0.131  0.000 -0.001  0.089  0.034  0.012  0.027 -0.040  0.028 -0.113  0.137 -0.016  0.037  0.044  0.068 -0.047  0.000
I        0.103  0.139  0.084  0.079  0.124  0.000  0.172  0.032  0.020 -0.016  0.257  0.144 -0.026  0.088  0.088  0.054  0.150  0.105  0.000  0.177  0.288
K        0.056  0.162  0.044  0.050  0.103  0.000 -0.026  0.104  0.028  0.015  0.108  0.002 -0.012  0.055  0.077  0.032  0.068  0.043  0.057  0.068  0.031
L        0.014  0.175  0.015  0.018  0.041  0.000  0.079  0.043  0.051  0.008  0.027 -0.024  0.050 -0.012  0.024  0.004  0.112  0.071  0.071  0.052  0.237
M       -0.035 -0.150  0.046  0.093  0.104  0.000 -0.053  0.154  0.093  0.048  0.053  0.057  0.023  0.123  0.079  0.007  0.090  0.003  0.289  0.127  0.000
N       -0.051  0.116  0.027  0.017  0.082  0.000 -0.063  0.127  0.062  0.045  0.136  0.055 -0.005  0.089  0.050  0.057  0.001  0.063  0.068  0.028  0.101
P       -0.011  0.278 -0.061 -0.011  0.088  0.000  0.005  0.042 -0.019  0.054  0.080  0.031 -0.041  0.057  0.032 -0.042  0.058  0.024 -0.079 -0.031 -0.200
Q        0.041 -0.061  0.033 -0.061  0.010  0.000  0.104  0.183  0.002  0.019  0.075  0.130  0.023 -0.000  0.077 -0.039  0.097  0.013 -0.137  0.144 -0.062
R        0.021 -0.002  0.022  0.079  0.044  0.000  0.050  0.023  0.036 -0.000  0.114  0.025  0.020  0.143  0.027  0.002  0.119  0.046  0.279  0.043  0.106
S        0.033  0.116  0.036  0.054  0.136  0.000  0.050  0.260  0.071  0.031  0.203  0.020  0.050  0.063  0.088  0.025  0.049  0.090  0.077  0.024  0.103
T        0.060  0.170  0.084  0.069 -0.091  0.000 -0.008  0.127  0.020  0.072  0.146 -0.012 -0.004  0.093  0.053  0.026  0.096  0.064 -0.022  0.003  0.164
V       -0.013  0.062 -0.008  0.066  0.016  0.000  0.071  0.150  0.066  0.050  0.136  0.092  0.033  0.037  0.087  0.002  0.096  0.064 -0.022  0.078  0.077
W        0.000  0.000  0.091  0.053  0.137  0.000 -0.143  0.006  0.117  0.275 -0.030  0.082 -0.091  0.085  0.244 -0.008  0.058  0.046  0.136  0.000  0.000
Y        0.085  0.000  0.023  0.121 -0.029  0.000 -0.239  0.188 -0.043 -0.019  0.064  0.019  0.042  0.123  0.127  0.043  0.099 -0.062 -0.150  0.028  0.000
X        0.000  0.000 -0.054  0.003 -0.083  0.000  0.000  0.253  0.269  0.170  0.000 -0.078  0.025  0.072  0.149 -0.097 -0.053  0.136  0.000  0.000  0.102
