i-1/i     A      C      D      E      F      G      H      I      K      L      M      N      P      Q      R      S      T      V      W      Y      X
A        0.082  0.046  0.028  0.177  0.028  0.003 -0.255  0.293  0.058  0.221 -0.031  0.068  0.000  0.114  0.002  0.022  0.021  0.190  0.000  0.090  0.197
C        0.018 -0.133  0.290  0.000  0.050  0.091  0.000  0.000  0.082  0.052  0.000  0.000  0.000 -0.393  0.325  0.152  0.072  0.403  0.000 -0.391  0.000
D        0.129  0.658  0.086  0.177  0.116  0.038 -0.168  0.289 -0.015  0.260 -0.395  0.092  0.000  0.212 -0.075  0.053  0.150  0.212  0.169  0.049  0.284
E        0.026  0.296  0.061  0.035  0.124  0.080  0.113  0.355  0.071  0.002  0.083  0.003  0.000  0.166  0.047 -0.089  0.019  0.104  0.205  0.009  0.005
F        0.034 -0.686  0.093 -0.278  0.168  0.166 -0.379 -0.563  0.063  0.202 -0.058  0.299  0.000  0.078  0.049 -0.028  0.145  0.332  0.304 -0.140  0.000
G        0.147  0.058  0.116  0.092  0.191  0.071 -0.109  0.206  0.176  0.165  0.013  0.026  0.000  0.152  0.088 -0.010  0.059  0.297  0.000  0.155  0.410
H       -0.083  0.000  0.075 -0.276  0.164  0.064  0.123  0.150  0.074  0.283  0.203  0.110  0.000  0.261 -0.065 -0.096 -0.209  0.248  0.262  0.420  0.000
I        0.265  0.202  0.181  0.033  0.296  0.017  0.367  0.003  0.065 -0.005 -0.290 -0.007  0.000 -0.012  0.105 -0.008 -0.123  0.029  0.312  0.166 -0.204
K       -0.189 -0.019  0.091  0.013  0.154  0.035 -0.098  0.295  0.128  0.202 -0.084  0.149  0.000 -0.074  0.120 -0.055  0.022  0.160  0.200  0.255 -0.282
L        0.065 -0.140  0.131  0.016 -0.195 -0.123  0.048  0.060 -0.003 -0.116 -0.006  0.030  0.000  0.105  0.114 -0.059 -0.018  0.165 -0.133  0.022  0.153
M        0.050  0.246  0.009  0.120 -0.025 -0.001  0.128  0.282 -0.021  0.131  0.413 -0.042  0.000  0.051  0.114  0.086 -0.146  0.127  0.000 -0.339  0.135
N       -0.018  0.000  0.151  0.034  0.168 -0.089  0.049  0.267  0.029  0.374  0.211  0.067  0.000  0.034  0.128 -0.003  0.040  0.218 -0.077 -0.348  0.167
P       -0.027  0.372  0.062  0.021  0.123 -0.036  0.212  0.110  0.062  0.216  0.043 -0.072  0.000 -0.032  0.140 -0.038 -0.016  0.118  0.012  0.141  0.644
Q       -0.046  0.080  0.155  0.072 -0.222 -0.034  0.122  0.198  0.026  0.286  0.002  0.293  0.000  0.049 -0.058  0.040 -0.009  0.182  0.108  0.098  0.000
R        0.297  0.000  0.066  0.057  0.123 -0.091 -0.130  0.010  0.059  0.142  0.160  0.133  0.000  0.228  0.077 -0.100  0.159  0.173  0.118  0.360  0.506
S        0.136  0.122  0.057  0.011  0.266  0.030  0.162  0.171  0.093  0.156  0.167 -0.011  0.000  0.004  0.133  0.047  0.180  0.194  0.177 -0.062  0.599
T        0.140 -0.145  0.086 -0.066 -0.012 -0.045 -0.153  0.123  0.025  0.262 -0.063  0.145  0.000  0.174  0.100  0.060  0.151  0.216  0.079  0.192  0.096
V        0.084 -0.181  0.200 -0.001  0.103 -0.003 -0.175  0.316  0.035  0.343 -0.252  0.023  0.000  0.153 -0.049  0.007  0.124  0.229  0.000 -0.278  0.077
W        0.010  0.163  0.207  0.007 -0.098 -0.006  0.000  0.000  0.073 -0.176  0.000 -0.078  0.000 -0.193 -0.297 -0.219 -0.056  0.250  0.000  0.026  0.000
Y       -0.420  0.000  0.074 -0.162 -0.072  0.082  0.263 -0.011 -0.002  0.093  0.061 -0.025  0.000  0.164  0.099  0.000  0.191  0.193  0.000 -0.227  0.573
X       -0.108  0.000  0.000  0.369  0.000  0.228  0.012  0.501  0.272  0.567  0.000  0.245  0.000  0.260  0.000  0.166  0.379  0.321  0.000  0.000  0.000
