i-1/i     A      C      D      E      F      G      H      I      K      L      M      N      P      Q      R      S      T      V      W      Y      X
A        0.112  0.276  0.083  0.138  0.187  0.076 -0.055  0.235  0.287  0.217  0.411  0.054 -0.139  0.268  0.396  0.287  0.230 -0.012 -0.210  0.062  0.716
C        0.135  0.577  0.145  0.122 -0.062  0.393  0.343  0.279 -0.371  0.235  0.653  0.049  0.000  0.690  0.325  0.317  0.322  0.263  0.050  0.127  0.000
D        0.130  0.351  0.217  0.330  0.827  0.022  0.233 -0.051  0.163  0.168  0.223  0.223  0.277 -0.162  0.069  0.289  0.079  0.165 -0.720 -0.114  0.000
E        0.172 -0.156  0.193  0.272  0.101 -0.014  0.489  0.325  0.363  0.333  0.091  0.345  0.209  0.185  0.270  0.216  0.228  0.229  0.288  0.091  0.856
F        0.103 -0.116  0.028 -0.086 -0.135  0.109 -0.063  0.185  0.018  0.102  0.266 -0.117 -0.326 -0.013 -0.009  0.473  0.465  0.258  0.351 -0.362  0.390
G        0.138  0.828  0.038  0.093 -0.097  0.241 -0.228  0.078  0.217  0.152  0.157  0.137 -0.373  0.105  0.262  0.207  0.059 -0.024 -0.953  0.250 -1.246
H        0.098  0.109 -0.029  0.091  0.249 -0.043 -0.438  0.347  0.197  0.120 -0.151  0.091 -0.319 -0.053  0.053 -0.152  0.868  0.030  1.215  0.400  0.000
I        0.231  0.383  0.055  0.019 -0.053  0.114 -0.163  0.071  0.108  0.191  0.076  0.299  0.039  0.062  0.161  0.496  0.566  0.256  0.431  0.021  0.291
K        0.103  0.355  0.175  0.154  0.326 -0.034  0.265  0.226  0.440  0.255  0.152  0.087  0.149  0.232  0.355 -0.014  0.117  0.254  0.526  0.288  0.624
L        0.090  0.073 -0.105 -0.061 -0.204  0.096  0.082  0.236 -0.079  0.161  0.179  0.189 -0.066  0.140  0.015  0.519  0.507  0.191 -0.204 -0.072  0.747
M        0.076 -0.286  0.182 -0.056  0.145  0.264  0.438  0.236  0.122  0.250 -0.166 -0.087 -0.168  0.143  0.247  0.137  0.407  0.102  0.585  0.388  0.989
N        0.204 -0.174  0.146  0.169  0.228 -0.034  0.050 -0.064  0.204  0.242 -0.258  0.253 -0.246  0.082  0.047  0.044  0.355  0.159  0.905  0.455  1.079
P       -0.092  0.000 -0.321 -0.113  0.000  0.000  0.000 -0.299 -0.072  0.292  0.000 -0.280  0.000 -0.293 -0.716 -0.261  0.000 -0.643  0.000  0.000  0.000
Q        0.122 -0.098  0.184  0.214  0.092  0.045  0.268 -0.106  0.309  0.314  0.295  0.341  0.091  0.246  0.315  0.056  0.081  0.322  0.325  0.271  2.070
R        0.165  0.407  0.207  0.156  0.855  0.334  0.654  0.150  0.321  0.239 -0.293  0.306  0.026  0.283  0.434 -0.009  0.177  0.139  1.169  0.076 -1.859
S        0.127  0.318  0.084  0.211  0.512 -0.057  0.348  0.127  0.270  0.139  0.067  0.214 -0.089  0.261  0.281  0.169  0.082  0.050  0.159  0.281  0.078
T        0.191  0.124  0.088  0.150  0.581  0.267 -0.080  0.108  0.215  0.160  0.121  0.348  0.509  0.031  0.292  0.098 -0.152  0.036  0.498  0.377 -0.779
V        0.147  0.118  0.080  0.078  0.254  0.078  0.750  0.146  0.131  0.223  0.420  0.305 -0.095  0.270  0.194  0.308  0.504  0.367 -0.123  0.327 -1.124
W        0.089  0.367 -0.129 -0.031  0.244  0.111  0.292  0.180 -0.062  0.053  0.204  0.060 -0.364  0.020 -0.302  0.165 -0.274 -0.115  0.477  0.646  0.323
Y        0.222  0.273  0.137  0.071  0.511  0.260  0.170  0.224 -0.036  0.105 -0.196  0.019 -0.074  0.107  0.227  0.105  0.251  0.035 -0.224  0.260  0.481
X        0.066  0.000 -0.034  0.154 -0.236  0.189  0.000  0.397  0.101  0.117  0.000  0.571  0.000  0.039 -0.209  0.212  0.000 -0.124  0.000  0.085 -2.070
