i-1/i     A      C      D      E      F      G      H      I      K      L      M      N      P      Q      R      S      T      V      W      Y      X
A       -0.096  0.140 -0.057 -0.088  0.007  0.010  0.007  0.083  0.038 -0.073 -0.264 -0.074  0.198 -0.111  0.089  0.109  0.191 -0.003 -0.480  0.033 -1.283
C       -0.071 -0.229  0.108  0.086 -0.317  0.238 -0.168  0.293 -0.351  0.028  0.098 -0.327  0.111 -0.184 -0.235 -0.086  0.122 -0.057  1.592  0.565  0.000
D        0.165 -0.379  0.191  0.299 -0.125 -0.029  0.396  0.063  0.293  0.061  0.029  0.278 -0.086  0.233  0.208 -0.026 -0.063  0.142 -0.193  0.153 -2.070
E        0.142  0.339  0.164  0.355  0.216  0.038  0.468  0.253  0.292  0.105  0.048  0.081 -0.060  0.220  0.362 -0.037  0.052  0.112 -0.028  0.375 -0.887
F       -0.041 -0.398 -0.020 -0.259 -0.112 -0.165 -0.418 -0.129 -0.249 -0.110  0.289  0.006 -0.095 -0.109 -0.457  0.146 -0.162 -0.403  1.592 -0.152 -0.318
G       -0.073 -0.852 -0.210 -0.065 -0.602 -0.153 -1.403 -0.561 -0.153 -0.310 -0.867 -0.371  0.256 -0.126 -0.209 -0.460 -0.469 -0.181 -0.775 -0.809  0.000
H       -0.159 -0.140 -0.172 -0.268  0.727 -0.097 -0.239 -0.065 -0.145 -0.037 -0.713  0.115  0.124 -0.330 -0.118 -0.269 -0.721  0.098  0.545 -0.059 -0.608
I        0.065  0.186  0.018 -0.149  0.059 -0.082  0.061  0.087 -0.245  0.143  0.431  0.161 -0.213  0.114 -0.184  0.152  0.394 -0.076  0.149  0.040  0.503
K        0.079  0.481 -0.044  0.099  0.018 -0.038  0.101  0.181  0.339  0.074 -0.295  0.047  0.071  0.118  0.263  0.072 -0.023  0.285 -0.557  0.091  1.326
L       -0.104 -0.124 -0.106 -0.182 -0.131 -0.033 -0.346 -0.038 -0.305  0.055  0.185 -0.088  0.040 -0.117 -0.278  0.041  0.093 -0.237  0.549 -0.152  0.109
M       -0.017 -0.272 -0.026 -0.133 -0.466 -0.059 -0.029  0.171 -0.190  0.054  0.346  0.166 -0.025 -0.119 -0.158  0.029  0.041 -0.045  0.437  0.110 -0.959
N        0.055 -0.615 -0.183 -0.215  0.193  0.214  0.114  0.154 -0.022  0.004 -0.090  0.137 -0.244  0.027  0.204 -0.082 -0.302  0.099 -0.170  0.084 -0.326
P        0.681  0.000  0.675  0.842  1.429  0.686  0.000  1.422  1.023  0.844  0.916  0.868  0.000  0.837  1.099  0.929  1.261  0.987  1.548  0.929  0.000
Q        0.046  0.165  0.124  0.272  0.380  0.006  0.012 -0.041  0.207  0.055 -0.208  0.139 -0.110  0.190  0.167 -0.103  0.148  0.118 -0.349  0.028 -0.874
R        0.091  0.430  0.091  0.072  0.035 -0.017 -0.179  0.018  0.030  0.060  0.061 -0.027 -0.202  0.049 -0.057  0.012  0.071  0.159 -0.037  0.219  0.097
S        0.053 -0.042  0.030 -0.060  0.070 -0.286  0.130 -0.100  0.149 -0.040 -0.264 -0.059  0.123  0.087  0.268  0.064 -0.064  0.159 -0.463 -0.299  0.575
T       -0.011  0.326 -0.007  0.192 -0.022  0.161 -0.402 -0.388  0.129  0.032 -0.260  0.162 -0.264 -0.003  0.027 -0.065 -0.278 -0.030 -0.580 -0.239 -0.161
V        0.033  0.040  0.030 -0.069  0.071 -0.080  0.117 -0.096 -0.173  0.154  0.251  0.058 -0.011  0.068 -0.108  0.082  0.193 -0.056 -0.136 -0.013 -0.082
W        0.009 -0.265  0.165 -0.143 -0.329  0.039  0.743 -0.121 -0.308  0.227  0.591 -0.041  0.050  0.051 -0.117  0.210 -0.001 -0.103 -0.752 -0.294  0.000
Y       -0.178 -0.467  0.010 -0.073  0.230  0.002  0.251 -0.040 -0.208  0.151  0.167  0.165  0.290 -0.224 -0.235  0.055 -0.026  0.054  0.050 -0.093  1.947
X       -0.294  0.000 -0.023 -0.309 -0.457  0.243 -0.468 -0.375 -0.356  0.130  1.239  0.230  0.442  0.035 -0.468  0.000 -0.009 -0.360  0.000 -0.028 -0.912
