i-1/i     A      C      D      E      F      G      H      I      K      L      M      N      P      Q      R      S      T      V      W      Y      X
A       -0.067 -0.079 -0.295 -0.068 -0.155  0.000  0.044 -0.080 -0.008 -0.004  0.408 -0.301 -0.034 -0.111  0.125 -0.168 -0.170 -0.124 -0.005 -0.279 -1.441
C        0.035 -0.769  0.048  0.255  0.132  0.000 -1.199 -0.049 -0.211 -0.082  0.393 -0.344  0.000 -0.060 -0.024 -0.044 -0.065 -0.066  0.190  0.160  0.000
D       -0.228 -0.344 -0.396 -0.133  0.076  0.000 -0.387 -0.191 -0.071 -0.292 -0.421 -0.212 -0.023 -0.101 -0.141 -0.079  0.039  0.056 -0.460 -0.673 -2.901
E       -0.126 -0.095 -0.396 -0.196 -0.367  0.000 -0.003 -0.065  0.096 -0.230 -0.381 -0.142 -0.007 -0.347 -0.266 -0.268 -0.036  0.023 -0.212 -0.146 -2.449
F        0.019 -0.167  0.126  0.186 -0.163  0.000 -0.247 -0.054  0.112  0.189  0.203 -0.262 -0.052  0.250  0.171  0.002 -0.122  0.066 -0.148  0.044 -0.893
G       -0.091 -0.495 -0.289  0.090 -0.505  0.000 -0.064 -0.118 -0.031 -0.160 -0.197 -0.398 -0.209 -0.134  0.053 -0.198 -0.109 -0.027  0.110 -0.427 -1.197
H       -0.008  0.517  0.179 -0.012 -0.199  0.000 -0.138  0.212 -0.098  0.219 -0.329 -0.039 -0.204  0.199 -0.143  0.007 -0.266  0.099  0.024  0.058  0.000
I        0.070  0.287  0.273  0.086  0.185  0.000  0.293 -0.106 -0.064  0.007 -0.242 -0.033  0.245  0.096  0.059 -0.132 -0.146 -0.026 -0.109 -0.008  1.070
K       -0.154  0.387  0.222 -0.071 -0.024  0.000  0.253  0.044 -0.023 -0.109 -0.166 -0.032  0.076 -0.014  0.139 -0.186 -0.014  0.061 -0.064  0.036 -1.128
L        0.146 -0.121 -0.045  0.109 -0.019  0.000  0.387 -0.058 -0.128 -0.044 -0.001  0.136 -0.048  0.109 -0.037  0.074 -0.235 -0.056  0.123  0.097 -0.506
M       -0.021  0.186  0.185  0.155  0.332  0.000  0.522  0.089 -0.106  0.048 -0.222  0.045  0.149  0.067 -0.036 -0.088 -0.153  0.148 -0.323  0.169  0.451
N       -0.145  0.051 -0.162 -0.007  0.096  0.000 -0.358  0.080 -0.265  0.017 -0.412 -0.013 -0.053  0.023 -0.212 -0.092  0.031  0.144  0.193 -0.037 -1.002
P        0.134  0.000 -0.164  0.032  0.000  0.000  0.000  0.248  0.157 -0.686  0.000  0.773  0.000 -0.170  0.614  0.117  0.000  0.086  0.000  0.000  0.000
Q       -0.166 -0.151  0.023 -0.176 -0.206  0.000  0.224 -0.139 -0.050 -0.341  0.470  0.026  0.031 -0.233 -0.132 -0.216  0.023  0.044 -0.182 -0.013 -2.901
R       -0.098  0.302  0.221 -0.156  0.085  0.000  0.499  0.069 -0.072 -0.085 -0.561 -0.062  0.237 -0.072  0.144 -0.130 -0.019  0.013 -0.067 -0.122 -1.314
S       -0.167 -0.154 -0.166 -0.190  0.084  0.000  0.113 -0.032  0.001 -0.094 -0.037 -0.177  0.019 -0.105 -0.104 -0.154  0.021 -0.043 -0.113 -0.335  1.497
T       -0.118 -0.393 -0.075 -0.185  0.257  0.000  0.138 -0.039 -0.123 -0.055 -0.324  0.005 -0.039 -0.238 -0.088 -0.224 -0.077 -0.069 -0.036  0.198  1.756
V        0.142 -0.024  0.046 -0.012  0.122  0.000 -0.219 -0.079 -0.128 -0.011  0.244  0.081  0.106  0.144 -0.003 -0.195 -0.223 -0.051  0.150  0.021 -1.622
W       -0.055  0.530  0.198  0.300  0.038  0.000  0.509  0.179 -0.055  0.016  0.106  0.429 -0.334  0.652 -0.129 -0.086 -0.406 -0.095  0.656  0.054  2.363
Y        0.082 -0.166 -0.007  0.131 -0.269  0.000  0.229  0.271  0.020  0.201 -0.536 -0.293  0.321  0.157 -0.038 -0.205 -0.271  0.046 -0.334 -0.214  2.901
X        0.254  0.000 -0.573  0.125  0.086  0.000  0.000  0.046  0.120 -0.049  0.000  0.294  0.000 -0.064 -0.295 -0.274  0.000 -0.226  0.000  0.032 -2.901
