i-1/i     A      C      D      E      F      G      H      I      K      L      M      N      P      Q      R      S      T      V      W      Y      X
A       -0.033 -0.090 -0.006  0.067  0.074  0.000  0.314  0.238  0.071  0.092  0.182  0.074 -0.106  0.122  0.074  0.046  0.004  0.044  0.098  0.088 -1.108
C       -0.007 -0.469  0.453 -0.041 -0.370  0.000  0.295  0.136  0.027 -0.173 -0.063 -0.191  0.581 -0.170 -0.023  0.098  0.063  0.102 -0.274 -0.323  0.000
D        0.194 -0.117  0.135  0.121  0.150  0.000  0.488  0.025  0.127  0.188  0.371  0.125  0.222  0.122 -0.039  0.114  0.031  0.036 -0.029  0.163  1.319
E        0.011 -0.085  0.107  0.172  0.168  0.000  0.164  0.060  0.083  0.179  0.418  0.274 -0.109  0.103  0.129  0.103 -0.081 -0.012 -0.091  0.083 -0.239
F        0.034  0.047 -0.084 -0.080 -0.304  0.000  0.028 -0.023 -0.012 -0.209 -0.671 -0.154 -0.430 -0.082  0.077 -0.011 -0.017  0.035  0.019 -0.100 -2.901
G        0.053 -0.292  0.166  0.202  0.200  0.000  0.399  0.180 -0.040  0.067  0.013 -0.163  0.413  0.045  0.035  0.099 -0.133  0.024 -0.144 -0.106 -0.640
H        0.044  0.885  0.072 -0.011 -0.075  0.000  0.044  0.091  0.040 -0.129 -0.161 -0.297  0.175  0.030 -0.047 -0.024  0.274  0.067  0.547 -0.091 -2.195
I       -0.156 -0.366 -0.054 -0.085 -0.144  0.000 -0.229 -0.067 -0.001 -0.240 -0.566 -0.066 -0.294 -0.109 -0.063 -0.041  0.019 -0.027 -0.116 -0.096 -2.407
K        0.010  0.262  0.077 -0.050  0.031  0.000  0.044  0.222  0.066  0.133  0.323  0.055 -0.171 -0.020  0.043  0.057  0.050  0.057 -0.123  0.283 -1.461
L       -0.144 -0.352  0.062 -0.061 -0.099  0.000  0.016  0.014 -0.034 -0.117 -0.139  0.005 -0.238 -0.058 -0.087  0.000  0.098 -0.027 -0.125  0.060 -0.069
M       -0.074 -0.025 -0.328 -0.211  0.089  0.000 -0.017 -0.210  0.039  0.008 -0.215  0.168 -0.042 -0.155  0.030 -0.117  0.136  0.081  0.455 -0.596  2.619
N        0.108 -0.327  0.044  0.107  0.111  0.000 -0.153 -0.006  0.016  0.172 -0.064 -0.020  0.261  0.165 -0.055 -0.188  0.024  0.070  0.239 -0.056  0.302
P        0.356 -0.001 -0.231 -0.333  0.074  0.000  0.039 -0.014  0.007 -0.086  0.292 -0.426  0.295 -0.296  0.062 -0.353 -0.215 -0.037 -0.203 -0.031 -1.158
Q        0.048  0.407  0.170  0.107  0.287  0.000  0.053  0.099 -0.020  0.137  0.609 -0.072 -0.016  0.079 -0.013  0.022  0.101  0.043 -0.088 -0.075  0.303
R        0.008 -0.059 -0.135  0.012 -0.016  0.000  0.003  0.098  0.001  0.207  0.094 -0.075 -0.176 -0.049  0.189 -0.041  0.038  0.135  0.057  0.265 -0.552
S        0.031  0.424 -0.093  0.114 -0.047  0.000  0.253  0.113  0.014  0.085  0.062  0.062  0.319  0.151  0.097 -0.078 -0.099  0.023 -0.128 -0.047 -1.059
T       -0.010  0.136 -0.059 -0.114  0.051  0.000 -0.443 -0.117 -0.089 -0.071 -0.304 -0.085  0.245 -0.087  0.115 -0.078 -0.056 -0.047  0.273  0.002 -0.925
V       -0.053 -0.016 -0.049 -0.105  0.025  0.000 -0.715 -0.190  0.009 -0.200 -0.491  0.118 -0.205 -0.049  0.020 -0.030 -0.002 -0.105 -0.024 -0.173 -0.423
W       -0.026 -0.331 -0.202 -0.012  0.361  0.000 -0.441  0.012 -0.119  0.204  0.172  0.417 -0.423 -0.212 -0.310 -0.124  0.018  0.071  0.242 -0.101  0.000
Y       -0.016  0.109  0.003 -0.122 -0.365  0.000 -0.141  0.088  0.030 -0.153 -0.102 -0.234 -0.349 -0.202 -0.154 -0.050 -0.189 -0.091  0.264 -0.072 -1.018
X       -0.053  0.000  0.836  0.075  0.199  0.000  0.000  0.544  0.045 -0.132 -0.827  0.322  0.000 -0.129 -0.138 -0.467  0.211  0.143  0.000  0.088 -0.184
