i-1/i     A      C      D      E      F      G      H      I      K      L      M      N      P      Q      R      S      T      V      W      Y      X
A       -0.098  0.020  0.061  0.015 -0.042 -0.209 -0.157 -0.166  0.004 -0.159 -0.205  0.169 -0.218  0.099 -0.047  0.124 -0.013 -0.202 -0.196 -0.051 -0.167
C       -0.323 -0.195  0.162 -0.309  0.097 -0.659  0.245  0.131 -0.175  0.255  0.221  0.143 -0.483 -0.018  0.036  0.060  0.209 -0.005 -0.099  0.114  0.000
D        0.606  0.954  0.091  0.383 -0.035  0.430  0.297  0.419  0.431  0.057  0.018 -0.005  0.490  0.601  0.305  0.070  0.198  0.407  0.757  0.402  0.000
E        0.493  0.549  0.187  0.338  0.108  0.324  0.161  0.165  0.385  0.202  0.446  0.258  0.386  0.317  0.339  0.362  0.182  0.201  0.338  0.049 -0.114
F       -0.206 -0.300  0.224 -0.077 -0.273 -0.291 -0.204 -0.262 -0.023 -0.118 -0.047  0.007 -0.080 -0.076 -0.054  0.045 -0.170 -0.151 -0.176 -0.630 -0.398
G        0.231  0.102  0.202  0.439  0.439 -0.005  0.419  0.756  0.450  0.294  0.256  0.466  0.065  0.343  0.456  0.438  0.334  0.425  0.472  0.695 -0.005
H        0.088 -0.533  0.295  0.041  0.345 -0.276  0.548  0.087  0.023 -0.371 -0.299  0.415  0.036 -0.133  0.088  0.020  0.132  0.018 -0.151  0.007 -0.409
I       -0.337 -0.110  0.083 -0.045 -0.061 -0.084 -0.407 -0.249 -0.198  0.097 -0.098  0.224 -0.283 -0.113 -0.189  0.110 -0.095 -0.126 -0.020  0.176  0.035
K        0.432  0.030  0.199  0.257  0.131  0.402  0.311  0.108  0.235  0.106  0.173  0.179  0.386  0.137  0.400  0.133 -0.129  0.076  0.012  0.234  0.455
L       -0.291  0.145  0.072 -0.105 -0.052 -0.279 -0.010 -0.146 -0.194 -0.031  0.116  0.264 -0.210 -0.050 -0.168  0.056 -0.013 -0.177 -0.380 -0.089 -0.081
M       -0.102 -0.237 -0.032 -0.060 -0.050 -0.257  0.161  0.026 -0.031  0.025  0.481  0.285  0.102  0.110  0.004  0.507  0.133 -0.044 -0.565  0.176 -0.319
N        0.334  0.221  0.171  0.329  0.274  0.435  0.339  0.421  0.372  0.342  0.454  0.275 -0.097  0.291  0.426  0.544  0.249  0.274  0.802  0.258  1.050
P       -0.830  0.000  0.000 -0.727  0.000 -1.017  0.000  0.000 -0.732 -0.489 -0.542 -0.971  0.000 -0.627 -0.633  0.000 -0.650 -0.973  0.000  0.000  0.000
Q        0.591  0.838  0.228  0.279  0.104  0.481  0.317  0.299  0.312  0.388  0.384  0.166  0.320  0.377  0.235  0.330  0.110  0.416  0.076  0.074  0.016
R        0.294 -0.075  0.008 -0.103  0.248  0.272  0.173  0.040  0.202  0.094 -0.031  0.057  0.137  0.097  0.156  0.375  0.019  0.106 -0.346  0.238  0.236
S        0.257 -0.229 -0.070  0.088  0.551  0.232  0.418  0.352  0.239  0.381  0.518  0.158  0.310  0.184  0.355  0.144 -0.086  0.409  0.627  0.683  0.537
T        0.008 -0.109 -0.169  0.028  0.179  0.153  0.329 -0.013 -0.062 -0.028 -0.202  0.128  0.207  0.027  0.131 -0.235 -0.128 -0.015 -0.048  0.293 -0.045
V       -0.166  0.024  0.106  0.049 -0.094 -0.097 -0.043 -0.181 -0.183 -0.088  0.141 -0.026 -0.019 -0.072 -0.213  0.039 -0.070 -0.066 -0.427  0.170  0.000
W       -0.206  0.765  0.073  0.042 -0.286  0.687  0.391 -0.193 -0.226 -0.094 -0.267 -0.209 -0.115 -0.340 -0.282  0.272  0.067 -0.339 -0.665 -0.197  0.000
Y       -0.316 -0.099 -0.237 -0.208 -0.168  0.019  0.001 -0.354 -0.022 -0.006  0.014 -0.100 -0.236 -0.037 -0.097  0.067 -0.184 -0.171 -0.628 -0.461  0.000
X       -0.562  0.000  0.006 -0.910 -1.063  0.000  0.000 -0.116 -0.072 -0.199  0.003  0.000  0.000  0.099 -0.426 -0.350  0.012 -0.157  0.000 -0.894  0.000
