i-1/i     A      C      D      E      F      G      H      I      K      L      M      N      P      Q      R      S      T      V      W      Y      X
A        0.032 -0.009  0.003  0.006 -0.044  0.000  0.022 -0.027  0.010  0.019  0.018  0.018  0.079  0.038  0.006 -0.011 -0.004 -0.018 -0.011  0.012  0.022
C        0.052 -0.001 -0.031 -0.061  0.023  0.000 -0.064 -0.010 -0.014  0.004  0.073 -0.060  0.029 -0.018 -0.088 -0.037 -0.070 -0.072 -0.346  0.057  0.000
D        0.053  0.125  0.008  0.026 -0.054  0.000  0.028  0.023  0.028  0.023  0.028  0.009 -0.077  0.040  0.026  0.026 -0.017  0.008  0.026  0.023  0.227
E        0.035  0.030  0.033  0.036  0.063  0.000  0.052  0.018  0.082  0.057  0.030  0.072  0.026  0.017  0.072  0.024  0.017  0.054  0.055  0.042 -0.128
F       -0.074 -0.159 -0.110 -0.085 -0.115  0.000 -0.016 -0.153 -0.080 -0.181 -0.130 -0.058 -0.223 -0.130 -0.082 -0.069 -0.110 -0.165 -0.194 -0.067 -0.229
G        0.034  0.004  0.037  0.057  0.093  0.000  0.173  0.098  0.080  0.057  0.106  0.054  0.024  0.030  0.068  0.034  0.021  0.055  0.076  0.033  0.103
H       -0.027 -0.020  0.031 -0.015 -0.037  0.000 -0.162 -0.005 -0.076 -0.050  0.016 -0.100  0.047 -0.125 -0.031 -0.015  0.025 -0.024 -0.011 -0.023 -0.177
I       -0.036 -0.025 -0.018 -0.053 -0.020  0.000  0.018 -0.039 -0.021 -0.034  0.009 -0.028  0.038 -0.052 -0.048 -0.022  0.029 -0.036  0.008 -0.014  0.102
K        0.058  0.017  0.015  0.049  0.125  0.000  0.058  0.037  0.062  0.063  0.031  0.051  0.096  0.064  0.063  0.049  0.015  0.052  0.121  0.162 -0.127
L       -0.035 -0.070  0.001 -0.034 -0.004  0.000 -0.113 -0.036 -0.028 -0.009  0.015  0.003  0.013 -0.013 -0.021 -0.025 -0.028 -0.051  0.015 -0.027  0.059
M        0.018  0.017  0.013 -0.073  0.013  0.000 -0.001  0.027  0.013  0.011 -0.022 -0.014  0.114  0.037  0.082  0.004  0.026  0.039 -0.133  0.099  0.024
N        0.057  0.106  0.023  0.031  0.069  0.000  0.023  0.068  0.011  0.089  0.094  0.067  0.049  0.041 -0.015  0.012 -0.008  0.077  0.085 -0.055 -0.083
P        0.078  0.021 -0.027  0.023  0.113  0.000 -0.046  0.062  0.059  0.072  0.076  0.046  0.007  0.051  0.055  0.015  0.066  0.093 -0.054 -0.011 -0.028
Q        0.036  0.142  0.010  0.050  0.121  0.000  0.093 -0.015  0.057  0.029  0.020 -0.010  0.120  0.036  0.046  0.017 -0.006  0.038 -0.073  0.132 -0.005
R        0.048  0.098  0.027  0.032  0.136  0.000  0.042  0.069  0.051  0.053  0.047  0.054  0.037  0.035  0.051  0.036  0.039  0.065  0.084  0.021 -0.079
S        0.043  0.057  0.031  0.048 -0.011  0.000  0.027  0.083  0.071  0.053  0.111  0.027  0.005  0.085  0.061  0.032  0.039  0.072 -0.009  0.073  0.041
T        0.005 -0.083  0.003 -0.000  0.016  0.000 -0.063  0.007 -0.001 -0.021  0.015 -0.009 -0.020 -0.048  0.021  0.019  0.053  0.010 -0.014  0.106 -0.020
V       -0.033 -0.003 -0.037 -0.043 -0.024  0.000 -0.037 -0.044 -0.033 -0.026  0.012 -0.029  0.058 -0.019 -0.055 -0.042 -0.051 -0.029 -0.052 -0.072 -0.061
W       -0.055 -0.114 -0.031 -0.168 -0.258  0.000 -0.181 -0.198 -0.180 -0.166 -0.189 -0.120 -0.223 -0.037 -0.140 -0.057 -0.073 -0.213 -0.197 -0.181  0.000
Y       -0.106 -0.051 -0.077 -0.162  0.057  0.000 -0.108 -0.173 -0.098 -0.124 -0.095 -0.117 -0.122 -0.121 -0.152 -0.039 -0.080 -0.195  0.064 -0.024 -0.160
X       -0.011  0.000 -0.010  0.022 -0.018  0.000  0.000 -0.086 -0.011 -0.119  0.171 -0.050  0.000 -0.090 -0.070 -0.159 -0.080  0.031  0.000 -0.354  0.106
