A	0.161   52.599   -0.187
C       -0.006   58.327   0.047
D       0.290   54.331   -0.095
E       0.171   56.650   -0.071
F       -0.163   57.934   -0.247
G       0.000   45.236   0.000
H       0.069   55.964   -0.248
I       -0.087   61.247   -0.129
K       0.195   56.412   -0.142
L       0.083   55.260   -0.184
M       0.028   55.591   -0.061
N       0.293   53.231   -0.067
P       0.021   63.180   -2.423
Q       0.125   55.840   -0.098
R       0.029   56.088   -0.258
S       0.155   58.352   -0.151
T       0.143   61.926   -0.122
V       0.075   62.347   -0.214
W       0.014   57.500   -0.201
Y       -0.245   57.761   -0.148
X       -0.006   58.327   0.047
