i-1/i     A      C      D      E      F      G      H      I      K      L      M      N      P      Q      R      S      T      V      W      Y      X
A       -0.312  0.000  0.000  0.394 -0.966 -0.083  0.000  0.320  0.131 -0.169  0.000 -0.241 -0.249  0.533 -0.119 -0.411  0.201  0.093  0.000  0.000  0.000
C        0.000  0.000  0.000  0.000  0.000  0.000  0.000  0.000  0.000  0.000  0.000  0.000  0.000  0.000  0.000  0.000  0.000  0.000  0.000  0.000  0.000
D       -0.205  0.000 -0.580  0.000  0.000  0.263  0.000 -0.095  0.324  0.776  0.229  0.000 -0.109  1.502  0.000 -0.533 -0.360 -0.065  0.000  0.000  0.000
E        0.747  0.000 -0.020  0.144  0.219 -0.173  0.000  0.000 -0.053  0.770  0.000  1.012  0.248  0.000  1.058  0.001 -0.130  0.557  0.000  0.000  0.000
F        0.000  0.000  0.000  0.000  0.000  0.089  0.000  0.000  0.874  0.000  0.000  0.000  0.212  0.000  0.000 -0.039  0.275  0.000  0.000  0.000  0.000
G        1.062  0.000  0.764  1.290  0.000  0.000  0.000  0.000  0.000  0.235  0.000  0.000  0.490  1.502  0.488  0.532 -0.058  0.000  0.000  0.000  0.000
H        0.000  0.000  0.000 -0.300  0.000  0.000  0.139  0.000  0.000  0.000  0.000  0.000 -0.184  0.000  0.000  0.000  0.000  0.000  0.000  0.000  0.000
I        0.164  0.000 -0.310  0.000  0.000  0.029  0.000  0.272  0.525  0.761  0.000  0.000  0.102  0.000 -0.317  0.034  0.398 -0.145  0.000  0.000  0.000
K        0.042  0.000  0.000  0.721  0.865  0.221 -0.237  0.000  1.288  0.177  0.000  0.528 -0.042  0.000  0.180  0.525  1.219  0.538  0.000  0.000  0.000
L        0.251 -0.848 -0.168 -0.603  0.000  0.100  0.000  1.269  0.186  0.606  0.000  0.678  0.021 -0.063  0.260  0.123  1.279  0.514  0.000  0.000  0.000
M        0.758  0.000  0.000  0.000  0.000  0.000  0.000  0.000  0.000 -0.266  0.000  0.000 -0.348  0.000  0.000  0.000  0.000  0.000  0.000  0.000  0.000
N       -0.083  0.000  0.000  0.000  0.000 -0.230  0.000  0.000  0.000  0.000  0.000  0.000  0.140  0.000  0.000 -0.214 -0.016  0.000  0.000  0.000  0.000
P       -1.133 -2.129 -1.101 -1.290 -0.599 -0.694 -0.080 -1.417 -1.288 -1.143 -1.091 -1.030 -0.707 -1.502 -1.370 -0.900 -1.086 -1.356  0.000 -0.549  0.000
Q       -0.059  0.000  0.000 -0.174  0.000  0.212  0.000  0.448  0.000  0.000  0.000  0.000  0.162  0.294  0.000 -0.708  0.000  0.000  0.000  0.000  0.000
R       -0.024  0.000  0.404  1.290  0.000  0.571  0.000  1.421  0.688  0.634  0.000  0.000 -0.027  0.000  0.451  0.100  0.415  0.000  0.000  0.000  0.000
S        0.383  0.000  0.373  0.495  0.000 -0.135  0.000  0.623  0.000  0.842 -0.316 -0.113 -0.274  0.000  1.036  0.373  0.296  0.375  0.000  0.000  0.000
T        0.372  0.000 -1.055 -0.258 -0.719 -0.049  0.000  1.421  0.368  0.590  0.329  0.948  0.120  1.394  0.000  0.016  0.581  0.740  0.000  0.606  0.000
V       -0.214  0.000 -0.137 -0.098  0.000  0.429  0.000  0.000  0.162  0.000  0.000  0.000 -0.183  0.000  0.093 -0.416 -0.060  0.838  0.000  0.000  0.000
W        0.000  0.000  0.000  0.000  0.000  0.223  0.000  0.000  0.000  0.000  0.000  0.000  0.201  0.000  0.000  0.000  0.000  0.000  0.000  0.000  0.000
Y        0.000  0.000  0.000  0.000  0.000  0.000  0.000  0.000  0.301  0.000  0.000  0.000 -0.129  0.000  0.000  0.000  0.000  0.000  0.000  0.000  0.000
X        0.000  0.000  0.000  0.000  0.000  0.000  0.000  0.000  0.000  0.000  0.000  0.000  0.000  0.000  0.000  0.000  0.000  0.000  0.000  0.000  0.000
