i-1/i     A      C      D      E      F      G      H      I      K      L      M      N      P      Q      R      S      T      V      W      Y      X
A       -0.355  0.000  0.392 -0.285  0.000 -0.112  0.000  1.277 -0.177 -0.548 -0.439  0.377 -0.162  0.911  0.000 -0.165  0.000 -1.292  0.000  0.000  0.000
C        0.000  0.000  0.000  0.000  0.000  0.000  0.000  0.000  0.000  0.000  0.000  0.000  0.000  0.000  0.000  0.000  0.000  0.000  0.000  0.000  0.000
D        0.434  0.000  0.347 -0.184  0.000 -0.166  0.000 -0.740  0.000  0.020  0.000  0.000  0.408 -0.263  0.287 -0.327  0.861  0.353  0.000  0.000  0.000
E       -0.071  0.000  0.000  0.130  0.000  0.199 -0.235  1.141  0.183 -0.277  0.000  0.000 -0.186  0.384 -1.370  0.088  0.367 -0.086  0.000  0.000  0.000
F       -0.318  0.000  0.000  0.000  0.000  0.000  0.000  0.000  0.000  0.000  0.000  0.515  0.241  0.007  0.000  0.000 -1.151  0.000  0.000  0.000  0.000
G       -0.763  0.000 -0.327  0.000  0.240  0.000  0.000 -1.107  0.000 -0.546  0.000  0.000 -0.072  0.099  0.702  0.394  0.284  0.000  0.000  0.000  0.000
H        0.000  0.000  0.000  0.000  0.000  0.000  0.000  0.000 -0.846  0.000  0.000  0.000  0.000  0.000  0.000  0.000 -0.210  0.000  0.000  0.000  0.000
I       -0.124  0.000 -0.337  0.000  0.000  0.000  0.000  0.288  0.000  0.000  0.000  0.000  0.044  0.270  0.543 -0.526 -0.875  0.000  0.000  0.000  0.000
K        0.379  0.000  0.298  0.353  0.000  0.000  0.000  0.429 -0.188  0.110  0.000  0.000  0.026  0.374  0.000  0.000  0.074  0.326  0.000  0.382  0.000
L       -0.251  0.000 -0.100  0.077  0.000 -0.594  0.000 -0.398 -0.542 -0.292  0.000  0.000 -0.310 -1.171 -0.012 -0.269 -0.024  0.263  0.000  0.000  0.000
M        0.000  0.000 -0.865  0.000  0.000 -0.247  0.000  0.000  0.000  0.000  0.000  0.000  0.208  0.000  0.000  0.239 -0.198  0.000  0.000  0.000  0.000
N        0.000  0.000  0.000  0.000  0.000  0.000  0.000  0.000 -0.415  0.032  0.000  0.000  0.693  0.000  0.000  0.900  0.510  0.541  0.000  0.000  0.000
P        0.118  0.000  0.003  0.549 -0.787  0.591 -0.161 -0.221  0.431 -0.169  0.791 -0.876 -0.082 -0.400 -0.324 -0.404 -0.054  0.465  0.000 -0.458  0.224
Q        0.876  0.000  0.000  0.000  0.000  0.094  0.000  0.000  0.833  0.007  0.000  0.000 -0.040  0.000  0.000  0.000  0.403  0.000  0.000  0.000  0.000
R       -0.152  0.000 -0.348 -0.590  0.000  0.000  0.000 -0.001  0.483  0.438  0.000  0.000 -0.240  0.000  0.444 -0.023 -0.855  1.166  0.000  0.000  0.000
S        0.641  0.000 -0.030  0.051  0.000 -0.203 -0.017 -0.610  0.550  0.527  0.000  0.272  0.034  0.000  0.296  0.263  1.309 -0.700  0.000  0.000  0.000
T        0.407  0.000  0.223  0.910  0.667  0.000  0.000  1.421 -0.868  1.217  0.000  0.000 -0.024  0.000  0.000  0.091  0.211 -0.060  0.000  0.000  0.000
V       -0.350  0.000  0.000 -0.969  0.000 -0.051  0.000 -0.948  0.039  0.214  0.000  0.000  0.217  0.000 -0.751  0.206  0.314 -0.654  0.000  0.000  0.000
W        0.000  0.000  0.000  0.709  0.000  0.000  0.000  0.000  0.000  0.000  0.000  0.000  0.000  0.000  0.000  0.000  0.000  0.000  0.000  0.000  0.000
Y        0.000  0.000  0.000  0.000  0.000  0.000  0.000  0.000  0.000  0.000  0.000  0.066 -0.116  0.000  0.000  0.000 -0.587  0.000  0.000  0.000  0.000
X        0.000  0.000  0.000  0.000  0.000  0.000  0.000  0.000  0.000  0.000  0.000  0.000  0.000  0.000  0.000  0.000  0.000  0.000  0.000  0.000  0.000
