i-1/i     A      C      D      E      F      G      H      I      K      L      M      N      P      Q      R      S      T      V      W      Y      X
A        0.176  0.000 -0.488 -0.414  0.000  0.000  0.000  0.000 -0.284  0.495  0.000  0.000 -0.061  0.000  0.067  0.000  0.298  0.087  0.000  0.000  0.000
C        0.000  0.000  0.000  0.000  0.000  0.000  0.000  0.000  0.000  0.000  0.000  0.000  0.000  0.000  0.000  0.000  0.000  0.000  0.000  0.000  0.000
D        0.000  0.000  0.134  0.128  0.000  0.000  0.000 -0.374  0.000  0.219  0.000  0.000  0.121  0.000  0.000  0.000 -0.296 -0.264  0.000  0.000  0.000
E        0.000  0.000  0.307  0.000  0.410  0.000  0.000  0.200  0.188 -0.125  0.000  0.166 -0.033  0.000  0.000 -0.341 -0.484  0.052  0.000  0.000  0.000
F        0.000  0.000  0.000  0.000  0.000  0.000  0.000  0.000  0.051  1.124  0.000  0.000  0.316  0.000  0.000  0.000  0.000  0.000  0.000  0.000  0.000
G        0.325  0.000 -0.083  0.399  0.000  0.000  0.000  0.000  0.666 -0.072  0.000  0.000 -0.244  0.000  0.000 -0.210  0.309  0.243  0.000 -0.336  0.000
H        0.000  0.000  0.000  0.000  0.000  0.000  0.000  0.000  0.000  0.273  0.000  0.000  0.000  0.000  0.713  0.000  0.000  0.000  0.000  0.000  0.000
I        0.402  0.000 -0.209 -0.116  0.000  0.000  0.000  0.407  0.148  0.000  0.000  0.000  0.043  0.000  0.000 -0.351  0.000 -0.289  0.000  0.000  0.000
K       -0.543  0.000  0.000  0.000  0.000  0.000  0.000  0.133 -0.470  0.321  0.000  0.000  0.057  0.232  0.000  0.000 -0.797  0.000  0.000  0.000  0.000
L       -0.046  0.000  0.000  0.083  0.000  0.000  0.000  0.000  0.000  0.203  0.000  0.000  0.158 -0.148  0.000  0.351  0.000  0.000  0.000  0.000  0.000
M        0.000  0.000  0.000  0.000  0.000  0.000  0.000  0.000  0.000  0.000  0.000  0.000 -0.095  0.000  0.000 -0.344  0.000  0.000  0.000  0.000  0.000
N        0.000  0.000  0.000  0.000  0.000  0.000  0.000  0.063  0.000  0.000  0.000  0.000 -0.364  0.000  0.000  0.000  0.000  0.000  0.000  0.000  0.000
P        0.258  0.000  0.092  0.018  0.287  0.000  0.000 -0.291 -0.040 -0.475 -1.044  0.311 -0.028  0.163  0.105 -0.620 -0.045  0.214  0.000  0.000  0.000
Q        0.504  0.000  0.000  0.000  0.000  0.000  0.000  0.000  0.000 -0.780  0.000  0.000 -0.108  0.000  0.000  0.000  0.000  0.000  0.000  0.000  0.000
R       -0.009  0.000  0.000 -0.267  0.000  0.000  0.000  0.223  0.000  0.000 -0.127  0.000 -0.082  0.000 -0.454  0.000  0.000  0.000  0.000  0.000  0.000
S       -0.696  0.000 -0.136 -0.225  0.000  0.000  0.000  0.776 -0.212 -0.292 -1.604  0.000  0.066 -0.611  0.000  0.027 -0.394  0.088  0.000  0.000  0.000
T        0.118  0.000 -0.035  0.158  0.000  0.000  0.000  0.000 -0.057  0.236  0.000  0.000  0.052  0.000  0.000 -0.301 -0.182 -0.550  0.000  0.000  0.000
V       -0.468  0.000  0.000 -0.102  0.000  0.000  0.000 -0.229  0.000  0.000  0.000  0.000 -0.146  0.000  0.000  0.000 -0.612  0.238  0.000  0.000  0.000
W        0.000  0.000  0.000  0.000  0.000  0.000  0.000  0.000  0.000  0.000  0.000  0.000  0.000  0.000  0.000  0.000  0.000  0.000  0.000  0.000  0.000
Y        0.000  0.000  0.000  0.000  0.000  0.000  0.000  0.000  0.000  0.000  0.000  0.000  0.434  0.000  0.000  0.000  0.000  0.000  0.000  0.000  0.000
X        0.000  0.000  0.000  0.000  0.000  0.000  0.000  0.000  0.000  0.000  0.000  0.000  0.000  0.000  0.000  0.000  0.000  0.000  0.000  0.000  0.000
