i-1/i     A      C      D      E      F      G      H      I      K      L      M      N      P      Q      R      S      T      V      W      Y      X
A       -0.837  0.000  0.441  0.000  0.000  0.000  0.000  0.000  0.000 -1.028  0.000  0.000  0.060  0.000  0.688  0.000  0.000 -1.251  0.000  0.000  0.000
C        0.000  0.000  0.000  0.000  0.000  0.000  0.000  0.000  0.000  0.000  0.000  0.000  0.000  0.000  0.000  0.000  0.000  0.000  0.000  0.000  0.000
D        0.000  0.000  0.468 -0.101  0.000  0.000  0.000  0.383  0.000  0.256  0.000  0.000 -0.204  0.000  0.000  0.000  0.523  0.552  0.000  0.000  0.000
E        0.000  0.000  0.000  0.000  0.000  0.000  0.000 -0.111 -0.311 -0.325  0.000  0.050 -0.065  0.000  0.000  0.433 -0.342  0.283  0.000  0.000  0.000
F        0.000  0.000  0.000  0.000  0.000  0.000  0.000  0.000  0.000 -0.437  0.000  0.000 -0.079  0.000  0.000  0.000  0.000  0.000  0.000  0.000  0.000
G        0.279  0.000 -0.258  0.000  0.000  0.000  0.000  0.000 -0.027  0.454  0.000  0.000  0.341  0.000  0.000  0.362 -0.279  0.143  0.000  0.156  0.000
H        0.000  0.000  0.000  0.000  0.000  0.000  0.000  0.000  0.000  1.253  0.000  0.000  0.368  0.000  0.105  0.000  0.000  0.000  0.000  0.000  0.000
I        0.000  0.000  0.000 -0.668  0.000  0.000  0.000  0.000  0.336  0.000  0.000  0.000 -0.114  0.000  0.000  0.000  0.000 -0.438  0.000  0.000  0.000
K        0.470  0.000  0.000  0.000  0.000  0.060  0.000 -0.214  0.000 -0.051  0.000  0.000 -0.163 -0.301  0.000  0.000  0.000  0.000  0.000  0.000  0.000
L       -0.044  0.000  0.000 -0.205  0.000  0.000  0.000  0.000  0.000  0.000  0.000  0.000 -0.206  0.000  0.000 -0.174  0.000  0.000  0.000  0.000  0.000
M        0.000  0.000  0.000  0.000  0.000  0.000  0.000  0.000  0.000  0.000  0.000  0.000  0.000  0.000  0.000  0.000  0.000  0.000  0.000  0.000  0.000
N        0.000  0.000  0.000  0.000  0.000  0.000  0.000  0.000  0.000  0.000  0.000  0.000  0.319  0.000  0.000  0.000  0.000  0.000  0.000  0.000  0.000
P       -0.438  0.000  0.000 -0.339 -0.161  0.000 -1.339 -0.860  0.708 -0.011  0.667 -0.243 -0.107 -0.271 -0.726  0.153 -0.006 -0.132  0.000  0.000  0.000
Q       -0.221  0.000  0.000  0.000  0.000  0.000  0.000  0.000  0.000  0.000  0.000  0.000  0.000  0.000  0.000  0.000  0.000  0.000  0.000  0.000  0.000
R        0.000  0.000  0.000 -0.438  0.000  0.000  0.000  0.000  0.000  0.000  0.000  0.000 -0.401  0.000  0.613  0.000  0.000  0.000  0.000  0.000  0.000
S        0.163  0.000  0.194  0.470  0.000 -1.167  0.000  0.584  0.404 -0.974  0.000  0.000  0.473  0.000  0.000  0.041 -1.003  0.099  0.000  0.000  0.000
T        0.520  0.000  0.000  0.056  0.000  0.000  0.000  0.000  0.002 -0.798  0.000  0.000 -0.147  0.000  0.000  0.345 -0.086  0.499  0.000  0.000  0.000
V       -1.039  0.000  0.000  0.107  0.000  0.000  0.000  0.000  0.000  0.000  0.000  0.000 -0.453  0.000  0.000  0.000 -0.323  0.000  0.000  0.000  0.000
W        0.000  0.000  0.000  0.000  0.000  0.000  0.000  0.000  0.000  0.000  0.000  0.000  0.000  0.000  0.000  0.000  0.000  0.000  0.000  0.000  0.000
Y        0.000  0.000  0.000  0.000  0.000  0.000  0.000  0.000  0.000  0.000  0.000  0.000 -0.777  0.000  0.000  0.000  0.000  0.000  0.000  0.000  0.000
X        0.000  0.000  0.000  0.000  0.000  0.000  0.000  0.000  0.000  0.000  0.000  0.000  0.000  0.000  0.000  0.000  0.000  0.000  0.000  0.000  0.000
