i-1/i     A      C      D      E      F      G      H      I      K      L      M      N      P      Q      R      S      T      V      W      Y      X
A       -0.240  0.000  0.000  0.492 -0.059  0.101  0.000  0.000  1.069  0.000  0.000  0.000 -0.456 -0.315 -0.213 -0.717 -0.251 -0.217  0.000  0.000  0.000
C        0.000  0.000  0.000  0.000  0.000  0.000  0.000  0.000  0.000  0.000  0.000  0.000  0.000  0.000  0.000  0.000  0.000  0.000  0.000  0.000  0.000
D       -0.333  0.000 -0.318  0.000  0.000  0.633  0.000 -0.417  0.002  0.155  0.000  0.000 -0.209  0.000  0.000  0.192  0.082 -0.465  0.000  0.000  0.000
E        0.591  0.000 -0.018  0.362 -0.376  0.505  0.000  0.000 -0.002  0.486  0.000 -0.208  0.236  0.000  0.069  0.138  0.000  0.603  0.000  0.000  0.000
F        0.000  0.000  0.000  0.000  0.000 -0.134  0.000  0.000  1.163  0.000  0.000  0.000 -0.039  0.000  0.000 -0.593 -0.046  0.000  0.000  0.000  0.000
G        1.299  0.000  0.000  0.630  0.000  0.000  0.000  0.000  0.000 -0.528  0.000  0.000  0.724  0.000  1.359  0.262  0.175  0.000  0.000  0.000  0.000
H        0.000  0.000  0.000  0.213  0.000  0.000 -0.217  0.000  0.000  0.000  0.000  0.000 -0.286  0.000  0.000  0.000  0.000  0.000  0.000  0.000  0.000
I        0.504  0.000 -0.349  0.000  0.000 -0.103  0.000  0.000  0.138  0.781  0.000  0.000 -0.222  0.000 -1.164  0.336  0.000 -0.519  0.000  0.000  0.000
K        0.871  0.000  0.000  0.291  0.000 -0.551 -0.396  0.000  0.000  0.419  0.000  0.000 -0.008  0.000  0.141 -0.035 -0.180  0.000  0.000  0.000  0.000
L        0.402 -0.502 -0.186 -0.531  0.000 -0.289  0.000  0.330 -0.218  0.820  0.000  0.244  0.328  0.379 -0.395 -0.153  0.438  0.545  0.000  0.000  0.000
M        0.000  0.000  0.000  0.000  0.000  0.000  0.000  0.000  0.000  0.000  0.000  0.000 -0.360  0.000  0.000  0.000  0.000  0.000  0.000  0.000  0.000
N        0.000  0.000  0.000  0.000  0.000 -0.143  0.000  0.000  0.000  0.000  0.000  0.000 -0.121  0.000  0.000  0.000  0.453  0.000  0.000  0.000  0.000
P       -1.299  0.000  0.000 -0.961  0.000 -1.167  0.000 -0.588 -0.955 -1.261  0.000 -0.722  0.000  0.000  0.000  0.000 -1.003 -1.251  0.000  0.000  0.000
Q        0.000  0.000  0.000 -0.284  0.000  0.365  0.000 -0.412  0.000  0.000  0.000  0.000  0.316  0.000  0.000  0.430  0.000  0.000  0.000  0.000  0.000
R        0.830  0.000 -0.817  0.543  0.000  0.000  0.000  0.192  0.000  0.690  0.000  0.000  0.075  0.000  0.383 -0.482  0.000  0.000  0.000  0.000  0.000
S       -0.040  0.000  0.820  0.277  0.000  0.598  0.000  0.145  0.000  0.459 -0.582  0.944  0.198  0.000  0.000  0.314  0.673  0.952  0.000  0.000  0.000
T        0.000  0.000  0.000  0.145  0.000  0.156  0.000  0.000  0.976  1.040  0.000  0.000 -0.117  0.428  0.000  0.000  0.192  0.793  0.000  0.659  0.000
V        0.081  0.000  0.921 -0.023  0.000  0.165  0.000  0.000  0.125  0.000  0.000  0.000 -0.242  0.000  0.414  0.319  0.000 -0.228  0.000  0.000  0.000
W        0.000  0.000  0.000  0.000  0.000  1.167  0.000  0.000  0.000  0.000  0.000  0.000  0.065  0.000  0.000  0.000  0.000  0.000  0.000  0.000  0.000
Y        0.000  0.000  0.000  0.000  0.000  0.000  0.000  0.000 -0.071  0.000  0.000  0.000 -0.810  0.000  0.000  0.000  0.000  0.000  0.000  0.000  0.000
X        0.000  0.000  0.000  0.000  0.000  0.000  0.000  0.000  0.000  0.000  0.000  0.000  0.000  0.000  0.000  0.000  0.000  0.000  0.000  0.000  0.000
