i-1/i     A      C      D      E      F      G      H      I      K      L      M      N      P      Q      R      S      T      V      W      Y      X
A       -0.112  0.000 -0.093 -0.190  0.000  0.436  0.000  0.000 -0.047 -0.309  0.000  0.000  0.000  0.000 -0.074  0.000 -0.178  0.000  0.000  0.000  0.000
C        0.000  0.000  0.000  0.000  0.000  0.000  0.000  0.000  0.000  0.000  0.000  0.000  0.000  0.000  0.000  0.000  0.000  0.000  0.000  0.000  0.000
D       -0.025  0.000  0.073 -0.156  0.000  0.000  0.000  0.016  0.000 -0.087  0.000  0.000  0.000  0.000  0.000  0.000 -0.065  0.065  0.000  0.000  0.000
E        0.016  0.000 -0.102  0.000 -0.224  0.299  0.000 -0.106  0.139 -0.111  0.000 -0.118  0.000  0.000  0.000 -0.135 -0.202 -0.074  0.000  0.000  0.000
F        0.000  0.000  0.000  0.000  0.000  0.000  0.000  0.000  0.000  0.310  0.000  0.000  0.000  0.000  0.000  0.000  0.000  0.000  0.000  0.000  0.000
G        0.108  0.000 -0.237  0.116  0.000  0.000  0.000  0.000  0.298  0.118  0.000  0.000  0.000  0.000 -0.360 -0.020  0.107  0.154  0.000  0.126  0.000
H        0.000  0.000  0.000  0.000  0.000  0.000 -0.045  0.000  0.000 -0.229  0.000  0.000  0.000  0.000  0.117  0.000  0.000  0.000  0.000  0.000  0.000
I        0.000  0.000 -0.025  0.109  0.000  0.000  0.000  0.075 -0.214  0.000  0.000  0.000  0.000  0.000  0.000 -0.225  0.000 -0.144  0.000  0.000  0.000
K        0.202  0.000  0.000  0.000  0.000  0.000  0.000  0.226 -0.052 -0.100  0.000  0.000  0.000 -0.013 -0.027  0.000  0.360 -0.178  0.000  0.000  0.000
L       -0.049  0.000  0.000 -0.155  0.000  0.000  0.000  0.000  0.000  0.061  0.000  0.000  0.000 -0.189  0.000 -0.013  0.000 -0.189  0.000  0.000  0.000
M        0.000  0.000  0.000  0.000  0.000  0.000  0.000  0.000  0.000  0.000  0.000  0.000  0.000  0.000  0.000 -0.113  0.000  0.000  0.000  0.000  0.000
N        0.022  0.000  0.000  0.000  0.000  0.000  0.000  0.156  0.000  0.315  0.000  0.000  0.000  0.000  0.000  0.000  0.000  0.000  0.000  0.000  0.000
P       -0.194  0.000  0.000 -0.232  0.026 -0.424  0.000 -0.104 -0.161 -0.091 -0.078 -0.152  0.000 -0.046 -0.014 -0.074 -0.107  0.009  0.000  0.000  0.000
Q       -0.192  0.000  0.000  0.000  0.000  0.000 -0.307  0.000  0.000 -0.222  0.000  0.000  0.000  0.000  0.000  0.000  0.000 -0.287  0.000  0.000  0.000
R        0.043  0.000  0.000 -0.209  0.000  0.000  0.000  0.000  0.000  0.000 -0.013  0.000  0.000  0.000 -0.382  0.000  0.000  0.000  0.000  0.000  0.000
S        0.141  0.000 -0.232  0.017  0.000 -0.250  0.000 -0.130  0.018  0.005  0.144  0.000  0.000  0.000 -0.242 -0.006 -0.117 -0.088  0.000  0.000  0.000
T       -0.037  0.000  0.005  0.186  0.000  0.000  0.000  0.000 -0.082 -0.001  0.000  0.000  0.000  0.000  0.000 -0.235 -0.056 -0.191  0.000  0.000  0.000
V       -0.241  0.000  0.000  0.008  0.000  0.000  0.000  0.000 -0.234  0.229  0.000  0.000  0.000  0.000  0.000  0.000 -0.168  0.117  0.000  0.000  0.000
W       -0.233  0.000  0.000  0.000  0.000  0.000  0.000  0.000  0.000  0.000  0.000  0.000  0.000  0.000  0.000  0.000  0.000  0.000  0.000  0.000  0.000
Y        0.000  0.000  0.000  0.000  0.000  0.000  0.000  0.000 -0.234  0.000  0.000  0.000  0.000  0.000  0.000  0.000  0.000  0.000  0.000  0.000  0.000
X        0.000  0.000  0.000  0.000  0.000  0.000  0.000  0.000  0.000  0.000  0.000  0.000  0.000  0.000  0.000  0.000  0.000  0.000  0.000  0.000  0.000
