i-1/i     A      C      D      E      F      G      H      I      K      L      M      N      P      Q      R      S      T      V      W      Y      X
A       -0.087  0.000 -0.091 -0.300  0.000  0.027  0.000 -0.075 -0.148 -0.144  0.150  0.000  0.000 -0.292  0.000 -0.068  0.000  0.000  0.000  0.000  0.000
C        0.000  0.000  0.000  0.000  0.000  0.000  0.000  0.000  0.000  0.000  0.000  0.000  0.000  0.000  0.000  0.000  0.000  0.000  0.000  0.000  0.000
D        0.155  0.000 -0.256 -0.163  0.000  0.296  0.000 -0.321  0.000  0.061  0.000  0.000  0.000 -0.249 -0.215 -0.181  0.000  0.152  0.000  0.000  0.000
E       -0.106  0.000  0.000 -0.128  0.000  0.350 -0.016  0.075 -0.066  0.056  0.000  0.000  0.000  0.023 -0.373 -0.069 -0.141  0.143  0.000  0.000  0.000
F        0.191  0.000  0.000  0.000  0.000  0.000  0.000  0.000  0.000  0.000  0.000  0.000  0.000  0.000  0.000  0.000  0.301  0.000  0.000  0.000  0.000
G        0.000  0.000 -0.326  0.000 -0.329  0.000  0.000 -0.335  0.000 -0.240  0.000  0.000  0.000  0.000 -0.017 -0.186 -0.183  0.000  0.000  0.000  0.000
H        0.000  0.000  0.000  0.000  0.000  0.000  0.000 -0.075  0.031  0.000  0.000  0.000  0.000  0.000  0.000  0.000  0.000  0.000  0.000  0.000  0.000
I       -0.050  0.000  0.107  0.000  0.000  0.000  0.000  0.000  0.000 -0.378  0.000  0.000  0.000  0.000 -0.097  0.014 -0.279  0.000  0.000  0.000  0.000
K        0.132  0.000  0.106 -0.141  0.000  0.000  0.000  0.072 -0.079 -0.075  0.000  0.000  0.000 -0.206  0.000  0.000 -0.204 -0.169  0.000 -0.128  0.000
L        0.117  0.000 -0.055 -0.021  0.000  0.155  0.000  0.000 -0.023  0.181  0.000  0.000  0.000 -0.025  0.289 -0.315  0.204 -0.180  0.000  0.000  0.000
M        0.000  0.000 -0.216  0.000  0.000  0.050  0.000  0.000  0.000  0.000  0.000  0.159  0.000  0.000  0.000  0.022  0.111  0.000  0.000  0.000  0.000
N        0.000  0.000  0.000  0.000  0.000  0.000  0.000 -0.030 -0.266 -0.113  0.000  0.000  0.000  0.000  0.000  0.327 -0.257  0.000  0.000  0.000  0.000
P       -0.026  0.000 -0.027  0.158  0.060 -0.085  0.185  0.002  0.083 -0.048 -0.168 -0.027  0.000  0.157  0.227 -0.032 -0.127  0.027  0.086  0.099  0.040
Q        0.018  0.000  0.326  0.000 -0.118  0.034  0.000  0.000  0.017  0.146  0.000  0.000  0.000  0.058  0.000  0.000 -0.079  0.000  0.000  0.000  0.000
R       -0.086  0.000 -0.168  0.011  0.000 -0.100  0.000  0.295  0.196 -0.172  0.000  0.000  0.000  0.000 -0.001  0.050  0.143  0.086  0.000  0.000  0.000
S        0.192  0.000  0.027  0.131  0.000 -0.403  0.000 -0.098 -0.062 -0.117  0.000  0.000  0.000  0.000 -0.093 -0.066 -0.058 -0.096  0.000 -0.171  0.000
T       -0.048  0.000 -0.063  0.195 -0.199  0.000  0.000  0.134 -0.141  0.029  0.000  0.000  0.000  0.000  0.000 -0.074 -0.162 -0.116  0.000  0.000  0.000
V       -0.081  0.000  0.000 -0.124  0.000  0.341  0.000 -0.101  0.059  0.021  0.000  0.000  0.000  0.000 -0.118 -0.037  0.063 -0.162  0.000  0.327  0.000
W        0.000  0.000  0.000  0.199  0.000  0.000  0.000  0.000  0.000  0.000  0.000  0.000  0.000  0.000  0.000  0.000  0.000  0.000  0.000  0.000  0.000
Y        0.000  0.000  0.000  0.000  0.000  0.000  0.000  0.000  0.000  0.000  0.000  0.000  0.000  0.000  0.000  0.000  0.000  0.000  0.000  0.000  0.000
X        0.000  0.000  0.000  0.000  0.000  0.000  0.000  0.000  0.000  0.000  0.000  0.000  0.000  0.000  0.000  0.000  0.000  0.000  0.000  0.000  0.000
