i-1/i     A      C      D      E      F      G      H      I      K      L      M      N      P      Q      R      S      T      V      W      Y      X
A       -1.048  0.000  0.000  0.000  0.000 -0.005  0.000  2.068  1.158 -1.300  0.000  1.655  0.000 -1.572  0.000  0.290 -1.530  0.404  0.000  0.000  0.000
C        0.000  0.000  0.000  0.000  0.000  0.000  0.000  0.000  0.000  0.000  0.000  0.000  0.000  0.000  0.000  0.000  0.000  0.000  0.000  0.000  0.000
D       -0.636  0.000  0.000 -0.930  0.000 -1.637  0.000  0.000  0.000 -0.344  0.000  0.000  0.000  0.000  0.000  0.000  0.000  0.000  0.000  0.000  0.000
E        0.000  0.000  1.288 -0.890  0.000  0.000  0.000 -0.729  0.593  1.723  0.000  0.000  0.000  0.000  0.618 -0.227  0.021  0.562  0.000  0.000  0.000
F        1.230  0.000  0.000 -0.258  0.000  0.000  0.000  0.000  0.000 -1.347  0.000  0.000  0.000  0.000  0.000  0.000  0.000  0.000  0.000  0.000  0.000
G        0.083  0.000  0.000  0.971  0.000  0.000  0.000  0.000 -0.140 -1.275 -1.240  0.000  0.000  0.000 -2.672 -0.863  0.839  0.000  0.000  0.000  0.000
H        0.000  0.000  0.000  0.000  0.000  0.000  0.000  0.000  0.000 -0.880  0.000  0.000  0.000  0.000  0.000  0.000  0.000  0.000  0.000  0.000  0.000
I        0.000  0.000 -0.451  0.583  0.000  0.000  0.000  0.000  0.000  0.000  0.000 -0.221  0.000  0.000  0.000  0.000  0.000  0.032  0.000  0.000  0.000
K        1.432  0.000 -0.679  0.542  0.000  0.000  0.000  1.347 -0.173 -0.850  0.000  0.000  0.000  0.000  0.000  0.120  0.435 -0.195 -0.914  0.000  0.000
L       -1.703  0.000 -0.493  1.034 -2.402 -0.605  0.000  1.336 -0.162  2.443  0.000  0.000  0.000  0.000  0.000 -2.441  0.734 -0.488  0.000  0.000  0.000
M        0.000  0.000  0.000  0.000  0.000  0.000  0.000  0.000  0.000  0.000  0.000  0.000  0.000  0.000  2.859  1.945 -2.765  0.000  0.000  0.000  0.000
N        0.000  0.000  0.000  0.000  0.000  0.000 -2.951  0.000 -0.091  0.000  0.000  0.000  0.000  0.000  0.000  0.000  0.000  0.482  0.000  0.000  0.000
P        2.494  0.000 -1.135  0.721  0.000  0.072  0.000 -0.396  0.222  2.157  0.000 -1.133  2.422  0.000 -0.877  1.178 -0.829 -1.678  0.000 -0.834  0.000
Q        0.000  0.000  0.000  0.000  0.000  0.000  0.000 -1.664 -0.498  1.721  0.000  0.000  0.000  0.000  0.000  0.000  0.000  0.000  0.000  0.000  0.000
R       -0.845  0.000 -0.588  1.106  0.000  0.000  4.101  0.199  0.872 -0.395 -0.092  0.000  0.000  1.933  0.000  0.000  0.000  1.892  0.000  0.000  0.000
S        1.113  0.000 -1.161  0.000  0.000  1.091  0.000 -0.839 -0.385  0.174 -0.086  0.000  0.000  0.000  0.000  1.254 -1.580 -0.191  0.000  0.000  0.000
T        0.000  0.000  1.480  0.363  0.000  0.000  0.000 -1.705  0.000  0.000  0.000  0.000  0.000  1.890  0.259  0.000 -0.326 -0.973  0.000  0.000  0.000
V        0.049  0.000  0.206  0.699  2.046 -0.583  0.000 -0.277  0.000  0.000  0.000  0.000  0.000  0.000  0.000 -0.338  0.000 -0.973  0.000  0.000  0.000
W        0.000  0.000  0.000  0.000  0.000  0.000  0.000  0.000  0.000  0.000  0.000  0.000  0.000  0.000  0.000  0.000  0.000  0.000  0.000  0.000  0.000
Y        0.000  0.000  0.000  0.000  0.000 -0.619  0.000  0.000  0.000  0.000  0.000  0.000  0.000  0.000  0.000  0.000  0.000  0.000  0.000  0.000  0.000
X        0.000  0.000  0.000  0.000  0.000  0.000  0.000  0.000  0.000  0.000  0.000  0.000  0.000  0.000  0.000  0.000  0.000  0.000  0.000  0.000  0.000
