i-1/i     A      C      D      E      F      G      H      I      K      L      M      N      P      Q      R      S      T      V      W      Y      X
A        1.446  0.000  0.158 -1.625  0.000  2.419  0.000  0.000 -0.779 -0.889  0.000  0.000  0.000  0.000  0.000  0.000 -2.785  0.000  0.000  0.000  0.000
C        0.000  0.000  0.000  0.000  0.000  0.000  0.000  0.000  0.000  0.000  0.000  0.000  0.000  0.000  0.000  0.000  0.000  0.000  0.000  0.000  0.000
D        0.734  0.000 -0.792 -0.958  0.000  0.000  0.000  1.025  0.000 -0.303  0.000  0.000  0.000  0.000  0.000  0.000 -0.104  1.021  0.000  0.000  0.000
E       -2.225  0.000  1.320  0.000 -0.444 -0.178  0.000  0.094 -0.433 -1.409  0.000 -1.019  0.000  0.000  0.000 -0.290 -0.477 -0.804  0.000  0.000  0.000
F        0.000  0.000  0.000  0.000  0.000  0.000  0.000  0.000  0.000  0.646  0.000  0.000  0.000  0.000  0.000  0.000  0.000  0.000  0.000  0.000  0.000
G        0.492  0.000 -1.135  2.323  0.000  0.000  0.000  0.000  0.247 -0.944  0.000  0.000  0.000  0.000  0.904 -0.249  0.851  0.825  0.000  3.269  0.000
H        0.000  0.000  0.000  0.000  0.000  0.000 -1.880  0.000  0.000 -0.250  0.000  0.000  0.000  0.000 -1.247  0.000  0.000  0.000  0.000  0.000  0.000
I        0.000  0.000  0.000  1.268  0.000  0.000  0.000  0.000 -1.018  0.000  0.000  0.000  0.000  0.000  0.000  2.399  0.000  0.389  0.000  0.000  0.000
K        0.287  0.000  0.000  0.000  0.000  0.000  0.000  2.310 -0.270  1.967  0.000  0.000  0.000  0.118  0.526  0.000 -0.046 -0.441  0.000  0.000  0.000
L        0.721  0.000  0.000 -0.535  0.000  0.000  0.000  0.000  0.000 -0.227  0.000  0.000  0.000 -1.966 -2.116  0.835  0.000 -1.647  0.000  0.000  0.000
M        0.000  0.000  0.000  0.000  0.000  0.000  0.000  0.000  0.000  0.000  0.000  0.000  0.000  0.000  0.000 -2.750  0.000  0.000  0.000  0.000  0.000
N       -1.268  0.000  0.000  0.000  0.000  0.000  0.000 -1.084  0.000 -1.027  0.000  0.000  0.000  0.000  0.000  0.000  0.000  0.000  0.000  0.000  0.000
P       -0.372  0.000  0.000 -0.646  0.364 -0.855  0.000  0.845  0.144 -0.679 -0.194 -1.064  1.860  0.384 -0.606 -1.282  1.248 -0.011  0.000  0.000  0.000
Q       -1.285  0.000  0.000  0.000  0.000  0.000 -0.855  0.000  0.000  0.718  0.000  0.000  0.000  0.000  0.000  0.000  0.000 -2.834  0.000  0.000  0.000
R        2.096  0.000  0.000 -0.333  0.000  0.000  0.000  0.000  0.000  0.000  0.928  0.000  0.000  0.000  0.942  0.000  0.000  0.000  0.000  0.000  0.000
S        0.120  0.000 -0.756 -0.741  0.000 -0.725  0.000 -2.782  0.662  1.483 -0.693  0.000  0.000  0.000 -0.501 -0.321 -0.461 -0.006  0.000  0.000  0.000
T       -0.389  0.000  2.019  1.113  0.000  0.000  0.000  0.000  0.027  2.446  0.000  0.000  0.000  0.000  0.000  1.333 -1.231 -1.523  0.000  0.000  0.000
V       -0.169  0.000  0.000 -2.469  0.000  0.000  0.000 -0.873  0.810  0.984  0.000  0.000  0.000  0.000  0.000  0.000  0.478 -0.065  0.000  0.000  0.000
W       -2.572  0.000  0.000  0.000  0.000  0.000  0.000  0.000  0.000  0.000  0.000  0.000  0.000  0.000  0.000  0.000  0.000  0.000  0.000  0.000  0.000
Y        0.000  0.000  0.000  0.000  0.000  0.000  0.000  0.000 -2.302  0.000  0.000  0.000  0.000  0.000  0.000  0.000  0.000  0.000  0.000  0.000  0.000
X        0.000  0.000  0.000  0.000  0.000  0.000  0.000  0.000  0.000  0.000  0.000  0.000  0.000  0.000  0.000  0.000  0.000  0.000  0.000  0.000  0.000
