i-1/i     A      C      D      E      F      G      H      I      K      L      M      N      P      Q      R      S      T      V      W      Y      X
A       -1.352  0.000 -0.599 -1.542 -0.551 -1.004  0.000  0.000  0.000 -2.075  0.000  0.000  0.000 -0.992 -1.129 -2.243 -1.688 -1.362  0.000  0.000  0.000
C        0.000  0.000  0.000  0.000  0.000  0.000  0.000  0.000  0.000  0.000  0.000  0.000  0.000  0.000  0.000  0.000  0.000  0.000  0.000  0.000  0.000
D        2.812  0.000  2.538  0.478  0.000 -1.182  0.000  2.782 -0.067  3.014 -1.021  0.916  0.000  0.000  0.000  0.336 -0.015 -0.678  0.000  0.000  0.000
E       -0.620  0.000  0.597 -1.079 -2.925  1.451  0.000  0.000 -0.569 -1.109  0.000  0.893  0.000  0.000  1.699  0.725 -2.785  0.670  0.000  0.000  0.000
F        0.000  0.000  0.000  0.000  0.000  0.000  0.000  0.000  2.039  0.000  0.000  0.000  0.000  1.533  0.000 -0.948  0.000  0.000  0.000  0.000  0.000
G       -1.014  0.000 -0.187  1.732  0.000  0.000  0.000  0.000  0.000  1.084  0.000  0.000  0.000  2.316 -0.808 -0.462 -0.058 -1.111  0.000  0.000  0.000
H        0.000  0.000  0.000 -1.204  0.000  0.000 -2.408  0.000  0.000  0.000  0.000  0.000  0.000  0.000  0.000  0.000  0.000  0.000  0.000  0.000  0.000
I       -0.893  0.000 -1.274  0.000  0.000 -0.326  0.000  2.206 -0.887 -0.322  0.000  0.000  0.000  0.000 -0.642  1.811  0.000 -0.597  0.000  0.000  0.000
K        1.228  0.000 -0.027 -0.030  0.000 -0.683  0.000  0.000  0.111 -2.522  0.000  0.000  0.000  0.000  0.446  1.817  0.657  1.182  0.000  0.000  0.000
L       -1.730  0.000  0.348  0.000  0.000 -0.685  0.000 -1.016 -1.647 -2.000  0.000  0.000  0.000 -1.182  0.000 -2.415 -2.739 -0.538  0.000  0.000  0.000
M       -0.123  0.000  0.000  0.000  0.000  0.000  0.000  0.000  0.000 -1.118  0.000  0.000  0.000  0.000  0.000  0.000  0.000  0.000  0.000  0.000  0.000
N        0.376  0.000  0.000  0.000  0.000 -0.459  0.000  0.000  0.000  0.000  0.000  0.000  0.000  0.000  0.000  0.000  0.000  0.000  0.000  0.000  0.000
P        1.016  0.961  1.811 -0.324  1.310 -0.848  4.101  0.341  0.652  0.184  0.876  0.195  0.000 -0.547  0.594  2.050  1.050  1.166  0.000  2.708  0.000
Q       -0.790  0.000 -0.927  1.988  0.000  0.334  0.000  0.416  0.000  0.000  0.000  0.000  0.000  0.000  0.000 -2.752  0.000  0.000  0.000  0.000  0.000
R       -1.519  0.000 -0.380  0.747  0.000 -0.990  0.000  0.000  0.984  1.478  0.000  0.000  0.000  0.000 -2.000 -0.347 -1.318  0.000  0.000  0.000  0.000
S        0.122  0.000 -1.189  0.511  0.000  2.165  0.000 -0.961  0.000  0.008 -0.240  0.355  0.000  0.386 -0.403 -1.239 -0.797 -0.599  0.000  0.000  0.000
T        1.232  0.000 -0.124  1.450  2.184 -0.121  0.000 -1.002 -0.137 -1.474  0.000  0.291  0.000  1.262  0.000 -0.110  1.131 -0.426  0.000 -1.189  0.000
V        0.941  0.000 -2.273 -2.093  0.000 -1.273  0.000  0.000  0.967  0.000  0.000  0.000  0.000  0.000 -1.190  1.439 -2.177 -1.105  0.000  0.000  0.000
W        0.000  0.000  0.000  0.000  0.000 -0.348  0.000  0.000  0.000  0.000  0.000  0.000  0.000  0.000  0.000  0.000  0.000  0.000  0.000  0.000  0.000
Y        0.000  0.000 -0.553  0.000  0.000  0.000  0.000  0.000 -1.038  1.014  0.000  0.000  0.000  0.000  0.000  0.000  0.000  0.000  0.000  0.000  0.000
X        0.000  0.000  0.000  0.000  0.000  0.000  0.000  0.000  0.000  0.000  0.000  0.000  0.000  0.000  0.000  0.000  0.000  0.000  0.000  0.000  0.000
