i-1/i     A      C      D      E      F      G      H      I      K      L      M      N      P      Q      R      S      T      V      W      Y      X
A       -0.162  0.000  0.000  0.000  0.000 -0.009  0.000 -0.566  0.564 -0.190  0.000 -0.583 -0.283  0.283  0.000 -0.351  0.087 -0.523  0.000  0.000  0.000
C        0.000  0.000  0.000  0.000  0.000  0.000  0.000  0.000  0.000  0.000  0.000  0.000  0.000  0.000  0.000  0.000  0.000  0.000  0.000  0.000  0.000
D        0.325  0.000  0.000 -0.510  0.000 -0.486  0.000  0.619  0.000 -0.208  0.000  0.000  0.194  0.000  0.000  0.186  0.000  0.000  0.000  0.000  0.000
E        0.248  0.000 -0.298  0.020  0.000  0.000  0.000 -0.063  0.000 -1.217  0.000  0.000 -0.046  0.000 -1.370 -0.680  0.199  0.157  0.000  0.000  0.000
F        0.000  0.000  0.000  0.000  0.000  0.000  0.000  1.401  0.000  0.173  0.000  0.000  0.051  0.000  0.000  0.000  0.000  0.000  0.000  0.000  0.000
G        0.183  0.000  0.000  0.290  0.000  0.000  0.000  1.421 -0.141 -0.635  0.000  0.000 -0.415  1.502 -0.147  0.474 -0.570  0.000  0.000  0.000  0.000
H        0.000  0.000  0.000  0.000  0.000  0.000  0.000  0.000  0.000  0.765  0.000  0.000  0.038  0.000  0.000  0.000  0.000  0.000  0.000  0.000  0.000
I        0.000  0.000 -0.283  1.024  0.000  0.000  0.000  0.000  0.000  0.000  0.000  0.055 -0.390  0.000  0.000  0.000  0.000  0.000  0.000  0.000  0.000
K        0.204  0.000  0.000  0.929 -1.336  0.514  0.000 -0.099 -0.010  0.197  0.000  0.000 -0.148  0.000  0.000 -0.197 -0.934  0.131  0.000  0.000  0.000
L        0.990  0.000  0.208  0.996 -0.564  0.739  0.000 -1.421 -0.182  0.377  0.000  0.000  0.316  0.000  0.000 -0.527  0.196  0.208  0.000  0.000  0.000
M       -0.524  0.000  0.000  0.000  0.000  0.000  0.000  0.000  0.000  0.000  0.000  0.000  0.392  0.000  0.000  0.173  0.069  0.000  0.000  0.000  0.000
N        0.000  0.000  0.000  0.000  0.000  0.000  0.000  0.000 -0.307  0.000  0.000  0.000 -0.038  0.000  0.000  0.000  0.000  0.000  0.000  0.000  0.000
P        0.365  0.000  0.321  0.479  0.000  0.017  0.000 -0.681 -0.013 -0.068  0.000 -0.877  0.119  0.000  0.182 -0.144 -0.059  0.454  0.000  0.255  0.000
Q        0.000  0.000  0.000  0.000  0.000  0.000  0.000  1.252  0.190  0.494  0.000  0.000  0.042  0.000  0.000  0.000  0.000  0.000  0.000  0.000  0.000
R       -0.556  0.000  0.552  0.580  0.000  0.000  0.000 -0.188 -0.144  0.997  0.000  0.000 -0.244 -0.384  0.000  0.000  0.000  0.000  0.000  0.000  0.000
S       -0.960  0.000 -0.248  0.000  0.000  0.207  0.000  0.951 -1.152  0.508 -1.049  0.000 -0.264  0.000  0.000  0.739 -0.057  0.446  0.000  0.000  0.000
T        0.000  0.000  0.017  0.828  0.000  0.168  0.000  0.000  0.000  0.000  0.000  0.000 -0.166  0.000  0.000 -0.584 -0.006  0.582  0.000  0.000  0.000
V       -0.052  0.000 -0.465 -0.761  0.340 -0.259  0.000 -0.030  0.000  0.000  0.000  0.000 -0.232  0.000  0.000 -0.198  0.000  0.000  0.000  0.000  0.000
W        0.000  0.000  0.000  0.000  0.000  0.000  0.000  0.000  0.000  0.000  0.000  0.000  0.000  0.000  0.000  0.000  0.000  0.000  0.000  0.000  0.000
Y        0.000  0.000  0.000  0.000  0.000  0.000  0.000  0.000  0.000  0.000  0.000  0.000  0.000  0.000  0.000  0.000  0.000  0.000  0.000  0.000  0.000
X        0.000  0.000  0.000  0.000  0.000  0.000  0.000  0.000  0.000  0.000  0.000  0.000  0.000  0.000  0.000  0.000  0.000  0.000  0.000  0.000  0.000
