i-1/i     A      C      D      E      F      G      H      I      K      L      M      N      P      Q      R      S      T      V      W      Y      X
A       -0.417  0.000 -0.040  0.031  0.000 -0.562  0.000  0.000  0.000 -1.052  0.000  0.000 -0.234  0.000  0.362  0.000 -0.098 -1.239  0.000  0.000  0.000
C        0.000  0.000  0.000  0.000  0.000  0.000  0.000  0.000  0.000  0.000  0.000  0.000  0.000  0.000  0.000  0.000  0.000  0.000  0.000  0.000  0.000
D        0.000  0.000  0.000 -0.042  0.000  0.000  0.000  0.109  0.000 -0.100  0.000  0.000  0.099  0.000  0.000  0.000  1.309  0.472  0.000  0.000  0.000
E        0.000  0.000 -0.111  0.000  0.278 -0.341  0.000  0.133  0.276 -0.252  0.000 -0.267  0.233  0.000  0.000  0.690  0.127 -0.539  0.000  0.000  0.000
F        0.000  0.000  0.000  0.000  0.000  0.000  0.000  0.000  0.141  0.380  0.000  0.000 -0.550  0.000  0.000  0.000  0.000  0.000  0.000  0.000  0.000
G        0.039  0.000 -0.204  0.180  0.000  0.000  0.000  0.000 -0.298 -0.309  0.000  0.000 -0.170  0.000  0.000  0.261 -0.271 -0.136  0.000  1.239  0.000
H        0.000  0.000  0.000  0.000  0.000  0.000  0.000  0.000  0.000  0.942  0.000  0.000 -0.707  0.000 -0.275  0.000  0.000  0.000  0.000  0.000  0.000
I       -0.033  0.000  0.910 -0.280  0.000  0.000  0.000  1.421  0.357  0.000  0.000  0.000 -0.102  0.000  0.000  0.797  0.000  0.790  0.000  0.000  0.000
K       -1.019  0.000  0.000  0.000  0.000 -0.445  0.000 -0.509 -0.452  0.303  0.000  0.000 -0.070 -1.116  0.000  0.000 -0.522  0.000  0.000  0.000  0.000
L       -0.157  0.000  0.000  0.338  0.000  0.000  0.000  0.000  0.000 -0.297  0.000  0.000 -0.145 -0.727 -1.370  0.040  0.000  0.189  0.000  0.000  0.000
M        0.000  0.000  0.000  0.000  0.000  0.000  0.000  0.000  0.000  0.000  0.000  0.000  0.459  0.000  0.000 -0.063  0.000  0.000  0.000  0.000  0.000
N        0.000  0.000  0.000  0.000  0.000  0.000  0.000 -0.097  0.000  0.000  0.000  0.000 -0.397  0.000  0.000  0.000  0.000  0.000  0.000  0.000  0.000
P       -0.482  0.000 -0.820 -1.003  0.385 -0.424 -0.661 -0.686 -0.508 -0.150  0.620 -0.176  0.048 -0.686 -0.604  0.303  0.334 -0.748  0.000  0.000  0.000
Q        0.072  0.000  0.000  0.000  0.000  0.000  0.000  0.000  0.000  0.063  0.000  0.000 -0.043  0.000  0.000  0.000  0.000  0.000  0.000  0.000  0.000
R        0.115  0.000  0.000 -0.498  0.000  0.000  0.000  0.162  0.000  0.000 -0.033  0.000 -0.373  0.000  0.278  0.000  0.000  0.000  0.000  0.000  0.000
S        0.363  0.000  0.513  0.127  0.000 -0.488  0.000  0.348 -0.246 -0.498 -0.261  0.000  0.046  1.502  0.000 -0.356 -0.576 -0.370  0.000  0.000  0.000
T        0.280  0.000 -0.380  0.705  0.000  0.000  0.000  0.000  0.206  0.159  0.000  0.000 -0.006  0.000  0.000  0.101 -0.017  0.839  0.000  0.000  0.000
V       -0.445  0.000  0.000 -1.009  0.000  0.000  0.000 -0.087  0.000  0.000  0.000  0.000 -0.174  0.000  0.000  0.000  0.914  0.697  0.000  0.000  0.000
W        0.000  0.000  0.000  0.000  0.000  0.000  0.000  0.000  0.000  0.000  0.000  0.000  0.000  0.000  0.000  0.000  0.000  0.000  0.000  0.000  0.000
Y        0.000  0.000  0.000  0.000  0.000  0.000  0.000  0.000  0.000  0.000  0.000  0.000 -0.084  0.000  0.000  0.000  0.000  0.000  0.000  0.000  0.000
X        0.000  0.000  0.000  0.000  0.000  0.000  0.000  0.000  0.000  0.000  0.000  0.000  0.000  0.000  0.000  0.000  0.000  0.000  0.000  0.000  0.000
