i-1/i     A      C      D      E      F      G      H      I      K      L      M      N      P      Q      R      S      T      V      W      Y      X
A       -0.209  0.000  0.000  0.000  0.000  0.000  0.000  0.026  0.417 -0.358  0.000  0.042 -0.196 -0.178  0.000 -0.180 -0.199  0.134  0.000  0.000  0.000
C        0.000  0.000  0.000  0.000  0.000  0.000  0.000  0.000  0.000  0.000  0.000  0.000  0.000  0.000  0.000  0.000  0.000  0.000  0.000  0.000  0.000
D        0.654  0.000  0.000 -0.354  0.000  0.000  0.000  0.454  0.000  0.352  0.000  0.000  0.106  0.000  0.000 -0.111  0.000  0.000  0.000  0.000  0.000
E        0.000  0.000 -0.201 -0.018  0.000  0.000  0.000 -0.039  0.000  0.670  0.000  0.000 -0.199  0.000  0.075  0.733 -0.089 -0.457  0.000  0.000  0.000
F        0.000  0.000  0.000  0.000  0.000  0.000  0.000  0.494  0.000  0.453  0.000  0.000 -0.230  0.000  0.000  0.000  0.000  0.000  0.000  0.000  0.000
G       -0.741  0.000  0.000 -0.356  0.000  0.000  0.000 -0.121  0.852  0.083  0.000  0.000 -0.184 -0.238 -0.620 -0.180 -0.437  0.000  0.000  0.000  0.000
H        0.000  0.000  0.000  0.000  0.000  0.000  0.000  0.000  0.000 -1.124  0.000  0.000  0.468  0.000  0.000  0.000  0.000  0.000  0.000  0.000  0.000
I        0.000  0.000  0.171  0.487  0.000  0.000  0.000  0.000  0.000  0.000  0.000 -0.112 -0.124  0.000  0.000  0.000  0.000  0.000  0.000  0.000  0.000
K        0.825  0.000  0.031 -0.021  0.415  0.000  0.000 -0.179  0.334  0.486  0.000  0.000 -0.185  0.000  0.000  0.046  0.465  0.103  0.000  0.000  0.000
L       -0.723  0.000 -0.337 -0.245 -0.241  0.000  0.000 -0.330 -0.562  0.380  0.000  0.000 -0.012  0.712  0.000 -0.547 -0.104  0.357  0.000  0.000  0.000
M       -0.438  0.000  0.000  0.000  0.000  0.000  0.000  0.000  0.000  0.000  0.000  0.000 -0.224  0.000  0.000  0.280 -0.002  0.000  0.000  0.000  0.000
N        0.000  0.000  0.000  0.000  0.000  0.000  0.000  0.000  0.444  0.000  0.000  0.000 -0.111  0.000  0.000  0.000  0.000  0.000  0.000  0.000  0.000
P       -0.043  0.000  0.204  0.160  0.000  0.000  0.000  0.736 -0.168  0.196  0.000  0.000  0.043  0.000 -0.314  0.298  0.215  0.428  0.000 -0.276  0.000
Q        0.000  0.000  0.000  0.000  0.000  0.000  0.000 -0.697 -0.428  0.129  0.000  0.000  0.175  0.000  0.000  0.000  0.000  0.000  0.000  0.000  0.000
R        0.339  0.000 -0.129 -0.085  0.000  0.000  0.000 -0.179 -0.076 -0.666  0.000  0.000  0.468  0.166  0.000  0.000  0.000  0.000  0.000  0.000  0.000
S       -0.276  0.000 -0.150  0.000  0.000  0.000  0.000 -0.510 -0.335 -0.247  1.219  0.000  0.088  0.000  0.000 -0.077 -0.105 -0.458  0.000  0.000  0.000
T        0.000  0.000  0.435 -0.131  0.000  0.000  0.000  0.000  0.000  0.000  0.000  0.000  0.122  0.000  0.000  0.274  0.318  0.237  0.000  0.000  0.000
V        0.311  0.000 -0.379  0.181 -0.657  0.000  0.000 -0.146  0.000  0.000  0.000  0.000 -0.448  0.000  0.000  0.140  0.000  0.000  0.000  0.000  0.000
W        0.000  0.000  0.000  0.000  0.000  0.000  0.000  0.000  0.000  0.000  0.000  0.000  0.000  0.000  0.000  0.000  0.000  0.000  0.000  0.000  0.000
Y        0.000  0.000  0.000  0.000  0.000  0.000  0.000  0.000  0.000  0.000  0.000  0.000  0.000  0.000  0.000  0.000  0.000  0.000  0.000  0.000  0.000
X        0.000  0.000  0.000  0.000  0.000  0.000  0.000  0.000  0.000  0.000  0.000  0.000  0.000  0.000  0.000  0.000  0.000  0.000  0.000  0.000  0.000
