i-1/i     A      C      D      E      F      G      H      I      K      L      M      N      P      Q      R      S      T      V      W      Y      X
A        0.210  0.000  0.000 -0.323  0.541  0.000  0.000 -0.097 -0.196  0.549  0.000  0.525  0.063  0.104 -0.282  0.186  0.268 -0.010  0.000  0.000  0.000
C        0.000  0.000  0.000  0.000  0.000  0.000  0.000  0.000  0.000  0.000  0.000  0.000  0.000  0.000  0.000  0.000  0.000  0.000  0.000  0.000  0.000
D        0.791  0.000  0.386  0.000  0.000  0.000  0.000 -0.231  0.497  0.360 -0.725  0.000  0.079  0.001  0.000  0.581  0.525  0.407  0.000  0.000  0.000
E       -0.167  0.000  0.019 -0.030 -0.803  0.000  0.000  0.000  0.411  0.356  0.000  0.000 -0.172  0.000 -0.252  0.315  0.068 -0.476  0.000  0.000  0.000
F        0.000  0.000  0.000  0.000  0.000  0.000  0.000  0.000  0.192  0.000  0.000  0.000 -0.274  0.000  0.000  0.533 -0.299  0.000  0.000  0.000  0.000
G       -0.294  0.000 -0.846 -0.298  0.000  0.000  0.000  0.000  0.000  0.430  0.000  0.000 -0.110 -0.851  0.213 -0.174 -0.297  0.000  0.000  0.000  0.000
H        0.000  0.000  0.000  0.192  0.000  0.000 -0.919  0.000  0.000  0.000  0.000  0.000 -0.071  0.000  0.000  0.000  0.000  0.000  0.000  0.000  0.000
I       -0.184  0.000  0.083  0.000  0.000  0.000  0.000 -0.781 -0.104 -0.342  0.000  0.000  0.049  0.000  0.015  0.139  0.301  0.870  0.000  0.000  0.000
K        0.620  0.000  0.000  0.327  0.119  0.000  1.248  0.000 -0.160  0.251  0.000 -0.172  0.053  0.000  0.367  0.293 -0.214 -0.284  0.000  0.000  0.000
L        0.101 -0.486  0.713  0.477  0.000  0.000  0.000 -0.475 -0.403 -1.062  0.000  0.057  0.014  0.244 -0.322 -0.048 -0.690  0.015  0.000  0.000  0.000
M       -0.804  0.000  0.000  0.000  0.000  0.000  0.000  0.000  0.000  1.124  0.000  0.000  0.061  0.000  0.000  0.000  0.000  0.000  0.000  0.000  0.000
N        0.000  0.000  0.000  0.000  0.000  0.000  0.000  0.000  0.000  0.000  0.000  0.000 -0.126  0.000  0.000  0.523  0.474  0.000  0.000  0.000  0.000
P       -0.688  0.000 -0.757 -0.320 -0.518  0.000  0.912  0.026 -0.437 -0.651 -1.200 -0.239 -0.398 -0.474 -0.790 -0.733 -0.461  0.073  0.000 -1.307  0.000
Q       -0.269  0.000  0.000  0.175  0.000  0.000  0.000  0.174  0.000  0.000  0.000  0.000  0.038  0.243  0.000 -0.276  0.000  0.000  0.000  0.000  0.000
R        0.133  0.000 -0.848 -0.300  0.000  0.000  0.000  0.409  0.852  0.490  0.000  0.000  0.085  0.000 -0.451 -0.380  0.262  0.000  0.000  0.000  0.000
S        0.096  0.000  0.377  0.073  0.000  0.000  0.000  0.200  0.000 -0.192  1.361  0.008  0.079  0.000 -0.268 -0.097  0.068 -0.304  0.000  0.000  0.000
T        0.132  0.000  0.091  0.390  0.462  0.000  0.000 -0.281 -0.117  0.258 -1.510 -0.075  0.151  0.256  0.000 -0.132 -0.248  0.028  0.000 -0.037  0.000
V        0.163  0.000 -0.132  0.051  0.000  0.000  0.000  0.000  0.027  0.000  0.000  0.000  0.075  0.000  0.308  0.007  0.364 -0.057  0.000  0.000  0.000
W        0.000  0.000  0.000  0.000  0.000  0.000  0.000  0.000  0.000  0.000  0.000  0.000  0.093  0.000  0.000  0.000  0.000  0.000  0.000  0.000  0.000
Y        0.000  0.000  0.000  0.000  0.000  0.000  0.000  0.000  0.013  0.000  0.000  0.000  0.373  0.000  0.000  0.000  0.000  0.000  0.000  0.000  0.000
X        0.000  0.000  0.000  0.000  0.000  0.000  0.000  0.000  0.000  0.000  0.000  0.000  0.000  0.000  0.000  0.000  0.000  0.000  0.000  0.000  0.000
