i-1/i     A      C      D      E      F      G      H      I      K      L      M      N      P      Q      R      S      T      V      W      Y      X
A       -0.364  0.000 -0.260 -0.177  0.000  0.000  0.000 -0.190 -0.632  0.089  1.629  0.152  0.045 -0.851  0.000 -0.056  0.000  0.306  0.000  0.000  0.000
C        0.000  0.000  0.000  0.000  0.000  0.000  0.000  0.000  0.000  0.000  0.000  0.000  0.000  0.000  0.000  0.000  0.000  0.000  0.000  0.000  0.000
D        0.592  0.000  0.083  0.065  0.000  0.000  0.000  0.282  0.000  0.132  0.000  0.000 -0.109 -0.189  0.263  0.246 -0.036  0.501  0.000  0.000  0.000
E       -0.113  0.000  0.000  0.249  0.000  0.000 -0.572  0.675  0.157  1.124  0.000  0.000  0.015 -0.851  0.094 -0.313 -0.613 -0.119  0.000  0.000  0.000
F        0.582  0.000  0.000  0.000  0.000  0.000  0.000  0.000  0.000  0.000  0.000  0.000  0.064  0.303  0.000  0.000 -0.263  0.000  0.000  0.000  0.000
G        0.828  0.000  0.368  0.000  0.150  0.000  0.000 -0.776  0.000  0.764  0.000  0.000 -0.133  0.075 -0.277 -0.353 -0.162  0.000  0.000  0.000  0.000
H        0.000  0.000  0.000  0.000  0.000  0.000  0.000  0.000 -0.379  0.000  0.000  0.000  0.000  0.000  0.000  0.000 -0.175  0.000  0.000  0.000  0.000
I       -0.108  0.000  0.409  0.000  0.000  0.000  0.000 -0.384  0.000  0.000  0.000  0.000  0.164  0.589  0.321  0.188  0.747  0.000  0.000  0.000  0.000
K       -0.199  0.000 -0.195 -0.038  0.000  0.000  0.000 -0.323  0.248 -0.353  0.000  0.000  0.236  0.081  0.000  0.000  0.178 -0.243  0.000 -0.044  0.000
L       -0.381  0.000 -0.779  0.007  0.000  0.000  0.000  0.000  0.288 -0.188  0.000  0.000 -0.097  0.330  0.530  0.389  0.066  0.302  0.000  0.000  0.000
M        0.000  0.000 -0.095  0.000  0.000  0.000  0.000  0.000  0.000  0.000  0.000  0.000  0.288  0.000  0.000 -0.531 -0.742  0.000  0.000  0.000  0.000
N        0.000  0.000  0.000  0.000  0.000  0.000  0.000  0.000 -0.311 -0.389  0.000  0.000  0.258  0.000  0.000 -0.088 -0.151  0.214  0.000  0.000  0.000
P       -0.169  0.000 -0.477 -0.094 -0.105  0.000 -0.740  0.317 -0.104 -0.397  0.259 -0.374 -0.042 -0.096  0.032  0.174 -0.146 -0.104  0.000 -0.048 -1.886
Q        0.059  0.000  0.000  0.000  0.000  0.000  0.000  0.000 -0.178 -0.306  0.000  0.000 -0.223  0.000  0.000  0.000  0.484  0.000  0.000  0.000  0.000
R       -0.403  0.000 -0.493 -0.042  0.000  0.000  0.000 -0.072 -0.462  0.354  0.000  0.000 -0.173  0.000 -0.070  0.234  0.594 -0.541  0.000  0.000  0.000
S       -0.631  0.000  0.128  0.145  0.000  0.000  0.878  0.186  0.154 -0.580  0.000 -0.141 -0.238  0.000  0.404 -0.103 -0.137  0.198  0.000  0.000  0.000
T        0.324  0.000  0.206 -0.083  0.043  0.000  0.000  0.129 -0.028 -0.212  0.000  0.000  0.067  0.000  0.000 -0.053  0.133 -0.142  0.000  0.000  0.000
V        0.403  0.000  0.000 -0.029  0.000  0.000  0.000 -0.310  0.055 -0.051  0.000  0.000 -0.038  0.000 -0.317 -0.151  0.068  0.205  0.000  0.000  0.000
W        0.000  0.000  0.000 -0.536  0.000  0.000  0.000  0.000  0.000  0.000  0.000  0.000  0.000  0.000  0.000  0.000  0.000  0.000  0.000  0.000  0.000
Y        0.000  0.000  0.000  0.000  0.000  0.000  0.000  0.000  0.000  0.000  0.000 -0.163 -0.248  0.000  0.000  0.000  0.071  0.000  0.000  0.000  0.000
X        0.000  0.000  0.000  0.000  0.000  0.000  0.000  0.000  0.000  0.000  0.000  0.000  0.000  0.000  0.000  0.000  0.000  0.000  0.000  0.000  0.000
