i-1/i     A      C      D      E      F      G      H      I      K      L      M      N      P      Q      R      S      T      V      W      Y      X
A        0.774  0.000  0.000  0.000  0.000  0.072  0.000  0.618  0.855  0.703  0.000  0.000  0.094  0.108  0.000  0.723  0.700  0.467  0.000  0.000  0.000
C        0.000  0.000  0.000  0.000  0.000  0.000  0.000  0.000  0.000  0.000  0.000  0.000  0.000  0.000  0.000  0.000  0.000  0.000  0.000  0.000  0.000
D        0.000  0.000  0.000  0.928  0.000  0.000  0.000  0.000  0.000  0.654  0.000  0.000 -0.155  0.000  0.000  0.000  0.000  0.000  0.000  0.000  0.000
E        0.159  0.000  0.403  0.254  0.000  0.000  0.000 -0.121  0.000  0.000  0.000  0.000 -0.168  0.000  0.921 -0.005  0.072  0.476  0.000  0.000  0.000
F        0.000  0.000  0.000  0.000  0.000  0.000  0.000  0.919  0.000  0.962  0.000  0.000  0.395  0.000  0.000  0.000  0.000  0.000  0.000  0.000  0.000
G       -0.511  0.000  0.000  0.000  0.000  0.000  0.000  0.000  0.503  0.000  0.000  0.000  0.475  0.000 -1.359  0.440  0.000  0.000  0.000  0.000  0.000
H        0.000  0.000  0.000  0.000  0.000  0.000  0.000  0.000  0.000  0.000  0.000  0.000 -0.795  0.000  0.000  0.000  0.000  0.000  0.000  0.000  0.000
I        0.000  0.000 -0.626  0.021  0.000  0.000  0.000  0.000  0.000  0.000  0.000  0.000  0.834  0.000  0.000  0.000  0.000  0.000  0.000  0.000  0.000
K        0.000  0.000  0.000  0.000  0.000  0.000  0.000  0.000  0.469  1.042  0.000  0.000  0.024  0.000  0.000  0.303 -0.075  0.419  0.000  0.000  0.000
L        1.299  0.000 -0.095  0.305 -0.452  0.307  0.000  0.000  0.899  0.257  0.000  0.000 -0.070  0.000  0.000 -0.218 -0.083  0.286  0.000  0.000  0.000
M        0.000  0.000  0.000  0.000  0.000  0.000  0.000  0.000  0.000  0.000  0.000  0.000  0.543  0.000  0.000  0.000  0.000  0.000  0.000  0.000  0.000
N        0.000  0.000  0.000  0.000  0.000  0.000  0.000  0.000 -0.687  0.000  0.000  0.000  0.064  0.000  0.000  0.000  0.000  0.000  0.000  0.000  0.000
P        0.062  0.000  0.000  0.202  0.000  0.476  0.000  0.000  0.299 -0.123  0.000  0.000  0.215  0.000  0.439 -0.082 -0.006 -0.648  0.000  0.794  0.000
Q        0.000  0.000  0.000  0.000  0.000  0.000  0.000 -0.257 -0.763  0.000  0.000  0.000 -0.224  0.000  0.000  0.000  0.000  0.000  0.000  0.000  0.000
R        0.278  0.000  0.000  0.260  0.000  0.000  0.000  0.000 -0.421  0.770  0.000  0.000 -0.154  0.000  0.000  0.000  0.000  0.000  0.000  0.000  0.000
S       -0.036  0.000  0.323  0.000  0.000  0.000  0.000  0.000 -0.974  0.235  0.000  0.000  0.050  0.000  0.000 -0.472 -0.458  1.047  0.000  0.000  0.000
T        0.000  0.000  0.000  0.277  0.000 -0.641  0.000  0.000  0.000  0.000  0.000  0.000 -0.575  0.000  0.000  0.000 -0.174  0.250  0.000  0.000  0.000
V       -0.660  0.000 -0.829  0.144  0.000 -0.312  0.000  0.000  0.000  0.000  0.000  0.000  0.046  0.000  0.000 -0.262  0.000  0.000  0.000  0.000  0.000
W        0.000  0.000  0.000  0.000  0.000  0.000  0.000  0.000  0.000  0.000  0.000  0.000  0.000  0.000  0.000  0.000  0.000  0.000  0.000  0.000  0.000
Y        0.000  0.000  0.000  0.000  0.000  1.167  0.000  0.000  0.000  0.000  0.000  0.000  0.000  0.000  0.000  0.000  0.000  0.000  0.000  0.000  0.000
X        0.000  0.000  0.000  0.000  0.000  0.000  0.000  0.000  0.000  0.000  0.000  0.000  0.000  0.000  0.000  0.000  0.000  0.000  0.000  0.000  0.000
