i-1/i     A      C      D      E      F      G      H      I      K      L      M      N      P      Q      R      S      T      V      W      Y      X
A       -0.222  0.000  0.341  0.323  0.000  0.271  0.000  0.412  0.000  0.325  0.000  0.000 -0.003 -0.196  0.000  0.149  0.000 -0.460  0.000  0.000  0.000
C        0.000  0.000  0.000  0.000  0.000  0.000  0.000  0.000  0.000  0.000  0.000  0.000  0.000  0.000  0.000  0.000  0.000  0.000  0.000  0.000  0.000
D        0.322  0.000  0.008  0.000  0.000  1.167  0.000  0.276  0.000 -0.273  0.000  0.000  0.834  0.587  0.000  0.000  0.000 -0.334  0.000  0.000  0.000
E       -0.714  0.000  0.000 -0.027  0.000  0.214  0.974  0.000 -0.362 -0.264  0.000  0.000 -0.098 -0.845 -1.359  0.029 -0.104  0.323  0.000  0.000  0.000
F        0.000  0.000  0.000  0.000  0.000  0.000  0.000  0.000  0.000  0.000  0.000  0.000 -0.099  0.000  0.000  0.000 -0.588  0.000  0.000  0.000  0.000
G       -0.758  0.000 -0.166  0.000  0.811  0.000  0.000  0.919  0.000  0.892  0.000  0.000  0.646  0.610  0.000 -0.154 -0.636  0.000  0.000  0.000  0.000
H        0.000  0.000  0.000  0.000  0.000  0.000  0.000  0.000 -0.748  0.000  0.000  0.000  0.000  0.000  0.000  0.000  0.255  0.000  0.000  0.000  0.000
I        0.000  0.000  0.012  0.000  0.000  0.000  0.000 -0.667  0.000  0.000  0.000  0.000  0.143 -0.488  0.731  0.108  0.000  0.000  0.000  0.000  0.000
K        0.506  0.000  0.000  0.068  0.000  0.000  0.000  0.000  0.092 -0.005  0.000  0.000 -0.275  0.000  0.000  0.000  0.000  0.337  0.000  0.000  0.000
L       -0.009  0.000  0.000 -0.080  0.000 -0.124  0.000  0.000 -0.667  0.000  0.000  0.000  0.050  0.000 -0.167 -0.094  0.522  0.779  0.000  0.000  0.000
M        0.000  0.000  0.000  0.000  0.000  0.000  0.000  0.000  0.000  0.000  0.000  0.000 -0.725  0.000  0.000  0.000  0.000  0.000  0.000  0.000  0.000
N        0.000  0.000  0.000  0.000  0.000  0.000  0.000  0.000  0.000  0.181  0.000  0.000 -0.083  0.000  0.000  0.435  0.000  0.521  0.000  0.000  0.000
P        0.460  0.000 -0.391  0.233  0.448  0.690  0.986  0.498  0.714  0.287  0.429 -0.354  0.090  0.430  0.577  0.226 -0.104  0.248  0.000 -0.017  0.000
Q        0.000  0.000  0.000  0.000  0.000  0.545  0.000  0.000  0.642  0.487  0.000  0.000  0.411  0.000  0.000  0.000  0.000  0.000  0.000  0.000  0.000
R        0.210  0.000  0.000  0.000  0.000  0.000  0.000 -0.525 -0.533  0.431  0.000  0.000  0.365  0.000 -0.465 -0.629  0.000  0.000  0.000  0.000  0.000
S        0.000  0.000 -0.504  0.003  0.000 -0.829 -0.251  0.000 -0.003  0.214  0.000  0.000  0.097  0.000  0.294 -0.050  0.221 -0.482  0.000  0.000  0.000
T        0.417  0.000 -0.149  0.000  0.000  0.000  0.000  0.000 -0.131  0.210  0.000  0.000 -0.229  0.000  0.000 -0.244 -0.110 -0.367  0.000  0.000  0.000
V       -0.059  0.000  0.000 -0.553  0.000 -0.041  0.000  0.000  0.064 -0.663  0.000  0.000 -0.537  0.000  0.000  0.051  0.196 -0.747  0.000  0.000  0.000
W        0.000  0.000  0.000  0.502  0.000  0.000  0.000  0.000  0.000  0.000  0.000  0.000  0.000  0.000  0.000  0.000  0.000  0.000  0.000  0.000  0.000
Y        0.000  0.000  0.000  0.000  0.000  0.000  0.000  0.000  0.000  0.000  0.000  0.475 -0.175  0.000  0.000  0.000  0.000  0.000  0.000  0.000  0.000
X        0.000  0.000  0.000  0.000  0.000  0.000  0.000  0.000  0.000  0.000  0.000  0.000  0.000  0.000  0.000  0.000  0.000  0.000  0.000  0.000  0.000
