i-1/i     A      C      D      E      F      G      H      I      K      L      M      N      P      Q      R      S      T      V      W      Y      X
A        0.011  0.000  0.000  0.000  0.000  0.000  0.000  0.040 -0.149  0.020  0.000  0.000 -0.105 -0.074  0.000  0.055  0.020  0.097  0.000  0.000  0.000
C        0.000  0.000  0.000  0.000  0.000  0.000  0.000  0.000  0.000  0.000  0.000  0.000  0.000  0.000  0.000  0.000  0.000  0.000  0.000  0.000  0.000
D        0.097  0.000  0.000  0.000  0.000  0.000  0.000 -0.275  0.000  0.028  0.000  0.000  0.031  0.000  0.000  0.000  0.000  0.000  0.000  0.000  0.000
E       -0.063  0.000 -0.006 -0.001  0.000  0.000  0.000 -0.009  0.000  0.201  0.000  0.000 -0.057  0.000  0.161  0.131  0.035 -0.029  0.000  0.000  0.000
F        0.000  0.000  0.000  0.000  0.000  0.000  0.000  0.093  0.000 -0.005  0.000  0.000 -0.031  0.000  0.000  0.000  0.000  0.000  0.000  0.000  0.000
G        0.062  0.000  0.000  0.000  0.000  0.000  0.000  0.000  0.128 -0.061  0.000  0.000  0.034 -0.192 -0.095  0.008  0.054  0.000  0.000  0.000  0.000
H        0.000  0.000  0.000  0.000  0.000  0.000  0.000  0.000  0.000  0.017  0.000  0.000  0.172  0.000  0.000  0.000  0.000  0.000  0.000  0.000  0.000
I        0.000  0.000 -0.005 -0.182  0.000  0.000  0.000  0.000  0.000  0.000  0.000  0.012  0.046  0.000  0.000  0.000  0.000  0.000  0.000  0.000  0.000
K       -0.101  0.000  0.000 -0.036  0.273  0.000  0.000  0.115 -0.054 -0.099  0.000  0.000 -0.116  0.000  0.000 -0.041  0.197  0.051  0.000  0.000  0.000
L       -0.175  0.000 -0.114 -0.119  0.181  0.000  0.000  0.000  0.115 -0.054  0.000  0.000 -0.080  0.000  0.000 -0.041 -0.073 -0.176  0.000  0.000  0.000
M        0.000  0.000  0.000  0.000  0.000  0.000  0.000  0.000  0.000  0.000  0.000  0.000 -0.050  0.000  0.000 -0.024 -0.112  0.000  0.000  0.000  0.000
N        0.000  0.000  0.000  0.000  0.000  0.000  0.000  0.000 -0.102  0.000  0.000  0.000 -0.057  0.000  0.000  0.000  0.000  0.000  0.000  0.000  0.000
P       -0.159  0.000 -0.053  0.013  0.000  0.000  0.000 -0.067  0.012  0.008  0.000  0.018 -0.028  0.000 -0.095  0.014 -0.033 -0.071  0.000  0.042  0.000
Q        0.000  0.000  0.000  0.000  0.000  0.000  0.000  0.000 -0.074 -0.057  0.000  0.000 -0.003  0.000  0.000  0.000  0.000  0.000  0.000  0.000  0.000
R        0.166  0.000 -0.036 -0.032  0.000  0.000  0.000 -0.030  0.096 -0.069  0.000  0.000  0.056  0.055  0.000  0.000  0.000  0.000  0.000  0.000  0.000
S        0.173  0.000 -0.017  0.000  0.000  0.000  0.000  0.020  0.234 -0.034  0.229  0.000  0.007  0.000  0.000  0.055  0.010  0.000  0.000  0.000  0.000
T        0.000  0.000  0.155 -0.151  0.000  0.000  0.000  0.000  0.000  0.000  0.000  0.000 -0.007  0.000  0.000 -0.003 -0.032  0.024  0.000  0.000  0.000
V        0.000  0.000  0.018  0.054  0.000  0.000  0.000  0.104  0.000  0.000  0.000  0.000  0.057  0.000  0.000  0.013  0.000  0.000  0.000  0.000  0.000
W        0.000  0.000  0.000  0.000  0.000  0.000  0.000  0.000  0.000  0.000  0.000  0.000  0.000  0.000  0.000  0.000  0.000  0.000  0.000  0.000  0.000
Y        0.000  0.000  0.000  0.000  0.000  0.000  0.000  0.000  0.000  0.000  0.000  0.000  0.000  0.000  0.000  0.000  0.000  0.000  0.000  0.000  0.000
X        0.000  0.000  0.000  0.000  0.000  0.000  0.000  0.000  0.000  0.000  0.000  0.000  0.000  0.000  0.000  0.000  0.000  0.000  0.000  0.000  0.000
