i-1/i     A      C      D      E      F      G      H      I      K      L      M      N      P      Q      R      S      T      V      W      Y      X
A        0.002  0.000  0.077 -0.082  0.000  0.000  0.000  0.000  0.000  0.117  0.000  0.000 -0.103  0.000 -0.051  0.000 -0.022  0.000  0.000  0.000  0.000
C        0.000  0.000  0.000  0.000  0.000  0.000  0.000  0.000  0.000  0.000  0.000  0.000  0.000  0.000  0.000  0.000  0.000  0.000  0.000  0.000  0.000
D        0.000  0.000 -0.071 -0.038  0.000  0.000  0.000 -0.053  0.000  0.024  0.000  0.000 -0.056  0.000  0.000  0.000 -0.169 -0.078  0.000  0.000  0.000
E        0.000  0.000  0.052  0.000 -0.040  0.000  0.000 -0.116  0.022 -0.071  0.000 -0.022 -0.172  0.000  0.000  0.105 -0.059  0.032  0.000  0.000  0.000
F        0.000  0.000  0.000  0.000  0.000  0.000  0.000  0.000  0.000  0.114  0.000  0.000 -0.018  0.000  0.000  0.000  0.000  0.000  0.000  0.000  0.000
G       -0.012  0.000 -0.067 -0.019  0.000  0.000  0.000  0.000 -0.106 -0.087  0.000  0.000  0.005  0.000  0.000  0.030  0.125  0.013  0.000 -0.305  0.000
H        0.000  0.000  0.000  0.000  0.000  0.000  0.000  0.000  0.000 -0.182  0.000  0.000  0.000  0.000  0.103  0.000  0.000  0.000  0.000  0.000  0.000
I        0.012  0.000  0.000  0.123  0.000  0.000  0.000 -0.120 -0.074  0.000  0.000  0.000  0.003  0.000  0.000 -0.118  0.000 -0.249  0.000  0.000  0.000
K        0.000  0.000  0.000  0.000  0.000  0.000  0.000 -0.164  0.001 -0.034  0.000  0.000 -0.041  0.059  0.000  0.000  0.131  0.000  0.000  0.000  0.000
L        0.007  0.000  0.000  0.000  0.000  0.000  0.000  0.000  0.000 -0.012  0.000  0.000  0.046  0.052  0.103  0.057  0.000  0.000  0.000  0.000  0.000
M        0.000  0.000  0.000  0.000  0.000  0.000  0.000  0.000  0.000  0.000  0.000  0.000 -0.109  0.000  0.000 -0.030  0.000  0.000  0.000  0.000  0.000
N        0.000  0.000  0.000  0.000  0.000  0.000  0.000  0.002  0.000  0.000  0.000  0.000 -0.087  0.000  0.000  0.000  0.000  0.000  0.000  0.000  0.000
P        0.007  0.000  0.121 -0.014 -0.182  0.000  0.007 -0.112  0.099 -0.009 -0.166  0.045  0.009  0.075  0.055 -0.081 -0.074  0.113  0.000  0.000  0.000
Q        0.166  0.000  0.000  0.000  0.000  0.000  0.000  0.000  0.000  0.062  0.000  0.000  0.077  0.000  0.000  0.000  0.000  0.000  0.000  0.000  0.000
R        0.019  0.000  0.000  0.000  0.000  0.000  0.000  0.183  0.000  0.000 -0.120  0.000  0.096  0.000 -0.102  0.000  0.000  0.000  0.000  0.000  0.000
S       -0.019  0.000  0.000 -0.066  0.000  0.000  0.000  0.194  0.011  0.089  0.110  0.000 -0.028 -0.184  0.000  0.121 -0.070  0.159  0.000  0.000  0.000
T        0.016  0.000 -0.061 -0.025  0.000  0.000  0.000  0.000  0.037 -0.016  0.000  0.000  0.013  0.000  0.000 -0.003  0.075 -0.291  0.000  0.000  0.000
V       -0.065  0.000  0.000  0.085  0.000  0.000  0.000  0.076  0.000  0.000  0.000  0.000  0.104  0.000  0.000  0.000 -0.174 -0.027  0.000  0.000  0.000
W        0.000  0.000  0.000  0.000  0.000  0.000  0.000  0.000  0.000  0.000  0.000  0.000  0.000  0.000  0.000  0.000  0.000  0.000  0.000  0.000  0.000
Y        0.000  0.000  0.000  0.000  0.000  0.000  0.000  0.000  0.000  0.000  0.000  0.000  0.172  0.000  0.000  0.000  0.000  0.000  0.000  0.000  0.000
X        0.000  0.000  0.000  0.000  0.000  0.000  0.000  0.000  0.000  0.000  0.000  0.000  0.000  0.000  0.000  0.000  0.000  0.000  0.000  0.000  0.000
