i-1/i     A      C      D      E      F      G      H      I      K      L      M      N      P      Q      R      S      T      V      W      Y      X
A       -0.057  0.000  0.000 -0.077  0.035  0.000  0.000 -0.137  0.000  0.023  0.000 -0.055 -0.036 -0.161 -0.071 -0.020 -0.057 -0.100  0.000  0.000  0.000
C        0.000  0.000  0.000  0.000  0.000  0.000  0.000  0.000  0.000  0.000  0.000  0.000  0.000  0.000  0.000  0.000  0.000  0.000  0.000  0.000  0.000
D       -0.059  0.000  0.000  0.000  0.000  0.000  0.000  0.043 -0.116 -0.153 -0.175  0.000 -0.043 -0.192  0.000  0.011  0.092  0.000  0.000  0.000  0.000
E       -0.163  0.000 -0.060  0.010  0.160  0.000  0.000  0.000  0.063 -0.171  0.000  0.000 -0.048  0.000 -0.248 -0.139 -0.014 -0.263  0.000  0.000  0.000
F        0.000  0.000  0.000  0.000  0.000  0.000  0.000  0.000 -0.235  0.000  0.000  0.000 -0.113  0.000  0.000  0.114  0.001  0.000  0.000  0.000  0.000
G       -0.001  0.000 -0.198 -0.204  0.000  0.000  0.000  0.000  0.000  0.015  0.000  0.000 -0.024  0.000  0.000 -0.012 -0.030  0.000  0.000  0.000  0.000
H        0.000  0.000  0.000  0.051  0.000  0.000 -0.144  0.000  0.000  0.000  0.000  0.000 -0.011  0.000  0.000  0.000  0.000  0.000  0.000  0.000  0.000
I       -0.015  0.000  0.024  0.000  0.000  0.000  0.000  0.000  0.064  0.022  0.000  0.000 -0.004  0.000  0.011  0.023 -0.077 -0.111  0.000  0.000  0.000
K        0.000  0.000  0.000  0.021  0.116  0.000  0.072  0.000 -0.235 -0.141  0.000 -0.040  0.007  0.000 -0.055  0.067 -0.190 -0.074  0.000  0.000  0.000
L        0.020 -0.047 -0.006  0.204  0.000  0.000  0.000 -0.123 -0.039 -0.151  0.000 -0.193 -0.100  0.000 -0.216  0.105 -0.132  0.013  0.000  0.000  0.000
M        0.054  0.000  0.000  0.000  0.000  0.000  0.000  0.000  0.000  0.000  0.000  0.000  0.033  0.000  0.000  0.000  0.000  0.000  0.000  0.000  0.000
N        0.000  0.000  0.000  0.000  0.000  0.000  0.000  0.000  0.000  0.000  0.000  0.000 -0.101  0.000  0.000  0.000  0.000  0.000  0.000  0.000  0.000
P        0.197  0.132  0.160  0.204 -0.069  0.000 -0.068  0.078  0.220  0.097  0.237  0.116  0.172  0.147  0.219  0.132  0.146  0.156  0.000  0.000  0.000
Q        0.000  0.000  0.000 -0.009  0.000  0.000  0.000 -0.127  0.000  0.000  0.000  0.000 -0.116 -0.092  0.000 -0.087  0.000  0.000  0.000  0.000  0.000
R       -0.024  0.000 -0.142  0.000  0.000  0.000  0.000 -0.012 -0.089 -0.056  0.000  0.000  0.017  0.000 -0.112 -0.115 -0.079  0.000  0.000  0.000  0.000
S       -0.071  0.000  0.018 -0.040  0.000  0.000  0.000  0.070  0.000  0.046  0.163  0.000  0.038  0.000 -0.095  0.037  0.037 -0.028  0.000  0.000  0.000
T        0.000  0.000  0.039  0.106  0.273  0.000  0.000  0.028 -0.011 -0.042 -0.025  0.000  0.087 -0.066  0.000 -0.007 -0.054 -0.002  0.000 -0.046  0.000
V        0.000  0.000  0.038 -0.123  0.000  0.000  0.000  0.000 -0.078  0.000  0.000  0.000  0.023  0.000  0.116  0.037 -0.053  0.070  0.000  0.000  0.000
W        0.000  0.000  0.000  0.000  0.000  0.000  0.000  0.000  0.000  0.000  0.000  0.000 -0.058  0.000  0.000  0.000  0.000  0.000  0.000  0.000  0.000
Y        0.000  0.000  0.000  0.000  0.000  0.000  0.000  0.000  0.005  0.000  0.000  0.000  0.095  0.000  0.000  0.000  0.000  0.000  0.000  0.000  0.000
X        0.000  0.000  0.000  0.000  0.000  0.000  0.000  0.000  0.000  0.000  0.000  0.000  0.000  0.000  0.000  0.000  0.000  0.000  0.000  0.000  0.000
