i-1/i     A      C      D      E      F      G      H      I      K      L      M      N      P      Q      R      S      T      V      W      Y      X
A       -0.002  0.000 -0.203 -0.102  0.000  0.000  0.000 -0.165  0.118  0.050  0.170  0.000 -0.046  0.000  0.000  0.000  0.000  0.189  0.000  0.000  0.000
C        0.000  0.000  0.000  0.000  0.000  0.000  0.000  0.000  0.000  0.000  0.000  0.000  0.000  0.000  0.000  0.000  0.000  0.000  0.000  0.000  0.000
D        0.000  0.000 -0.007  0.048  0.000  0.000  0.000  0.095  0.000 -0.007  0.000  0.000  0.068 -0.019 -0.033  0.049 -0.124  0.082  0.000  0.000  0.000
E       -0.014  0.000  0.000 -0.012  0.000  0.000 -0.092 -0.216  0.070  0.074  0.000  0.000  0.007 -0.161  0.170 -0.027 -0.062  0.108  0.000  0.000  0.000
F        0.000  0.000  0.000  0.000  0.000  0.000  0.000  0.000  0.000  0.000  0.000  0.000  0.001 -0.193  0.000  0.000  0.096  0.000  0.000  0.000  0.000
G        0.063  0.000  0.096  0.000  0.057  0.000  0.000  0.000  0.000  0.000  0.000  0.000  0.069 -0.031 -0.126 -0.028 -0.110  0.000  0.000  0.000  0.000
H        0.000  0.000  0.000  0.000  0.000  0.000  0.000  0.000  0.234  0.000  0.000  0.000  0.000  0.000  0.000  0.000  0.090  0.000  0.000  0.000  0.000
I        0.000  0.000 -0.071  0.000  0.000  0.000  0.000  0.000  0.000  0.000  0.000  0.000 -0.006 -0.072 -0.132 -0.054  0.039  0.000  0.000  0.000  0.000
K       -0.052  0.000 -0.133 -0.066  0.000  0.000  0.000  0.059 -0.016  0.011  0.000  0.000 -0.018  0.038  0.000  0.000 -0.050 -0.153  0.000  0.000  0.000
L        0.022  0.000 -0.127 -0.054  0.000  0.000  0.000  0.000  0.000 -0.038  0.000  0.000  0.024  0.192 -0.031  0.139 -0.010  0.045  0.000  0.000  0.000
M        0.000  0.000  0.089  0.000  0.000  0.000  0.000  0.000  0.000  0.000  0.000  0.000 -0.000  0.000  0.000 -0.139  0.111  0.000  0.000  0.000  0.000
N        0.000  0.000  0.000  0.000  0.000  0.000  0.000  0.000  0.091 -0.107  0.000  0.000 -0.109  0.000  0.000  0.000  0.000  0.257  0.000  0.000  0.000
P       -0.042  0.000  0.000 -0.083  0.177  0.000  0.104  0.067 -0.101 -0.079 -0.167  0.081 -0.032  0.026 -0.004 -0.019 -0.086 -0.066  0.000 -0.131  0.000
Q        0.000  0.000  0.000  0.000  0.000  0.000  0.000  0.000 -0.035  0.134  0.000  0.000 -0.059  0.000  0.000  0.000  0.065  0.000  0.000  0.000  0.000
R       -0.011  0.000  0.000  0.121  0.000  0.000  0.000 -0.177 -0.182 -0.034  0.000  0.000  0.005  0.000 -0.076 -0.051  0.232 -0.291  0.000  0.000  0.000
S        0.042  0.000  0.018  0.086  0.000  0.000  0.072  0.152 -0.053 -0.057  0.000  0.000  0.102  0.000  0.028  0.016 -0.023  0.189  0.000  0.000  0.000
T       -0.001  0.000  0.054  0.000  0.079  0.000  0.000  0.060  0.093 -0.007  0.000  0.000  0.005  0.000  0.000  0.060 -0.071  0.154  0.000  0.000  0.000
V       -0.045  0.000  0.000  0.101  0.000  0.000  0.000 -0.029  0.108 -0.000  0.000  0.000 -0.015  0.000  0.262 -0.074  0.021 -0.181  0.000  0.000  0.000
W        0.000  0.000  0.000  0.000  0.000  0.000  0.000  0.000  0.000  0.000  0.000  0.000  0.000  0.000  0.000  0.000  0.000  0.000  0.000  0.000  0.000
Y        0.000  0.000  0.000  0.000  0.000  0.000  0.000  0.000  0.000  0.000  0.000 -0.202  0.112  0.000  0.000  0.000  0.000  0.000  0.000  0.000  0.000
X        0.000  0.000  0.000  0.000  0.000  0.000  0.000  0.000  0.000  0.000  0.000  0.000  0.000  0.000  0.000  0.000  0.000  0.000  0.000  0.000  0.000
