i-1/i     A      C      D      E      F      G      H      I      K      L      M      N      P      Q      R      S      T      V      W      Y      X
A       -0.094  0.000  0.000  0.000  0.000 -0.166  0.000 -0.096 -0.092 -0.148  0.000  0.054  0.000 -0.154  0.000  0.036 -0.135  0.004  0.000  0.000  0.000
C        0.000  0.000  0.000  0.000  0.000  0.000  0.000  0.000  0.000  0.000  0.000  0.000  0.000  0.000  0.000  0.000  0.000  0.000  0.000  0.000  0.000
D       -0.115  0.000  0.000  0.088  0.000 -0.282  0.000 -0.036  0.000  0.090  0.000  0.000  0.000  0.000  0.000  0.000  0.000  0.000  0.000  0.000  0.000
E        0.000  0.000 -0.041 -0.272  0.000  0.000  0.000 -0.109  0.244 -0.004  0.000  0.000  0.000  0.000  0.400 -0.065 -0.036  0.127  0.000  0.000  0.000
F        0.000  0.000  0.000  0.232  0.000  0.000  0.000  0.000  0.000  0.171  0.000  0.000  0.000  0.000  0.000  0.000  0.000  0.000  0.000  0.000  0.000
G        0.150  0.000  0.000  0.214  0.000  0.000  0.000  0.000  0.097  0.053  0.000  0.000  0.000  0.000 -0.235 -0.019  0.277  0.000  0.000  0.000  0.000
H        0.000  0.000  0.000  0.000  0.000  0.000  0.000  0.000  0.000  0.079  0.000  0.000  0.000  0.000  0.000  0.000  0.000  0.000  0.000  0.000  0.000
I        0.000  0.000 -0.162  0.121  0.000  0.000  0.000  0.000  0.000  0.000  0.000 -0.060  0.000  0.000  0.000  0.000  0.000 -0.137  0.000  0.000  0.000
K        0.284  0.000  0.326 -0.105  0.000  0.000  0.000  0.184  0.147 -0.091  0.000  0.000  0.000  0.000  0.000 -0.043  0.091 -0.175  0.201  0.000  0.000
L       -0.099  0.000 -0.078  0.136  0.037 -0.019  0.000 -0.013  0.001  0.050  0.000  0.000  0.000  0.000  0.000 -0.000 -0.022  0.302  0.000  0.000  0.000
M        0.000  0.000  0.000  0.000  0.000  0.000  0.000  0.000  0.000  0.000  0.000  0.000  0.000  0.000  0.018 -0.320 -0.342  0.000  0.000  0.000  0.000
N        0.000  0.000  0.000  0.000  0.000  0.000 -0.206  0.000  0.139  0.000  0.000  0.000  0.000  0.000  0.000  0.000  0.000 -0.050  0.000  0.000  0.000
P       -0.081  0.000  0.144  0.102  0.000  0.101  0.000  0.000  0.017 -0.013  0.000 -0.042  0.000  0.000 -0.032  0.109  0.091 -0.051  0.000 -0.294  0.000
Q        0.000  0.000  0.000  0.000  0.000  0.000  0.000 -0.172  0.088  0.133  0.000  0.000  0.000  0.000  0.000  0.000  0.000  0.000  0.000  0.000  0.000
R        0.044  0.000  0.147  0.228  0.000  0.000  0.124  0.000  0.100  0.000  0.000  0.000  0.000 -0.016  0.000  0.000  0.000 -0.076  0.000  0.000  0.000
S        0.000  0.000 -0.185  0.000  0.000 -0.412  0.000  0.027  0.077 -0.248  0.192  0.000  0.000  0.000  0.000 -0.184 -0.200  0.179  0.000  0.000  0.000
T        0.000  0.000 -0.017 -0.167  0.000  0.000  0.000  0.253  0.000  0.000  0.000  0.000  0.000  0.195  0.205  0.000  0.108 -0.101  0.000  0.000  0.000
V        0.080  0.000  0.017 -0.156  0.000 -0.132  0.000 -0.040  0.000  0.000  0.000  0.000  0.000  0.000  0.000 -0.168  0.000  0.015  0.000  0.000  0.000
W        0.000  0.000  0.000  0.000  0.000  0.000  0.000  0.000  0.000  0.000  0.000  0.000  0.000  0.000  0.000  0.000  0.000  0.000  0.000  0.000  0.000
Y        0.000  0.000  0.000  0.000  0.000 -0.234  0.000  0.000  0.000  0.000  0.000  0.000  0.000  0.000  0.000  0.000  0.000  0.000  0.000  0.000  0.000
X        0.000  0.000  0.000  0.000  0.000  0.000  0.000  0.000  0.000  0.000  0.000  0.000  0.000  0.000  0.000  0.000  0.000  0.000  0.000  0.000  0.000
