i-1/i     A      C      D      E      F      G      H      I      K      L      M      N      P      Q      R      S      T      V      W      Y      X
A       -0.086  0.000  0.000 -0.093 -0.048  0.000  0.000  0.000  0.000 -0.136  0.000  0.000  0.000 -0.042 -0.013 -0.126 -0.067 -0.074  0.000  0.000  0.000
C        0.000  0.000  0.000  0.000  0.000  0.000  0.000  0.000  0.000  0.000  0.000  0.000  0.000  0.000  0.000  0.000  0.000  0.000  0.000  0.000  0.000
D        0.132  0.000  0.213  0.053  0.000  0.016  0.000 -0.256  0.236 -0.175  0.218  0.250  0.000  0.000  0.000  0.247  0.142  0.023  0.000  0.000  0.000
E        0.027  0.000 -0.200 -0.011  0.000  0.025  0.000  0.000 -0.051  0.027  0.000 -0.248  0.000  0.000 -0.096  0.008  0.004 -0.192  0.000  0.000  0.000
F        0.000  0.000  0.000  0.000  0.000  0.000  0.000  0.000  0.013  0.000  0.000  0.000  0.000  0.035  0.000 -0.003  0.000  0.000  0.000  0.000  0.000
G       -0.026  0.000  0.049  0.292  0.000  0.000  0.000  0.000  0.000  0.055  0.000  0.000  0.000  0.152  0.222 -0.050  0.069 -0.062  0.000  0.000  0.000
H        0.000  0.000  0.000  0.014  0.000  0.000 -0.099  0.000  0.000  0.000  0.000  0.000  0.000  0.000  0.000  0.000  0.000  0.000  0.000  0.000  0.000
I       -0.101  0.000 -0.028  0.000  0.000 -0.134  0.000  0.186 -0.155  0.062  0.000  0.000  0.000  0.000 -0.023 -0.090  0.000 -0.233  0.000  0.000  0.000
K        0.088  0.000  0.153 -0.036  0.000  0.148  0.000  0.000  0.045 -0.371  0.000  0.000  0.000  0.000  0.050 -0.179 -0.092  0.061  0.000  0.000  0.000
L       -0.209  0.000 -0.254  0.000  0.000 -0.175  0.000 -0.219 -0.068 -0.028  0.000  0.000  0.000  0.022  0.000 -0.073 -0.079 -0.116  0.000  0.000  0.000
M        0.314  0.000  0.000  0.000  0.000  0.000  0.000  0.000  0.000 -0.327  0.000  0.000  0.000  0.000  0.000  0.000  0.000  0.000  0.000  0.000  0.000
N        0.008  0.000  0.000  0.000  0.000 -0.287  0.000  0.000  0.000  0.000  0.000  0.000  0.000  0.000  0.000  0.000  0.000  0.000  0.000  0.000  0.000
P       -0.081  0.209 -0.076 -0.125  0.097 -0.155  0.096 -0.042 -0.086 -0.048 -0.120 -0.003  0.000 -0.071  0.062  0.045  0.011  0.105  0.000  0.119  0.000
Q       -0.104  0.000  0.202  0.197  0.000  0.156  0.000  0.107  0.000  0.000  0.000  0.000  0.000  0.000  0.000 -0.282  0.000  0.000  0.000  0.000  0.000
R       -0.015  0.000 -0.055 -0.101  0.000 -0.195  0.000  0.000  0.079 -0.068  0.000  0.000  0.000  0.000  0.123  0.025  0.140  0.000  0.000  0.000  0.000
S        0.084  0.000  0.228  0.033  0.000  0.329  0.000  0.043  0.000  0.214  0.144  0.000  0.000  0.208 -0.038 -0.097  0.014 -0.005  0.000  0.000  0.000
T        0.000  0.000  0.016  0.131  0.496  0.073  0.000  0.147  0.152 -0.058  0.000 -0.057  0.000  0.260  0.000 -0.081  0.136 -0.040  0.000  0.055  0.000
V        0.275  0.000 -0.090 -0.301  0.000 -0.044  0.000  0.000  0.041  0.000  0.000  0.000  0.000  0.000 -0.049  0.072 -0.240  0.000  0.000  0.000  0.000
W        0.000  0.000  0.000  0.000  0.000  0.154  0.000  0.000  0.000  0.000  0.000  0.000  0.000  0.000  0.000  0.000  0.000  0.000  0.000  0.000  0.000
Y        0.000  0.000 -0.127  0.000  0.000  0.000  0.000  0.000 -0.025 -0.072  0.000  0.000  0.000  0.000  0.000  0.000  0.000  0.000  0.000  0.000  0.000
X        0.000  0.000  0.000  0.000  0.000  0.000  0.000  0.000  0.000  0.000  0.000  0.000  0.000  0.000  0.000  0.000  0.000  0.000  0.000  0.000  0.000
