i-1/i     A      C      D      E      F      G      H      I      K      L      M      N      P      Q      R      S      T      V      W      Y      X
A       -1.477  0.000 -2.531 -2.743  0.000 -0.954  0.000 -1.975 -0.982 -1.946 -0.146 -0.859  0.000 -1.383  0.000 -1.083  0.000  0.000  0.000  0.000  0.000
C        0.000  0.000  0.000  0.000  0.000  0.000  0.000  0.000  0.000  0.000  0.000  0.000  0.000  0.000  0.000  0.000  0.000  0.000  0.000  0.000  0.000
D       -0.572  0.000 -1.333 -0.677  0.000  1.854  0.000 -2.757  0.000 -0.215  0.000  0.000  0.000 -2.361 -2.859 -1.026  0.000 -2.192  0.000  0.000  0.000
E       -0.763  0.000  0.000 -0.504  0.000  0.906 -1.386  0.000 -0.741 -0.306  0.000  0.000  0.000  0.576 -1.136 -0.285 -1.457  2.593  0.000  0.000  0.000
F       -1.860  0.000  0.000  0.000  0.000  0.000  0.000  0.000  0.000  0.000  0.000  0.000  0.000  0.000  0.000  0.000  0.888  0.000  0.000  0.000  0.000
G        0.000  0.000 -2.314  0.000 -2.925  0.000  0.000 -0.578  0.000 -2.067  0.000  0.000  0.000  0.000 -1.439 -2.298 -0.084  0.000  0.000  0.000  0.000
H        0.000  0.000  0.000  0.000  0.000  0.000  0.000  2.068  1.175  0.000  0.000  0.000  0.000  0.000  0.000  0.000  0.000  0.000  0.000  0.000  0.000
I        2.812  0.000  3.175  0.000  0.000  0.000  0.000  0.000  0.000  3.130  0.000  0.000  0.000  0.000  2.605  2.750  0.791  0.000  0.000  0.000  0.000
K        0.479  0.000 -0.110 -0.192  0.000  0.000  0.000  0.052 -0.087 -0.456  0.000  0.000  0.000 -1.586  0.000  0.000 -2.261  0.656  0.000 -0.192  0.000
L        1.014  0.000 -0.344 -0.066  0.000  0.960  0.000 -1.383 -0.035  0.322 -0.142  0.000  0.000  0.547 -0.205 -1.970 -1.379  0.547  0.000  0.000  0.000
M       -1.955  0.000  2.244  0.000  0.000 -1.363  0.000  0.000  0.000  0.000  0.000  0.003  0.000  0.000  0.000 -1.127  1.034  0.000  0.000  0.000  0.000
N        0.000  0.000  0.000  0.000  0.000  0.000  0.000 -2.439 -1.470 -2.645  0.000  0.000  0.000  0.000  0.000 -1.783 -1.030  0.000  0.000  0.000  0.000
P       -1.269  0.000 -0.804  0.255  0.097 -0.625 -1.414 -1.084 -0.690 -0.625 -0.940  0.062  0.000 -0.304 -1.323 -1.004 -1.486 -0.482 -0.612 -1.407  0.948
Q        2.267  0.000 -2.018  0.000  1.846  0.351  0.000  0.000  2.302  2.377  0.000  0.000  0.000  0.811  0.000  0.000  0.136  0.000  0.000  0.000  0.000
R       -0.988  0.000 -0.783  0.303  0.000 -0.999  0.000  2.173  0.926 -0.288  0.000  0.000  0.000  0.000 -0.622 -0.613  0.351  1.139  0.000  0.000  0.000
S        0.515  0.000  0.432  0.941  0.000  0.330  0.000 -0.957 -0.749  0.546  0.000  0.000  0.000  0.000  2.185  0.267  0.724 -2.052  0.000 -0.702  0.000
T        0.887  0.000  0.057  2.743  0.318  0.000  0.000  2.763  0.826  1.145  0.000  0.000  0.000  0.000  0.000  1.605 -0.962  1.245  0.000  0.000  0.000
V        2.812  0.000  0.000  2.743  0.000  2.419  0.000  2.782  1.938  3.130  0.000  0.000  0.000  0.000  0.942  2.750  2.442  1.201  0.000  3.644  0.000
W        0.000  0.000  0.000 -2.743  0.000  0.000  0.000  0.000  0.000  0.000  0.000  0.000  0.000  0.000  0.000  0.000  0.000  0.000  0.000  0.000  0.000
Y        0.000  0.000  0.000  0.000  0.000  0.000  0.000  0.000  0.000  0.000  0.000  0.000  0.000  0.000  0.000  0.000  0.000  0.000  0.000  0.000  0.000
X        0.000  0.000  0.000  0.000  0.000  0.000  0.000  0.000  0.000  0.000  0.000  0.000  0.000  0.000  0.000  0.000  0.000  0.000  0.000  0.000  0.000
