i-1/i     A      C      D      E      F      G      H      I      K      L      M      N      P      Q      R      S      T      V      W      Y      X
A        0.024  0.077  0.001  0.329  0.027  0.000  0.170 -0.162 -0.146  0.118  0.955 -0.431 -0.042  0.268 -0.085 -0.186  0.019  0.092 -0.002  0.207 -2.485
C        0.088  0.859 -0.623 -0.273 -0.196  0.000 -0.041  0.018  0.519 -0.193  0.611  0.000  0.012 -0.511  0.666  0.299 -0.417 -0.157  0.000  0.077  1.715
D        0.471 -0.108  0.220  0.037 -0.166  0.000  0.096 -0.046 -0.207  0.015 -0.257  0.501  0.126  0.056 -0.129 -0.047 -0.076  0.263 -0.199 -0.013  0.472
E       -0.007  0.182 -0.390  0.061 -0.191  0.000  0.164 -0.044  0.119 -0.572  0.061  0.385 -0.027 -0.354  0.108 -0.260  0.017 -0.031 -0.380  0.369  1.312
F       -0.056 -0.324  0.136 -0.162  0.056  0.000 -0.187  0.317 -0.116 -0.122  0.218  0.015  0.330 -0.048 -0.019  0.310  0.139 -0.024 -0.028 -0.326  1.858
G        0.636  0.167  0.110  0.147  0.147  0.000 -0.215  0.143  0.122  0.287 -0.125  0.012 -0.245 -0.056 -0.131  0.308 -0.184  0.030  0.101  0.278 -0.888
H        0.136 -0.060  0.458  0.298  1.170  0.000 -0.745  0.223  0.229  0.141  0.023  0.627  0.000  0.531  0.040  0.172 -0.171  0.169  0.613  0.024  0.000
I        0.021 -0.518  0.129  0.366 -0.494  0.000  0.453 -0.233  0.197  0.107  0.244  0.043 -0.162 -0.188  0.155 -0.143 -0.249 -0.242 -0.492  0.199  0.653
K       -0.126 -0.154  0.485  0.428  0.782  0.000  0.060 -0.169  0.086 -0.372  0.038 -0.069  0.187  1.054 -0.241 -0.307 -0.168  0.130 -0.486 -0.130 -0.150
L       -0.322  0.111  0.094 -0.125 -0.027  0.000  0.090  0.008  0.076  0.015  0.261  0.651  0.078 -0.204  0.128  0.026 -0.038 -0.158  0.046 -0.037  0.597
M       -0.602 -0.735 -0.057 -0.283 -0.044  0.000  0.131  0.134  0.036  0.176  0.650  0.427 -0.321 -0.485  0.257  0.054 -0.411 -0.033  0.128  0.086  0.000
N        0.290 -0.542 -0.239 -0.262  0.260  0.000  0.309  0.325 -0.086  0.305 -0.366 -0.243  0.000 -0.196  0.193 -0.077  0.065  0.321  0.324  0.315  2.209
P       -0.430 -0.508  0.679  0.203 -0.497  0.000  1.003  0.117 -0.394 -0.200 -0.213 -0.289 -0.226  0.310  0.090  0.203 -0.230 -0.063  0.092 -0.047 -0.456
Q       -0.531 -0.375 -0.210 -0.033 -0.124  0.000 -0.558  0.059 -0.024 -0.125  0.330 -0.461 -0.174  0.277  0.080 -0.296 -0.195  0.070 -0.485  0.102 -0.682
R        0.293  0.306  0.043 -0.178  0.433  0.000  0.134  0.177 -0.006 -0.250 -0.855 -0.309 -0.076  0.136  0.048 -0.075  0.082  0.175  0.563 -0.104  0.000
S        0.189 -0.922 -0.003  0.188 -0.145  0.000 -0.173  0.067 -0.038 -0.047  0.063 -0.914 -0.280  0.383  0.009  0.106  0.008  0.000  0.640 -0.014 -0.667
T       -0.072  0.505 -0.312 -0.353 -0.244  0.000 -0.166 -0.107  0.027  0.053 -0.106 -0.041 -0.004 -0.348 -0.044 -0.055 -0.265 -0.048  0.562 -0.067  0.403
V       -0.075 -0.246 -0.241  0.044 -0.529  0.000  0.280 -0.116  0.030  0.013 -0.134 -0.230  0.072 -0.081  0.045 -0.056 -0.208 -0.230 -0.040 -0.009 -1.355
W        0.827  0.705  0.566 -0.143 -0.119  0.000 -1.127  0.303 -0.190 -0.172 -0.174  0.351 -0.121 -0.219 -0.292 -0.345  0.024  0.145 -0.198 -0.328  0.000
Y       -0.510 -0.030  0.183 -0.246  0.138  0.000  0.511 -0.253  0.208 -0.286  0.700  0.330 -0.149  0.066 -0.107 -0.191 -0.181 -0.177 -0.019 -0.041 -1.430
X       -0.229  0.000  0.000 -1.311  1.169  0.000  0.000 -0.067  0.427 -0.354  0.000 -0.993  0.000  0.334  0.484 -0.279  0.293 -0.432  0.000 -0.683 -0.155
