i-1/i     A      C      D      E      F      G      H      I      K      L      M      N      P      Q      R      S      T      V      W      Y      X
A       -0.165 -0.077  0.358 -0.088  0.597  0.000  0.217  0.184  0.189  0.191 -0.404 -0.828 -0.019  0.442  0.032  0.127  0.080  0.165  0.017 -0.170  0.044
C       -0.080  1.581  0.161 -0.081 -0.355  0.000  0.179  0.336 -0.791 -0.380 -1.729  0.929  0.000 -0.130 -0.013 -0.173  0.064  0.255 -0.461 -0.072  0.000
D        0.299 -0.513  0.612  0.171 -0.366  0.000 -0.641 -0.248  0.161  0.384 -0.663 -0.249  0.000  0.022 -0.381  0.318  0.176 -0.006  0.054  0.227  0.000
E        0.109 -0.675  0.342 -0.346 -0.347  0.000  0.061  0.199  0.137 -0.137 -0.289  0.978  0.151 -0.170  0.313  0.174 -0.061  0.053 -0.185  0.408  1.288
F        0.361 -0.336  0.183  0.396  0.057  0.000 -0.168  0.318  0.177  0.262 -0.134  0.585 -0.172  0.303  0.181  0.075  0.161  0.204  0.119  0.194  0.086
G       -0.551  0.387 -0.162  0.131  0.193  0.000  0.114  0.253  0.007  0.342  0.170  0.000  0.019 -0.094 -0.052 -0.046  0.697  0.354 -0.316  0.450  1.343
H        0.210  0.698 -0.988 -0.383 -0.271  0.000 -0.330  0.230 -0.016  0.392 -0.497  0.518  0.023  0.535 -0.021 -0.361 -0.188 -0.365  0.647 -0.159  0.980
I       -0.340  0.003 -0.302  0.025 -0.191  0.000  0.162 -0.266 -0.200 -0.381 -0.223  0.290 -0.148 -0.144 -0.081 -0.150 -0.328 -0.337 -0.524 -0.070 -1.916
K        0.056 -0.566 -0.073 -0.407 -0.158  0.000  0.469 -0.064 -0.182 -0.371  0.205 -0.409 -0.021 -0.195 -0.267 -0.129  0.132 -0.115 -0.454  0.054 -1.201
L       -0.102  0.130 -0.119  0.141 -0.056  0.000 -0.432 -0.233  0.178  0.008 -0.178 -0.341 -0.063 -0.101 -0.052 -0.313 -0.180 -0.281 -0.744 -0.511 -2.827
M       -0.285  0.100 -0.337 -0.005 -0.170  0.000 -0.502  0.020 -0.266 -0.601 -0.135 -0.455  0.029 -0.633 -0.077 -0.096 -0.447  0.011  0.000 -0.217  0.000
N        0.371 -0.005  0.621  0.214  0.034  0.000 -0.111 -0.141  0.073 -0.059  0.335 -0.081 -0.030  0.715 -0.223  0.383  0.125  0.050  0.123 -0.315  0.753
P        0.510  0.718  0.005  0.078 -0.063  0.000 -0.745  0.376 -0.456  0.439  0.478  0.673  0.000  0.045 -0.054 -0.166  0.993  0.473  0.144 -0.947  0.000
Q       -0.269  0.127 -0.092 -0.008  0.034  0.000  0.038 -0.036 -0.052 -0.032  0.632 -0.191 -0.092 -0.015 -0.278  0.021 -0.426 -0.135  0.279 -0.050  0.733
R       -0.418  0.508 -0.583 -0.103 -0.069  0.000  0.197 -0.225 -0.447 -0.158  0.953 -0.474  0.207  0.117 -0.077  0.312 -0.203  0.149 -0.305  0.010  0.660
S        0.447 -0.091  0.247  0.060  0.531  0.000 -0.018  0.665 -0.020  0.418  0.146  0.204 -0.091  0.035  0.401  0.313 -0.078  0.238  0.411  0.420  1.640
T       -0.223 -0.322  0.073 -0.369 -0.038  0.000  0.411 -0.098  0.272 -0.087  0.554  0.138  0.043  0.143  0.113  0.078 -0.072 -0.057  0.307  0.280 -0.960
V       -0.127 -0.297  0.058 -0.099 -0.356  0.000  0.115 -0.357 -0.181 -0.184 -0.315 -0.201  0.114 -0.276 -0.179 -0.129 -0.199 -0.234  0.316 -0.268  0.036
W        0.362  0.257 -0.373  0.148  0.179  0.000  0.095  0.406  0.403  0.869  1.298 -0.898 -0.032  0.168  0.638  0.216  0.530  0.560  0.397  0.279  0.000
Y        0.386 -0.339  0.250  0.238  0.134  0.000 -0.338  0.183  0.230  0.229 -0.444  0.052  0.052  0.247  0.373  0.273  0.039  0.318 -0.269  0.188  0.082
X        1.286  0.000 -1.395  0.630  1.477  0.000  0.115  0.446  0.333 -0.439  0.000  0.000  0.000  0.047 -0.077  0.237 -0.069  0.606  0.101  0.305  0.634
