i-1/i     A      C      D      E      F      G      H      I      K      L      M      N      P      Q      R      S      T      V      W      Y      X
A       -0.147 -0.589 -0.681 -0.044  0.054  0.048  0.331 -0.033  0.250  0.054 -0.348 -0.435 -0.303  0.073  0.093 -0.034 -0.427 -0.166 -0.049  0.024  1.071
C       -0.353  0.254  0.000  0.143 -0.046  0.202  0.045 -0.186 -0.410 -0.241 -0.677  0.091 -0.902 -0.098 -0.534 -0.528 -0.198 -0.366  0.135  0.165  0.000
D        0.094  0.409 -0.973  0.060  0.076 -0.099 -0.703  0.282 -0.079  0.055 -0.065  0.093  0.617  0.099  0.052 -0.136 -0.045  0.212  1.425  0.070  0.563
E        0.355 -0.329 -0.241  0.204 -0.237 -0.514 -0.300  0.394 -0.018  0.031  0.644 -0.186 -0.010  0.099 -0.231 -0.401  0.135  0.321 -0.404  0.295  0.856
F       -0.515 -0.500 -0.455 -0.488 -0.248 -0.766 -0.631 -0.349 -0.970 -0.212 -0.067 -0.668 -0.749 -0.187 -0.621  0.012 -0.764 -0.596  0.894 -0.542  0.000
G       -0.072 -0.013 -0.176  0.151 -0.087  0.271  0.159  0.017 -0.412 -0.071 -0.023 -0.519  0.026 -0.328 -0.244 -0.381  0.147  0.219 -0.617 -0.345 -0.512
H        0.054  0.187 -0.747 -0.447 -0.042 -0.025 -0.193  0.510  0.009  0.167  0.156 -0.037  0.000 -0.154 -0.153 -0.203 -0.039  0.296  0.774 -0.198  0.564
I       -0.116 -0.466 -0.321 -0.404 -0.469 -0.554 -0.379 -0.540 -0.409 -0.212 -0.505 -0.001 -0.516  0.032 -0.637 -0.254 -0.241 -0.409 -0.070 -0.403  0.127
K        0.307 -0.139 -0.284 -0.002  0.720 -0.132 -0.326  0.273  0.309  0.186  0.462 -0.749 -0.465  0.017  0.446 -0.151  0.084  0.526  0.270  0.009  0.689
L       -0.460 -0.408 -0.469  0.133 -0.306 -0.183  0.162 -0.415 -0.046 -0.286 -0.268  0.116 -0.116 -0.280 -0.091  0.071 -0.473 -0.396 -0.137 -0.052 -0.394
M        0.161  1.113  0.334  0.293 -1.176  0.185  0.208 -0.169  0.361 -0.236 -0.027 -0.057 -1.028 -0.550  0.268 -0.289 -0.100 -0.240 -0.506  0.063  0.000
N       -0.087  0.000  0.072 -0.284  0.549  0.159  0.014  0.467 -0.052 -0.026  0.858  0.130 -0.002 -0.030  0.043 -0.191  0.062  0.380 -0.330  0.537  0.603
P        0.192 -0.535  0.262  0.548  0.102  0.364  0.114  0.403  0.478  0.726  0.655 -0.080 -0.435  0.406  1.061  0.173  0.147  0.496  0.256  0.242  0.000
Q        0.319 -0.188 -0.345 -0.017  0.719 -0.168  0.272  0.418  0.110  0.494  0.347  0.104  0.305  0.164  0.521 -0.130  0.171  0.309 -0.454 -0.166  0.000
R        0.111  0.518 -0.975 -0.285  0.111 -0.066 -0.128  0.381  0.159  0.254  0.049 -0.354 -0.066 -0.123 -0.144 -0.340  0.310  0.328 -0.074  0.358 -1.133
S        0.331  0.439 -0.484 -0.063  0.199  0.140  0.499  0.180 -0.097  0.123  0.280 -0.375  0.124 -0.153  0.149 -0.173  0.249  0.347  0.622 -0.004 -0.319
T        0.326 -0.385 -0.488  0.049  0.057 -0.007 -0.207  0.370  0.060 -0.065  0.333 -0.224 -0.167  0.004  0.102 -0.162  0.048  0.280 -0.268  0.318  0.071
V       -0.418 -0.536 -0.552  0.004 -0.343 -0.029 -0.148 -0.331 -0.380 -0.288 -0.213 -0.289 -0.139 -0.127 -0.145 -0.342 -0.227 -0.286 -0.014 -0.038 -0.673
W       -0.187  0.000 -0.468 -0.370 -0.319 -0.229  0.000 -0.379 -0.097 -0.015 -0.491 -0.883  0.000  0.455  0.079 -0.152 -0.072 -0.283  0.827 -0.141  0.000
Y       -0.288  0.180 -0.394 -0.360 -0.004 -0.317 -0.563  0.006 -0.543 -0.347  0.097 -0.055  0.000 -0.370 -0.444 -0.726 -0.413 -0.406  0.082 -0.250 -1.352
X       -0.327  0.000  0.826 -0.398 -0.224  0.000  0.000 -0.462  0.000 -0.680  0.000  0.000  0.000  0.648  0.000 -0.308  0.418 -0.661 -0.560  0.837  0.070
