i-1/i     A      C      D      E      F      G      H      I      K      L      M      N      P      Q      R      S      T      V      W      Y      X
A       -0.060  0.182  0.021  0.122  0.193  0.067 -0.213  0.180 -0.358  0.063  0.229  0.418  0.064  0.255 -0.056 -0.030 -0.022  0.048 -0.401 -0.031 -0.417
C        0.136 -1.378 -0.317  0.338 -0.796 -0.761  0.185  0.195  0.565  0.043  0.000 -0.148  0.000  0.308  0.204 -0.205  0.276 -0.265  0.885 -1.241  0.000
D       -0.189  0.049 -1.247 -0.051 -0.187  0.286 -0.253 -0.257 -0.094 -0.075  0.197  0.049  0.000  0.101 -0.047 -0.193 -0.184 -0.002 -0.288  0.179  0.000
E       -0.177  0.053 -0.543  0.292 -0.027 -0.462  0.016  0.067  0.147 -0.063  0.029  0.366 -0.201 -0.018 -0.128  0.108  0.023  0.179  0.191 -0.075 -0.800
F       -0.254 -0.134 -0.099 -0.079 -0.345 -0.143 -0.516 -0.090 -0.166  0.091 -0.186 -0.001 -0.179 -0.425  0.307 -0.104 -0.120  0.028 -0.351 -0.300 -0.421
G        0.060 -0.645 -0.208  0.081 -0.578 -0.282 -0.854  0.094 -0.045  0.167 -0.034  0.178  0.408 -0.206 -0.196 -0.089 -0.195 -0.110  0.724  0.088 -1.352
H        0.128  0.226  0.003 -0.155  0.196  0.156 -0.912 -0.533  0.474 -0.205 -0.094 -0.203  0.000 -0.009 -0.345 -0.234  0.179 -0.147 -0.334  0.187  0.000
I        0.199  0.314  0.259  0.100  0.434  0.017  0.365  0.195 -0.062  0.015  0.449  0.026  0.228  0.041  0.052  0.277  0.289  0.304 -0.131  0.119  0.507
K        0.018 -0.430 -0.154  0.065  0.221 -0.050 -0.057  0.237  0.182  0.135  0.100 -0.068 -0.121 -0.008  0.087 -0.169  0.212  0.087  0.102  0.274  0.326
L        0.044  0.282  0.126 -0.075  0.012  0.258  0.268  0.048  0.028  0.074 -0.129 -0.064  0.137  0.018  0.154  0.025  0.127  0.159  0.195  0.266  0.117
M        0.248 -0.602  0.322 -0.198  0.134 -0.148 -0.261 -0.137 -0.172 -0.002  0.038 -0.110  0.719  0.459 -0.049 -0.161  0.109 -0.028  0.000 -0.152  0.000
N       -0.139 -0.502 -0.576 -0.510  0.346  0.184  0.031 -0.038  0.354  0.152 -0.592  0.083 -0.626 -0.721  0.355 -0.602 -0.082 -0.074  0.302  0.064 -0.427
P       -0.294 -0.762  0.164 -0.298  0.336  0.508  0.069  0.170  0.048  0.133 -0.153 -0.083  0.000  0.265 -0.333  0.347 -0.895  0.090  0.092  0.087  0.000
Q        0.135  0.020  0.646  0.062  0.174  0.144  0.691 -0.214  0.036  0.295 -0.614 -0.009  0.704  0.028  0.121 -0.033  0.059  0.068 -0.059 -0.133  0.186
R        0.392 -0.161  0.756  0.297  0.220  0.101  0.030  0.111  0.271  0.112  0.380  0.326 -0.808  0.034  0.015  0.006  0.376 -0.126 -0.034  0.182  1.046
S       -0.136 -0.047 -0.136 -0.179 -0.319 -0.017 -0.308 -0.270  0.066 -0.128  0.004  0.234  0.201  0.223 -0.207 -0.086 -0.095 -0.103  0.028 -0.553 -0.138
T       -0.153 -0.401 -0.073 -0.211 -0.177 -0.111 -0.174 -0.076 -0.243 -0.257 -0.426 -0.355 -0.226 -0.331 -0.147  0.038 -0.164 -0.257 -0.134 -0.199  0.348
V        0.104  0.284 -0.066 -0.059  0.146  0.316  0.345  0.176  0.224 -0.038  0.185  0.048  0.124  0.150  0.020  0.187  0.070  0.201 -0.156  0.013  0.797
W        0.264  1.009 -0.264  0.130  0.843 -0.147  0.199  0.484  0.081  0.077  0.220 -0.458 -1.028  0.007  0.024 -0.331 -0.160  0.033 -0.556  0.736  0.000
Y       -0.248  0.382  0.123  0.264 -0.201 -0.463 -0.020 -0.113 -0.286 -0.082 -0.105 -0.216 -0.386 -0.173 -0.168  0.049 -0.252 -0.054 -0.154  0.163 -0.120
X       -0.310  0.000  0.000  0.301 -0.868  0.000  0.000 -0.160  0.356 -0.021  0.000  0.000  0.000 -0.080  0.161 -0.580  0.248 -0.091 -0.062 -0.417 -0.043
