i-1/i     A      C      D      E      F      G      H      I      K      L      M      N      P      Q      R      S      T      V      W      Y      X
A       -0.035 -0.089  0.028  0.112  0.016  0.000 -0.049  0.015  0.011 -0.046 -0.123  0.024 -0.063  0.094 -0.085  0.067 -0.022  0.013  0.001  0.003 -0.156
C        0.019 -0.265 -0.055 -0.058  0.247  0.000  0.005  0.100  0.016  0.056 -0.013  0.030  0.057  0.060  0.036  0.191  0.105  0.062 -0.197  0.171  0.000
D       -0.047 -0.149 -0.263 -0.148 -0.162  0.000 -0.315 -0.106 -0.235 -0.055 -0.070 -0.004 -0.134  0.019 -0.012 -0.144 -0.145 -0.112  0.015 -0.050 -0.252
E       -0.049 -0.046 -0.145 -0.206 -0.002  0.000 -0.155 -0.051 -0.188 -0.086 -0.040 -0.158 -0.074 -0.129 -0.069 -0.242 -0.098 -0.021  0.044 -0.086  0.164
F        0.154  0.015  0.183  0.103  0.021  0.000  0.209  0.038  0.046  0.038  0.159 -0.025  0.232  0.146  0.157  0.155  0.147  0.013 -0.216  0.052  0.244
G       -0.055  0.079  0.024  0.024  0.003  0.000 -0.073  0.087  0.004 -0.182  0.100  0.002  0.036 -0.056  0.114 -0.062 -0.026  0.070  0.016 -0.076 -0.128
H        0.009 -0.028 -0.061 -0.070 -0.010  0.000 -0.015 -0.113  0.025 -0.081  0.205 -0.249  0.000 -0.140 -0.003 -0.064 -0.111 -0.055 -0.050 -0.067  0.057
I        0.027  0.153  0.072  0.028  0.132  0.000  0.018 -0.004  0.086  0.082  0.141 -0.021  0.083  0.117  0.059 -0.019 -0.005  0.001  0.053  0.020  0.118
K        0.044  0.093 -0.048 -0.104 -0.080  0.000 -0.047 -0.043 -0.038  0.018  0.012  0.230 -0.033 -0.189 -0.079 -0.066  0.029 -0.006  0.047 -0.063 -0.146
L       -0.104 -0.095  0.044  0.002 -0.016  0.000  0.098 -0.095  0.041 -0.018 -0.173  0.008 -0.131 -0.039  0.023 -0.043 -0.052 -0.041  0.081 -0.081  0.000
M       -0.099  0.350 -0.108  0.091  0.135  0.000  0.035 -0.073 -0.019 -0.024 -0.079  0.135 -0.001  0.043 -0.058  0.143  0.093  0.004 -0.050  0.012  0.000
N       -0.196 -0.084 -0.109 -0.171 -0.151  0.000  0.027 -0.039 -0.152 -0.172 -0.150 -0.268 -0.211 -0.186 -0.124 -0.112 -0.140 -0.107 -0.098 -0.110 -0.249
P        0.060 -0.128  0.016  0.004 -0.170  0.000 -0.037 -0.051  0.044 -0.010  0.040 -0.232  0.000  0.012  0.048 -0.067 -0.069 -0.086 -0.162 -0.206  0.000
Q        0.074 -0.181 -0.128 -0.155 -0.125  0.000 -0.321 -0.067 -0.088  0.027 -0.163 -0.252  0.000 -0.013  0.006 -0.187 -0.105 -0.031 -0.030  0.002  0.006
R        0.010  0.066 -0.289 -0.078 -0.035  0.000 -0.195  0.100 -0.032  0.060  0.005 -0.109  0.105 -0.065 -0.182 -0.047 -0.019  0.008  0.088 -0.036 -0.038
S       -0.063 -0.058 -0.051  0.045 -0.079  0.000 -0.067  0.074 -0.060  0.060  0.081 -0.071 -0.022  0.003 -0.122 -0.095  0.040  0.035  0.031  0.138  0.053
T        0.029 -0.002 -0.110  0.077  0.010  0.000  0.057  0.070 -0.032  0.065  0.013  0.043  0.104 -0.162 -0.019  0.125  0.049  0.092  0.090  0.016 -0.029
V        0.019  0.085  0.010  0.026  0.101  0.000 -0.048 -0.035  0.045  0.008  0.116  0.110  0.046  0.029  0.022  0.050  0.013  0.001 -0.021  0.035  0.034
W       -0.117 -0.119  0.256  0.051 -0.007  0.000 -0.057 -0.029 -0.029  0.029  0.100  0.180  0.153  0.082 -0.046  0.018  0.016  0.143 -0.159  0.092  0.000
Y       -0.003  0.013  0.011  0.079  0.026  0.000  0.100  0.160  0.090  0.008  0.031 -0.053 -0.020  0.102  0.043  0.075  0.018  0.016 -0.041  0.126  0.137
X       -0.105  0.000  0.000 -0.215 -0.420  0.000 -0.390 -0.153 -0.059 -0.353 -0.180  0.000  0.000 -0.167 -0.307 -0.049 -0.075 -0.217  0.109 -0.111 -0.063
