i-1/i     A      C      D      E      F      G      H      I      K      L      M      N      P      Q      R      S      T      V      W      Y      X
A       -0.087 -0.192  0.164 -0.040  0.013  0.085  0.199 -0.021 -0.132 -0.047  0.094  0.143  0.000 -0.039  0.093 -0.131  0.009  0.018  0.351  0.128  0.000
C        0.129 -0.253  0.036 -0.382 -0.089  0.066 -0.233  0.050 -0.182  0.095 -0.089 -0.183  0.000 -0.096  0.099  0.038 -0.052  0.022  0.038 -0.494  0.000
D        0.049 -0.045 -0.121 -0.088 -0.025 -0.221 -0.193 -0.012  0.139  0.045  0.019  0.097  0.000  0.090 -0.084 -0.075  0.002  0.021 -0.030 -0.018  0.014
E       -0.207 -0.091 -0.129  0.026 -0.048 -0.080 -0.009 -0.192 -0.014  0.003 -0.130 -0.080  0.000  0.010 -0.086 -0.012 -0.090 -0.107 -0.163 -0.048  0.076
F        0.081 -0.153 -0.030 -0.050  0.067 -0.050 -0.080  0.067 -0.147 -0.002  0.135 -0.077  0.000 -0.097  0.067  0.130 -0.087  0.071  0.096  0.000  0.000
G        0.020  0.034  0.022 -0.027  0.043  0.048  0.088  0.114 -0.018  0.058  0.010 -0.126  0.000  0.092 -0.094  0.063  0.077  0.007  0.020  0.151 -0.358
H       -0.227 -0.190 -0.152  0.109 -0.201 -0.006  0.028 -0.027 -0.049 -0.175  0.003 -0.210  0.000 -0.005 -0.049 -0.033  0.084 -0.118 -0.126 -0.261 -0.030
I        0.083  0.057  0.047 -0.020  0.042 -0.073  0.080  0.049  0.033  0.051 -0.010  0.087  0.000  0.210 -0.050 -0.057  0.133 -0.049 -0.013  0.016  0.000
K       -0.042 -0.180 -0.076  0.060 -0.109 -0.156 -0.112 -0.015 -0.013  0.015 -0.002 -0.162  0.000  0.001 -0.081 -0.136 -0.076 -0.069 -0.129 -0.102 -0.003
L        0.064  0.109 -0.048  0.070  0.012 -0.043 -0.019  0.034  0.049  0.017  0.136 -0.024  0.000 -0.034  0.034  0.040  0.040  0.040  0.102 -0.135  0.051
M        0.191  0.116 -0.107 -0.050  0.007 -0.297  0.085  0.062  0.285 -0.039 -0.155  0.025  0.000 -0.274 -0.104 -0.035  0.200  0.257  0.016  0.041  0.000
N       -0.024  0.131 -0.021 -0.085  0.058 -0.114 -0.141 -0.085 -0.053  0.026 -0.208 -0.044  0.000 -0.256 -0.007 -0.104  0.085  0.039  0.245  0.063  0.122
P       -0.094 -0.075 -0.169 -0.045  0.106 -0.095 -0.098 -0.114 -0.123 -0.012 -0.464  0.001  0.000 -0.343 -0.281 -0.159 -0.199 -0.075 -0.298  0.031  0.000
Q       -0.221  0.169 -0.091  0.099 -0.083  0.047 -0.164  0.023  0.014 -0.094 -0.141  0.038  0.000 -0.029 -0.058 -0.149 -0.024 -0.004  0.170  0.042  0.000
R       -0.232  0.222 -0.139  0.022 -0.106 -0.100  0.072 -0.038 -0.094  0.024  0.219 -0.246  0.000 -0.063 -0.003 -0.050 -0.062 -0.040 -0.164 -0.102 -0.011
S       -0.165 -0.159 -0.013 -0.037 -0.049  0.038 -0.076  0.028 -0.028 -0.045 -0.134  0.099  0.000  0.004  0.114 -0.054  0.054 -0.014  0.090 -0.040  0.121
T       -0.115 -0.059 -0.106 -0.073 -0.175 -0.069  0.007 -0.051 -0.034 -0.024 -0.109  0.010  0.000  0.012 -0.059 -0.084 -0.034 -0.129 -0.182  0.086 -0.074
V        0.047  0.030 -0.159  0.057  0.071 -0.003  0.053 -0.065 -0.023 -0.012 -0.034 -0.067  0.000 -0.021  0.025  0.006 -0.044  0.031 -0.064  0.099 -0.157
W       -0.249 -0.072  0.033 -0.136 -0.114  0.236  0.188  0.041 -0.149 -0.035 -0.224 -0.171  0.000 -0.095 -0.070 -0.162 -0.013  0.042 -0.022 -0.104  0.000
Y        0.145 -0.096 -0.037 -0.157  0.046  0.039 -0.067  0.099 -0.107  0.031  0.056  0.021  0.000 -0.126  0.031  0.075 -0.074  0.036  0.051  0.111  0.137
X        0.043  0.027 -0.430  0.196  0.279  0.504  0.000 -0.078  0.072 -0.449  0.000  0.000  0.000 -0.217  0.000  0.167  0.185  0.148 -0.266 -0.084  0.256
