i-1/i     A      C      D      E      F      G      H      I      K      L      M      N      P      Q      R      S      T      V      W      Y      X
A       -2.663 -3.519 -2.344 -2.376 -3.324 -2.935 -3.423 -2.764 -2.779 -2.867 -3.014 -3.028  0.000 -3.492 -2.523 -3.224 -2.352 -2.301 -2.410 -3.029 -2.833
C       -0.697 -3.114  0.607  0.514  0.163  0.033  3.613  0.557 -0.829  0.492 -0.117 -1.224  0.000 -0.080  0.193  1.143  1.487  0.335 -0.352 -2.640  0.000
D       -2.303 -2.354 -3.549 -1.750 -0.984 -1.825 -3.793 -1.822 -2.987 -2.654 -0.828 -2.660  0.000 -3.413 -2.173 -2.846 -2.717 -1.609 -2.206 -2.621  0.000
E        0.186  0.451 -2.275 -0.030  0.652 -0.405 -0.141 -0.496 -0.311  0.170  0.242 -1.345  0.000 -0.266 -0.184 -1.351 -0.383 -0.236 -0.824  0.224 -0.971
F       -1.571  0.214 -2.206 -1.558 -1.178  0.061 -2.158 -1.629 -1.212 -1.820 -0.454 -2.240  0.000 -1.175 -1.228 -1.404 -1.438 -1.261 -1.282 -1.400 -0.975
G       -2.663 -2.811 -2.336 -3.384 -2.584 -1.672 -2.339 -2.515 -2.766 -2.720 -2.498 -2.900  0.000 -3.326 -2.438 -2.156 -2.394 -3.031 -3.120 -2.718  0.000
H       -0.847 -1.049 -0.116  0.307 -0.077  0.514 -0.643 -0.235  0.477 -0.329 -0.287 -1.871  0.000  1.183 -0.253 -0.435  0.810 -0.313  0.423 -1.119  0.000
I        2.286  2.955  2.861  2.704  2.526  3.249  2.675  2.068  2.887  2.379  2.745  1.790 -0.987  2.975  2.204  2.413  2.492  2.749  3.605  3.190  3.397
K        0.148 -0.498 -0.719 -0.170 -0.137 -1.310 -1.162 -0.176  0.457 -0.045  0.242 -0.623  0.000 -0.340  0.230 -0.822 -1.001 -0.076 -0.449 -0.280 -0.089
L        0.219  0.720  0.128  0.023  0.144  0.602  0.057 -0.064 -0.170  0.085  0.469  0.345  0.000  0.522  0.345  0.302  0.125  0.609  0.890  1.132  0.000
M        0.494 -2.830  1.075  0.365  0.796 -1.110 -1.558  0.105  0.223 -0.719 -1.429  1.683  0.000 -0.137  0.265 -1.753 -0.790 -1.103  0.000  1.867  0.000
N       -2.483 -3.889 -1.807 -1.661 -1.503 -0.553 -3.488 -0.340 -2.404 -1.184 -0.593 -1.691  0.000 -3.274 -1.665 -1.829 -2.115 -1.570 -2.410 -1.298  0.000
P       -1.685 -1.715 -3.101 -1.719 -2.325 -1.471 -2.225 -1.226 -1.585 -1.834  0.050 -2.376  0.000 -2.881 -2.227 -1.415 -1.334 -2.188 -1.846 -3.199  0.000
Q        0.201 -1.186  0.487 -1.165 -0.163 -0.400 -0.227 -0.630 -1.012  0.062  0.389  0.089  0.000 -0.418 -0.199 -0.571 -0.239 -0.276  0.559  0.817 -2.708
R        0.246 -0.743 -1.291 -0.686 -0.616 -0.911 -0.032  0.688 -0.029 -0.129  0.121 -0.591  0.000  1.388 -0.068 -0.907 -0.119  0.363  0.001 -1.545  0.833
S       -1.402 -0.981 -0.150 -1.408 -1.510 -0.980 -0.302 -0.913 -0.889 -1.102 -1.377  0.099  0.000 -1.145 -1.366 -0.996 -0.697 -0.873 -1.197 -1.513 -0.974
T        1.091 -0.571  0.321  1.518  1.752  0.753  1.951  1.654  0.681  2.065  0.776  2.203  0.000 -0.323  0.905  0.582  0.744  1.147  1.860  1.568  0.465
V        2.822  2.465  1.312  2.284  2.813  1.925  2.667  2.327  2.164  2.264  2.835  1.866  0.000  2.414  2.376  2.326  2.302  1.904  2.462  2.414  2.877
W       -1.864  1.808 -1.313 -1.256 -0.035 -2.364 -3.613 -2.651 -0.683 -1.324 -1.807 -0.548  0.000 -1.645 -1.982 -1.927 -1.821 -1.040  0.171 -2.091  0.000
Y       -1.605 -0.611 -0.074 -1.681 -1.632 -0.964 -1.151 -1.180 -1.184 -1.783 -1.948 -2.011  0.000 -1.611 -2.415 -1.636 -1.774 -1.672 -0.609 -2.102 -0.640
X        1.607  0.000  3.076 -0.863 -0.640 -0.455 -2.068 -1.278  0.419  0.809  0.000  0.000  0.000  3.212  0.739  0.228 -0.061 -2.375 -0.385  1.033  0.222
