i-1/i     A      C      D      E      F      G      H      I      K      L      M      N      P      Q      R      S      T      V      W      Y      X
A        0.541  0.000  0.240  0.874  0.000  0.000  0.000  0.000 -0.366 -0.823  0.000  0.000  0.386  0.110  0.000  0.353  0.000  0.738  0.000  0.000  0.000
C        0.000  0.000  1.416  0.000  0.000  0.000  0.000  0.000  0.000  0.000  0.000  0.000  0.000  0.000  0.000  0.000  0.000  0.000  0.000  0.000  0.000
D        0.045  0.000  0.000  1.452  0.000  0.000  0.000  1.417  0.000  0.536  0.000  0.000  0.238  0.000  0.000  0.000  0.000  0.000  0.000  0.000  0.000
E        0.000  0.000 -1.157  0.000  0.000  0.000  0.000  0.000  0.316 -0.872  0.000  0.000  0.434 -0.108  0.000  0.168 -0.136  0.988  0.000  0.000  0.076
F        0.000  0.000  0.000  0.111  0.496  0.000  0.000  0.000  0.896  0.000  0.000  0.000  0.434  0.000  1.321 -0.253  0.661  0.545  0.000  0.000  0.000
G       -0.776  0.000  0.000 -0.236  0.000  0.000  0.000  1.522  0.000 -0.773  0.000  0.000 -0.345  0.000  0.000  0.000  0.000  0.000  0.000  0.000  0.000
H        0.000  0.000  0.000  0.000  0.000  0.000  0.000  0.000  0.000  0.000  0.000  0.000  0.527 -1.245  0.000  0.000  0.000  0.000  0.000  0.000  0.000
I        0.000  0.000  0.988  1.429  0.000  0.614  0.000  0.000 -0.335  0.097  0.000 -0.013  0.056  0.000  0.520  0.757  0.329 -0.408 -1.628  0.000  0.000
K       -0.365  0.000  0.520 -1.211  0.000  0.000 -0.157  0.002  1.441 -0.337  0.000  0.471 -0.075  0.000  0.947 -0.551 -0.134  0.159  0.000  0.000  0.000
L        1.444  0.000  1.045  0.000  0.000  0.000  0.579 -1.302  1.337 -0.600  0.000  1.229  0.864 -0.976  1.640 -0.332 -0.614 -0.036  0.000  0.000  0.000
M        0.000  0.000  0.000  0.478  0.000  0.000  0.000  0.000  0.000  0.000  0.000  0.000  0.000  0.360  0.000 -0.154 -0.479  0.000  0.000  0.000  0.000
N        0.000  0.000  0.000  0.000  0.000  0.000  0.000  0.000  0.000  0.000  0.000  0.000 -0.037  0.000  0.000  0.000  0.675  0.000  0.000  0.000  0.000
P        1.053  0.000  0.217  1.025  0.000  0.000  0.000  0.331 -0.055  0.859  0.000 -1.261  0.164  0.498  1.660  0.429  0.164  1.084  0.000  0.267  0.000
Q       -1.324  0.000  1.401  0.212  0.000  0.000  0.000  0.000  0.000 -0.706 -0.311  1.527 -0.110  0.000  0.000 -0.274  1.078  0.000  0.000  0.000  0.000
R        0.889  0.000  0.426  0.000  0.000  0.000  0.000  0.677  1.155  0.070  0.000  0.407  0.315  0.000  1.422 -0.170  0.000  1.126  0.000  0.000  1.350
S        0.604  0.000  0.000  0.199  0.000  0.000  0.000  0.875  0.000  0.000  0.000  0.000 -0.130  0.000  0.000  0.000  0.000 -0.473  0.353  0.000 -1.190
T        1.072  0.000  1.473  0.000  0.000 -0.018  1.500 -0.849 -0.524  0.476  0.000  0.000 -0.173  0.000  1.677  0.144  0.000  0.993  0.746  0.000  0.000
V        0.000  0.562 -0.775  1.347  0.014  0.000  0.000  0.358  0.000  0.558  0.000  0.000  0.348  0.000  1.591 -0.313 -0.895  0.000  0.000  0.000  0.967
W        0.000  0.000  0.000  0.996  0.000  0.000  0.000  0.000  0.000  0.000  0.000  0.000 -0.335  0.000  0.000  0.000  0.000  0.000  0.000  0.000  0.000
Y        0.000  0.000  0.000  0.895  0.000  0.000  0.000  0.215  0.000  0.000 -0.882  0.000  0.614  0.000  0.000  0.000 -1.499  1.801  0.000  0.000  0.000
X        0.000  0.000  0.000  0.000  0.000  0.000  0.000  0.000  0.000  0.000  0.000  0.000  0.000  0.000  0.000  0.000  0.706  1.503  0.000  0.000  0.000
