i-1/i     A      C      D      E      F      G      H      I      K      L      M      N      P      Q      R      S      T      V      W      Y      X
A       -0.024  0.000 -0.603  0.000  0.000 -0.263  0.000  0.000 -1.580 -0.863  0.000  0.000 -0.143  0.000 -0.544  0.396  0.064  0.000  0.000  0.000  0.000
C        0.000  0.000  0.000  0.000  0.000  0.000  0.000  0.000  0.000  0.000  0.000  0.000  0.000  0.000  0.000  0.000  0.000 -1.075  0.000  0.000  0.000
D       -0.180 -0.972  0.000 -1.204  0.662  0.000  0.000  1.004 -0.852 -0.754  0.000  0.000  0.139 -0.385 -0.266  0.000  0.999  0.730  0.000  0.000  1.017
E       -0.194  0.000  1.044  0.000 -1.061  0.347  0.000  0.092 -1.635 -0.248 -0.475  0.000  0.168  0.628  0.000 -1.141  0.000 -0.533 -0.433 -0.313  0.000
F        0.000  0.000  0.000  0.299 -0.931  0.000  0.000  0.000  0.118  0.000  0.000  0.000  0.000  0.000  0.000  0.000  0.000 -1.779  0.000  0.000  0.000
G        0.000  0.000  0.000  0.000  0.000  0.000  0.000  0.248  0.000  0.000  0.000  0.000  0.000  0.000 -0.596  0.000 -0.514  0.000  0.000  0.000  0.000
H        0.000  0.000  0.000 -0.875  0.000  0.000  0.000  0.000 -0.218  0.734  0.000  0.000  0.000  0.000  0.000  0.000  0.050  0.000  0.000  0.000  0.000
I        0.000  0.000 -0.962  0.000  0.000 -0.170  0.000  0.938 -0.591  0.042  0.000  0.000 -0.601  0.000 -1.031 -0.016 -0.709  0.267  0.000 -0.737  0.000
K       -1.709  0.000  0.000 -0.448  0.919  0.000  0.000  1.528 -0.884  0.420  0.000  0.000 -0.219  0.000  0.142  0.000 -1.187 -1.577  0.000  0.000  0.238
L       -0.915  0.000  0.269 -1.259  0.000  0.021  0.000  0.055 -0.943 -0.696  0.000  0.000 -0.519  0.000 -0.604  0.000  0.439  0.000  0.000  1.026  0.000
M        0.000  0.000  0.000  0.000  0.000  0.000  0.000  0.000  0.000  0.000  0.000  0.000  0.000  0.040  0.000  0.197  0.000  0.000  0.000 -0.831  0.000
N        0.000  0.000  0.000  0.000  0.000  0.000  0.000 -0.551  0.000  0.506  0.000  0.000 -1.398 -1.245  0.277  0.000  0.000  0.000  0.000  0.000  0.000
P        0.021 -1.007  0.380 -0.380  0.031 -0.213 -0.081 -0.036 -0.721 -0.403  0.000 -0.269 -0.090 -0.260 -0.402 -0.453 -0.622 -0.354 -0.570 -0.783  0.000
Q       -0.650  0.000  0.000 -0.038  0.000  0.000 -0.471  0.000  0.000 -0.671 -0.391  0.000 -0.416  0.000  0.000  0.000  0.349  0.000  0.000  0.000  0.000
R        0.000  0.000  0.000  0.000  0.528  0.000  0.000 -0.342  0.144  0.051  0.000  0.000 -0.013  0.000  0.288  0.000 -0.269 -0.895  0.000  0.000  0.000
S       -0.289  0.000  0.000 -0.260 -1.413  0.000  0.000 -1.055 -0.996  0.538  0.180  0.000 -0.081 -0.278 -1.085 -0.801  0.128  0.004  0.000  0.000  0.000
T        0.000  0.000  0.000 -0.093 -0.160  0.000  0.000  0.000  0.634  0.365 -0.948 -0.881 -0.253 -0.024  0.000  0.000  0.000 -1.412 -1.121 -0.296 -0.769
V       -0.355  0.000  0.000 -0.591 -1.688  0.000  0.000 -0.908 -0.086  0.256  0.000  0.000 -0.801  0.000 -1.394  0.389  0.649 -1.302  0.000  1.025 -0.568
W        0.000  0.000  0.000  0.000  0.000  0.000  0.000  0.000  0.000  0.000  0.000  0.471  0.000  0.000  0.000 -0.043  0.963  0.000  0.000  0.000  0.000
Y        0.000  0.000  0.000  0.000  0.000  0.000  0.000 -0.074  0.000  0.000  0.000  0.000  0.876  0.000  0.000  0.000  0.000  0.000  0.000  0.000  0.000
X        0.000  0.000  0.000 -1.297  0.000  0.000  0.000  0.000  0.000  0.000  0.000  0.000  0.000  0.000  0.276  0.606  0.000 -0.128  0.000  0.000  0.000
