i-1/i     A      C      D      E      F      G      H      I      K      L      M      N      P      Q      R      S      T      V      W      Y      X
A        0.082  0.000  0.000  0.721  0.000  0.000  0.000 -0.094 -0.384 -0.522 -0.371  0.000 -0.137 -0.375 -0.208 -0.565  1.191  0.581  0.000 -0.937  0.000
C        0.000  0.000  0.000 -1.270  0.000 -0.250  0.000  0.000  0.000  0.000  0.000  0.000  0.000  0.000  0.000  0.000  0.000  0.000  0.000  0.000  0.000
D       -0.276  0.000  0.717 -0.132  0.059  0.000  0.000  0.638  0.000  0.287  0.231  0.640  0.162  0.000  0.000  0.122 -0.402 -0.535  0.000  0.000 -0.505
E        0.920  0.000  0.000 -0.113 -1.051  0.000  0.000 -0.222 -0.303  0.570  0.000  0.000  0.055 -0.001 -0.031 -0.200 -1.151 -0.393  0.000  0.000  0.000
F        0.000  0.000  0.000 -0.246 -0.671  0.000  0.000  1.102  0.000  0.000  0.000  0.000 -0.254  0.080  0.000  0.000  0.713 -1.794  0.000  0.909  0.000
G        0.000  0.000  0.000  0.000  0.000  0.000  0.000  0.000  0.000 -0.491  0.013  0.000  0.071  0.075  0.000  0.000  0.000 -1.106  0.000  0.000 -0.850
H        0.000  0.000  0.000  0.762  0.000  0.000  0.000  0.000  0.000 -0.044  0.000  0.000 -0.250  0.000  0.245  0.000  0.000  0.000  0.000  0.000  0.000
I        0.000  0.000 -0.507  0.571  0.000 -0.271  0.000  0.817  0.560  0.223  0.000 -0.855  0.439  0.407  0.547 -0.202 -0.044 -0.035  0.000  0.000  0.000
K        0.372  0.000  0.135 -0.017  0.000  0.000  0.000  0.315 -0.152  0.120  0.000  0.471  0.091  0.000 -0.298 -0.431  0.270 -0.458  0.000  0.000  0.000
L        0.497  0.000  0.000 -0.638  0.000  0.556  0.000  0.003  0.046  0.203  0.000 -0.415  0.259  0.059 -0.421  0.177 -0.003  0.249  0.000 -0.429  0.000
M       -0.902  0.000  0.000  0.000  0.000  0.000  0.000  0.000  0.000  0.000  0.000  0.000 -0.258 -0.560  0.000 -0.152  0.987  0.000  0.000  0.000  0.000
N        0.000  0.000  0.000  0.534  0.000  0.000  0.000  0.000  0.609  0.381  0.000  0.000 -0.015  0.000  0.000  0.840 -0.624  0.487  0.000  0.000  0.000
P        0.000  0.000 -1.978  0.000 -1.718 -0.155 -0.693 -1.461  0.000 -1.294 -0.870  0.000 -1.061 -0.724 -1.552 -0.782 -0.895  0.000  0.000 -1.762 -1.626
Q        0.000  0.000  0.251  0.000  0.000  0.000  0.000  0.000 -0.235  0.744  0.000  0.383  0.180  0.000 -1.354  0.000  0.804  0.000  0.000  0.451 -0.997
R        0.799  0.000  0.000  0.000  0.000  0.617  0.000  0.812 -0.682  0.266  0.000  0.000  0.050  0.000 -1.398 -0.135  0.000 -0.398  0.000 -0.882  0.000
S        0.031  0.000  0.329  0.744  1.074  0.000  0.000  0.759  0.369 -0.011  0.633  0.000 -0.316  0.000 -0.211 -0.334  0.000  0.097 -0.204  0.000  1.199
T       -0.355  0.000  0.000  0.075  0.505 -0.113  0.000  0.969  0.000  0.403  0.221 -0.413 -0.569 -0.279  0.519 -0.160 -0.100  0.059  0.000 -0.666  0.000
V       -0.247  0.000 -0.441 -0.305 -0.081  0.000  0.000  0.856 -0.091 -0.048  0.243 -0.902 -0.161  0.000  0.035 -0.592  0.999 -0.711  0.000  0.000  0.000
W        0.031  0.000  0.000 -0.173  0.000  0.000  0.000  0.000  0.000  0.000  0.000  0.000  0.079  0.000  0.000  0.000  0.000  0.000  0.000  0.000  0.000
Y        0.000  0.000  1.755 -1.158  0.000  0.000  0.000  0.000  0.000  0.000  0.000  0.000  0.000  0.000 -0.485  0.000  0.000 -1.602  0.000  0.000  0.000
X        0.000  0.000  0.000  0.000  0.000  0.000 -0.471 -0.362  0.000  0.000  0.000  0.000  0.451  0.000  0.000  0.000  0.000  0.746  0.000  0.000  0.000
