i-1/i     A      C      D      E      F      G      H      I      K      L      M      N      P      Q      R      S      T      V      W      Y      X
A       -0.253  0.000  1.315 -0.425  0.000  0.000  0.000  0.000 -0.622  0.290 -0.630  0.000 -0.138  0.000 -0.112 -0.153  0.583 -0.043  0.794  0.000  0.000
C        0.000  0.000  0.000  0.000  0.000  0.000  0.000  0.000  0.000  0.000  0.000  0.000 -0.728  0.000  0.000  0.000  0.000  0.000  0.000  0.000  0.000
D        0.000  0.000  0.000  0.000  0.000  0.000  0.000  0.038  0.000  0.000  0.000  0.000  0.874  0.804  0.000  0.442  0.000  1.759  0.000  0.267  0.000
E       -0.335  1.091 -1.011  1.288 -0.196  0.000  0.935 -0.444  0.064  0.044  0.000 -0.769 -0.347  0.000  0.000  0.006  0.294  0.168 -0.537  0.000  0.000
F        0.000  0.000 -0.260  0.000  0.434  0.000  0.000  0.000  0.000  0.000  0.000  0.000  0.049  0.000  0.000 -0.448 -1.161 -0.246  0.000  0.000  0.000
G        0.000 -0.920  0.000  0.000  0.000  0.000  0.000 -0.127  0.000  0.321  0.000  0.000  0.218  0.000 -2.169  0.000  0.975  0.000  0.000  0.000  0.000
H        0.000  0.000  0.000  0.000  0.000  0.000  0.000  0.000  0.000  0.000  0.000  0.000  0.889  0.000  0.000  0.000  0.000  0.000  0.000  0.000 -0.568
I       -0.261  0.000 -0.733  0.563  0.000  0.000  0.000  0.008  0.684  0.070  0.000  0.000 -0.344  0.000  1.102 -0.170 -0.093  0.000  0.000  0.000  1.214
K       -0.990  0.000 -1.270  0.312  0.000  0.000  0.000  1.158 -0.067 -0.238  0.000  0.365 -0.102  0.730 -0.074 -0.575  0.000 -0.575  0.000  0.000  0.000
L        0.890  0.000 -0.595 -0.366  0.000 -0.528 -1.432 -0.430 -0.505 -0.201  0.000  0.431 -0.530  0.485 -0.221 -0.186 -0.232 -1.269  0.000  0.000  0.000
M        1.091  0.000  0.296  0.000  0.000  0.019  0.000  0.000  0.000  0.000  0.000  0.000 -0.037  0.000  0.000 -0.444  1.500  0.995  0.000  0.000  0.000
N        0.000  0.000  0.284  0.000  0.000  0.000  0.000 -0.743  0.000  0.000  0.000  0.000  1.236  1.105  0.000  0.000  0.000  0.956  0.000  0.000  0.000
P       -0.746  0.000  0.657  0.942  1.572 -0.585  0.273  0.445  0.164  0.271  0.587 -0.215 -0.041  0.674  2.198  0.386 -0.160  0.792  0.513  0.000 -0.785
Q       -0.851  0.000  0.831  0.194 -1.229  0.055  0.000  0.193  0.000  0.343 -0.391  0.000  0.242  0.000  0.000  0.000 -0.173  0.419  0.000  0.000  0.000
R       -0.216  0.000  0.000  0.671  0.000  0.000  0.000  0.718 -0.293  0.286  0.000  0.000  0.107  0.515  0.415  0.097  0.479  1.155  0.000 -1.804  0.000
S        0.000  0.000  0.744  1.338  0.000  0.000  0.000 -0.359  0.756 -1.080  0.348  0.316  0.432  0.000  2.553 -0.405  1.175  0.000  0.000  0.000  0.000
T        1.153  0.000  0.000  0.000 -1.386  0.000  0.000  1.264  0.127  0.716  0.534  0.000  0.913 -0.160  0.000  0.000  0.689  0.501  0.000  0.000  0.000
V       -0.362  0.000 -0.443 -0.701 -0.663  0.000  0.000  0.453  0.133 -0.041  0.000  0.067  0.117  0.000  1.239 -0.637  0.591  0.422  0.000  1.104  0.268
W        0.000  0.000  0.000  0.000  0.000  0.000  0.000  0.000  0.000  0.000  0.000  0.000  0.000  0.000  0.000 -0.348  0.000  0.000  0.000  0.000  0.000
Y       -1.039  0.000  0.000  0.000 -1.015  0.000  0.000  0.000  0.000  0.393  0.000  0.000 -1.316 -0.278 -1.372  0.000  0.323  0.000  0.000  0.000  0.000
X        0.000  0.000  0.126  0.000  0.000 -0.232  0.000  0.000  0.000  0.000  0.000  0.000  0.515  0.000  0.000  0.000  0.000  0.000  0.000  0.000  0.000
