i-1/i     A      C      D      E      F      G      H      I      K      L      M      N      P      Q      R      S      T      V      W      Y      X
A       -0.144  0.000  0.113  0.157  0.000  0.000  0.000  0.000 -0.293 -1.102  0.000  0.000  0.262  0.155 -1.226 -1.089  0.000 -0.376  0.000  0.000  0.000
C        0.000  0.000  1.707  0.000  0.000  0.000  0.000  0.000  0.000  0.000  0.000  0.000  0.000  0.000  0.000  0.000  0.000  0.000  0.000  0.000  0.000
D        0.300  0.000  0.000 -0.912  0.000  0.000  0.000  0.111  0.000  0.817  0.000  0.000 -0.269  0.000  0.000  0.000  0.000  0.000  0.000  0.000  0.000
E        0.000  0.000 -0.234  0.000 -1.062  0.000  1.324  0.000  0.799  0.238  0.000 -1.172  0.128  0.000  0.000  0.520 -0.275 -0.066  0.000  0.000  0.000
F        0.000  0.000  0.694 -1.007  1.319  0.000  0.000  0.000  0.000  0.000  0.000  0.000  0.013  0.000 -0.360 -0.124  0.000 -0.685  0.000  0.000  0.000
G        1.273  0.000  0.000 -0.232  0.000  0.000  0.000 -1.172  0.000  0.238  0.000  0.000  0.810  0.000  0.000  0.000  0.000  0.000  0.000  0.000  0.000
H        0.000  0.000  0.000  0.000  0.000  0.000  0.000  0.000  0.000  0.000  0.000  0.000  0.434  0.000  0.000  0.000  0.000  0.000  0.000  0.000  0.000
I        0.000  0.000  0.348 -0.799  0.000  0.000  0.000 -0.244  1.613  0.251  0.000  0.164  0.347  0.000  0.000 -0.018 -0.485 -1.016  0.000  0.000  0.000
K       -0.238  0.000 -1.239 -1.523 -1.535  0.000  0.000 -0.279 -0.472 -1.187  0.000  0.000 -0.109  0.000 -1.409  0.261  0.000  0.286  0.000  0.000  0.000
L       -1.021  0.000 -1.097 -1.519  0.000  0.000 -0.334 -1.416  0.000  0.886  0.000 -0.179 -0.180 -1.598 -1.424 -0.722  0.892  0.050  0.000  0.000  0.000
M       -0.743  0.000  0.000 -0.607  0.000  0.000  0.000  0.000  0.000  0.000  0.000  0.000  0.000 -1.437  0.000  0.915  0.000  0.000  0.000  0.000  0.000
N        0.000  0.000  0.000  0.000  0.000  0.000  0.000  0.000  0.000  0.000  0.000  0.000  0.432  0.000  0.000  0.000  0.000  0.000  0.000  0.000  0.000
P       -0.319  0.000  1.245 -0.253  0.000  0.000  0.000 -0.261 -0.513 -0.465  0.000  0.000 -0.323 -0.734 -1.294 -0.091  0.140 -0.689  0.000  0.000  0.000
Q        1.129  0.000 -0.091  0.515  0.000  0.000  0.000  0.000  0.000 -1.432  0.965 -0.613  0.240  0.000  0.000  0.604 -0.410  0.000  0.000  0.000  0.000
R        0.993  0.000 -0.092  0.000  0.000  0.000  0.000  0.166  0.816 -0.379  0.000 -0.478  0.315  0.000 -0.188  0.802  0.000 -0.281  0.000  0.000  1.100
S        0.000  0.000  0.000  0.120  0.000  0.000  0.000 -0.100  0.000  0.000 -0.403  0.000  0.226  0.000  0.000  0.000  0.000  0.284  0.341  0.000 -1.348
T        0.338  0.000  0.734  0.000  0.000  0.000 -0.185 -1.456  1.606 -0.190  0.000  0.000  0.687 -0.963 -0.654 -0.028  0.000  0.038  0.000  0.000  0.000
V       -0.522  0.941 -0.234 -0.079  0.000  0.000  0.000  0.000  0.000 -1.241  0.000  0.000 -0.168  0.000 -0.002 -0.233 -0.057  0.000  0.000  0.000  1.588
W        0.000  0.000  0.000 -0.721  0.000  0.000  0.000  0.000  0.000  0.000  0.000  0.000 -0.435  0.000  0.000  0.000  0.000  0.000  0.000  0.000  0.000
Y        0.000  0.000  0.000 -1.573  0.000  0.000  0.000  0.000  0.000  0.422  0.760  0.000 -0.000  0.000  0.000  0.000 -0.048 -0.701  0.000  0.000  0.000
X        0.000  0.000 -0.513  0.000  0.000  0.000  0.000  0.000 -1.061  0.000  0.000  0.000  0.000  0.000  0.000  0.000  0.000 -0.945  0.000  0.000  0.000
