i-1/i     A      C      D      E      F      G      H      I      K      L      M      N      P      Q      R      S      T      V      W      Y      X
A       -0.244  0.000 -0.656  0.000  0.000  0.000  0.000  0.000  0.703  0.970  0.000  0.000  0.730  0.000  1.119 -0.212  0.992  1.249  0.000  0.000  0.000
C        0.000  0.000  0.000  0.000  0.000  0.000  0.000  0.000  0.000  0.000  0.000  0.000  0.000  0.000  0.000  0.000  0.000  0.000  0.000  0.000  0.000
D        0.000 -0.023  0.000  0.401  0.000  0.000  0.000 -0.921  0.208 -0.891  0.000  0.000  0.418 -0.620 -1.365  0.000 -0.407 -1.086  0.000  0.000 -0.043
E        0.229  0.000  0.919  0.000  0.205  0.000  0.000  0.304  1.294 -0.318  0.000  0.000  0.004 -0.533  0.000  0.000  0.000 -1.019 -0.083  0.545  0.000
F        0.000  0.000  0.000  0.489 -0.241  0.000  0.000  0.000  0.111  0.000  0.000  0.000  0.000  0.000  0.000  0.000  0.000 -0.333  0.000  0.000  0.000
G        0.000  0.000  0.000  0.000  0.000  0.000  0.000  0.632  0.000  0.000  0.000  0.000  0.000  0.000  0.644  0.000  0.000  0.000  0.000  0.000  0.000
H        0.000  0.000  0.000  0.000  0.000  0.000  0.000  0.000 -0.884 -0.983  0.000  0.000  0.000  0.000  0.000  0.000 -0.288  0.000  0.000  0.000  0.000
I        0.000  0.000  0.000  0.000  0.000  0.000  0.000  0.932  0.412  0.692  0.000  0.000  0.064  0.000  1.239 -0.566  0.302 -0.572  0.000  0.000  0.000
K       -0.489  0.000  0.000  0.441  0.000  0.000  0.000  0.131  0.223  0.292  0.000  0.000  0.022  0.000  0.690  0.000  0.960  0.686  0.000  0.000 -0.386
L       -1.060  0.000  0.010  1.241  0.000  0.000  0.000  1.246  1.171  0.764  0.000  0.000 -0.250 -1.185  0.532  0.000  0.743  0.878  0.000 -0.687  0.000
M        0.000  0.000  0.000  0.000  0.000  0.000  0.000  0.000  0.000  0.000  0.000  0.000  0.000 -0.207  0.000 -0.438  0.000  0.000  0.000  0.565  0.000
N        0.000  0.000  0.000  1.271  0.000  0.000  0.000 -0.757 -0.246  0.580  0.000  0.000  0.262  0.000 -0.629  0.000  0.000  0.000  0.000  0.000  0.000
P        0.093  0.000  0.884 -0.245 -0.096  0.000 -1.380 -0.064 -0.082 -0.086  0.000  0.997  0.068  0.681 -0.224 -0.294  0.043 -0.147 -0.332 -0.264  0.000
Q        0.000  0.000  0.000  0.000  0.000  0.000  0.545  0.000  0.000 -0.876 -1.515  0.000 -0.760  0.000  0.000  0.000 -0.178  0.000  0.000  0.000  0.000
R        0.462  0.000  0.000  0.000  0.832  0.000  0.000 -0.113  1.106 -0.673  0.000  0.000 -0.084  0.000  1.290  0.000  0.024  0.475  0.000  0.000  0.000
S        0.459  0.000  0.000 -0.299 -0.896  0.000  0.000  1.355 -0.667  0.603  0.055  0.000 -0.085  0.871  0.000  0.739 -0.417 -0.643  0.000  0.000  0.000
T        0.000  0.000  0.000 -0.479  0.000  0.000  0.000 -0.248  0.102 -1.540  0.000  0.207  0.487 -0.633  0.000  0.000  0.000  1.251  0.000  1.117  0.000
V       -1.110  0.000  0.000  0.061  1.553  0.000  0.000  0.711  0.110  1.569  0.000  0.000 -0.631  0.000 -0.057  0.003  0.660  0.000  0.000  0.000 -1.699
W        0.000  0.000  0.000  0.000  0.000  0.000  0.000  0.000  0.000  0.000  0.000  0.000  0.000  0.000  0.000 -0.112 -0.462  0.000  0.000  0.000  0.000
Y        0.000  0.000  0.000  0.000  0.000  0.000  0.000  0.000  0.000  0.000  0.000  0.000  0.000  0.000  0.000  0.000  0.000  0.000  0.000  0.000  0.000
X        0.000  0.000  0.000  0.000  0.000  0.000  0.000  0.000  0.000  0.000  0.000  0.000  0.000  0.000 -0.715  0.000  0.000  0.890  0.000  0.000  0.000
