i-1/i     A      C      D      E      F      G      H      I      K      L      M      N      P      Q      R      S      T      V      W      Y      X
A       -0.271  0.000  0.000 -0.382  0.000  0.000  0.000 -1.384  0.000 -0.764  0.915  0.000  0.849 -0.112  1.498  0.658 -0.170  0.322  0.000  0.777  0.000
C        0.000  0.000  0.000  1.079  0.000  0.000  0.000  0.000  0.000  0.000  0.000  0.000  0.000  0.000  0.000  0.000  0.000  0.000  0.000  0.000  0.000
D        0.951  0.000  1.411  0.024  1.483  0.000  0.000  0.282  0.000  1.102  1.274  0.385  0.074 -1.741  0.000  0.496  0.761  0.831  0.000  0.000  0.746
E        0.000  0.000  0.000  1.221  0.586  0.000  0.000  1.188  0.480 -0.081  0.000  0.000  0.303  1.063 -0.439  0.019  0.609 -0.441  0.000  0.000  0.000
F        0.000  0.000  0.000  0.705 -0.287  0.000  0.000  0.217  0.000  0.000  0.000  0.000  0.000  0.000  0.000  0.000 -0.105  1.004  0.000  0.492  0.000
G        0.000  0.000  0.000  0.000  0.000  0.000  0.000  0.000  0.000  0.837 -0.114  0.000  0.531  0.000  0.000  0.000  0.000 -0.158  0.000  0.000  0.000
H        0.000  0.000  0.000 -0.395  0.000  0.000  0.000  0.000  0.000  0.647  0.000  0.000  0.227  0.000 -0.204  0.000  0.000  0.000  0.000  0.000  0.000
I        0.000  0.000  1.328 -0.518  0.000  0.000  0.000 -0.034  0.167 -0.987  0.000  1.034  0.243  0.985 -0.231  0.349  0.358  0.975  0.000  0.000  0.000
K        0.380  0.000  0.000  0.031  0.000  0.000  0.000  0.468  0.909  1.303  0.000  0.000  0.151  0.000  1.573  0.425 -0.069 -0.018  0.000  0.000  0.000
L        0.167  0.000  0.000  0.000  0.000  0.000  0.000 -0.469  0.571  0.752  0.000  0.459  0.268  0.942  0.686 -0.260  0.249  0.073  0.000 -0.568  0.000
M        0.000  0.000  0.000  0.000  0.000  0.000  0.000  0.000  0.000  0.000  0.000  0.000  0.109 -0.737  0.000  0.652 -0.218  0.000  0.000  0.000  0.000
N        0.000  0.000  0.000  0.174  0.000  0.000  0.000  0.000  1.449  0.000  0.000  0.000  0.694  0.000  0.000 -0.197  0.000  0.000  0.000  0.000  0.000
P       -1.174  0.000  0.018 -0.672 -0.779  0.000 -0.280  0.374 -0.479 -1.398  0.148  0.328 -1.183 -1.173 -1.101 -1.121 -0.603  0.007  0.000  0.000 -0.255
Q        0.000  0.000 -0.337  0.000  0.000  0.000  0.000  0.000  0.035 -0.094  0.000  0.139  0.170  0.000  0.000  0.000 -0.030  0.000  0.000 -0.494 -1.699
R        0.206  0.000  0.000  0.000  0.000  0.000  0.000 -0.163  0.098  0.674  0.000  0.000 -0.059  0.000  0.000 -0.029  0.000  0.093  0.000  0.239  0.000
S        0.919  0.000  0.585 -1.275  1.234  0.000  0.000  0.198  0.027  1.167 -1.144  0.000  0.405  0.000  0.457 -0.390  0.000 -0.130 -0.044  0.000 -0.160
T        0.092  0.000  0.000  0.000 -0.163  0.000  0.000 -0.104  0.000  1.514 -1.293  0.000  0.726  0.871 -0.432  0.110  1.000  0.297  0.000  0.104  0.000
V        0.130  0.000 -0.343  0.346 -0.578  0.000  0.000 -0.093  0.200  1.157 -0.185  0.000  0.606  0.789  1.167  0.369 -0.078  1.509  0.000  0.000  0.000
W        0.000  0.000  0.000  1.044  0.000  0.000  0.000  0.000  0.000  0.000  0.000  0.000  0.458  0.000  0.000  0.000  0.000  0.000  0.000  0.000  0.000
Y        0.000  0.000  0.000  0.000  0.000  0.000  0.000  0.000  0.000  0.000  0.000  0.000  0.000  0.000  0.310  0.000  0.000  1.074  0.000  0.000  0.000
X        0.000  0.000  0.000  0.000  0.000  0.000  0.545  0.000  0.000  0.000  0.000  0.000  0.356  0.000  0.000  0.000  0.000  0.305  0.000  0.000  0.000
