i-1/i     A      C      D      E      F      G      H      I      K      L      M      N      P      Q      R      S      T      V      W      Y      X
A       -0.481  0.000  0.868 -0.120  0.000  0.000  0.000  0.000  0.907 -0.181  0.000  0.000 -0.079  0.000  0.000  0.027 -0.564 -0.420  0.000  0.000  0.000
C        0.000  0.000  0.000  0.000  0.000  0.000  0.000  0.000  0.000  0.000  0.000  0.000  0.000  0.000  0.000  0.000  0.000  0.000  0.000  0.000  0.000
D        0.000  0.000  0.694  0.000  0.000  0.000  0.000  0.357 -0.276  0.000  0.000  0.000 -0.437 -0.843  0.000  0.501  0.000  0.000  0.000  0.000  0.000
E       -0.862 -0.255 -1.207 -0.203 -0.324  0.000 -1.260 -0.350  0.594 -0.284  0.000  0.085  0.141  0.000  0.000  0.000  0.000  0.338 -0.506 -0.358  0.000
F        0.000  0.000  0.612 -0.051 -0.857  0.000  0.000  0.000  0.000  0.000  0.000  0.000  0.712  0.000  0.000  0.653 -0.173  0.223  0.000  0.000  0.000
G        0.000  0.000  0.000  0.000  0.000  0.000  0.000  0.000  0.000  0.041  0.000  0.000 -0.330  0.000  0.262  0.000 -0.227  0.000  0.000  0.000  0.000
H        0.000  0.000  0.000  0.000  0.000  0.000  0.000  0.000  0.000  0.000  0.000  0.000 -1.080  0.000  0.000  0.000  0.000  0.000  0.000  0.000 -1.699
I       -0.223  0.000  0.828  0.293 -1.256  0.000  0.000 -0.271  1.529 -0.373  0.000  0.000  0.195  0.000 -0.450  0.209  0.684 -0.145  0.000  0.000 -0.579
K        0.000  0.000  0.135 -0.769  0.000  0.000  0.000 -0.123  0.231 -0.069  0.000  0.293  0.340 -1.572 -1.181 -0.396  0.000  0.499  0.000  0.000  0.000
L       -0.618  0.000 -0.341 -0.418  0.000  0.000  0.261 -0.572  0.000 -0.347  0.000  0.898 -0.234 -0.537 -0.384  0.360  0.708  0.434  0.000  0.000  0.000
M       -0.244  0.000  0.336  0.000  0.000  0.000  0.000  0.000  0.000  0.000  0.000  0.000  0.146  0.000  0.000 -0.911 -1.076 -0.030  0.000  0.000  0.000
N        0.000  0.000  1.162  0.000  0.000  0.000  0.000  0.000  0.000  0.213  0.000  0.000 -0.050 -0.394  0.000  0.000  0.000 -1.155  0.000  0.000  0.000
P        0.018  0.000 -0.389 -0.316 -0.058  0.000 -0.478 -0.454 -0.794 -0.650  1.241 -0.943  0.049 -0.765 -1.220  0.010 -0.827 -0.696 -0.109  0.000 -1.064
Q       -0.136  0.000 -0.913 -1.234  0.000  0.000  0.000 -0.319  0.000 -0.863 -1.515  0.000  0.316  0.000  0.000  0.000 -0.004 -0.072  0.000  0.000  0.000
R        0.493  0.000  0.000 -0.430  0.000  0.000 -0.425  1.239  0.507 -0.636  0.000  0.000  0.378 -0.789  1.231  0.000 -1.131 -0.597  0.000 -0.985  0.000
S       -1.099  0.000 -1.236 -1.171  0.000  0.000  0.000  0.340 -0.626  0.549 -1.022 -0.159 -0.367  0.000 -1.184 -0.734 -0.463 -0.886  0.000  0.000  0.000
T        0.129  0.000  0.105  0.000  1.434  0.000  0.000 -0.312 -0.857 -0.867 -1.218  0.055  0.154 -0.245  0.000  0.000 -0.641 -0.287  0.000  0.000  0.000
V       -0.476  0.000 -0.451 -0.578  0.572  0.000  0.000 -0.525  0.130  1.536  0.000 -0.990 -0.133  0.000 -0.126 -0.603 -0.313 -1.027  0.000  0.000 -2.096
W        0.000  0.000  0.000  0.000  0.000  0.000  0.000  0.000  0.000  0.000  0.000  0.000  0.000  0.000  0.000  0.657  0.000  0.000  0.000  0.000  0.000
Y        0.000  0.000  0.000  0.000 -0.334  0.000  0.000  0.000  0.000  1.436  0.000  0.000  0.000  0.871 -0.953  0.000  0.640  0.000  0.000  0.000  0.000
X        0.000  0.000  0.246  0.000  0.000  0.000  0.000  0.000  0.000  0.000  0.000  0.000 -0.286  0.000  0.000 -0.644  0.000  0.000  0.000  0.000  0.000
