i-1/i     A      C      D      E      F      G      H      I      K      L      M      N      P      Q      R      S      T      V      W      Y      X
A        0.000  0.000  0.665  0.474  0.000  0.000  0.000  0.000  0.000  0.000  0.000  0.000  0.131  0.236  0.000  0.000  0.000  0.903  0.000  0.000  0.000
C        0.000  0.000  0.741  0.000  0.000  0.000  0.000  0.000  0.000  0.000  0.000  0.000  0.000  0.000  0.000  0.000  0.000  0.000  0.000  0.000  0.000
D       -1.061  0.000  0.000  0.210  0.000  0.000  0.000  0.558  0.000  0.000  0.000  0.000 -0.693  0.000  0.000  0.000  0.000  0.000  0.000  0.000  0.000
E        0.000  0.000  0.489  0.000  0.000  0.000 -0.282  0.000  0.647  0.000  0.000  0.000 -0.290  0.000  0.000  0.165 -0.028 -0.450  0.000  0.000  0.000
F        0.000  0.000  0.000  0.000 -0.745  0.000  0.000  0.000 -0.254  0.000  0.000  0.000  0.850  0.000  0.000  0.000  0.644  0.000  0.000  0.000  0.000
G        0.000  0.000  0.000  0.504  0.000  0.000  0.000  0.747  0.000  0.000  0.000  0.000 -0.126  0.000  0.000  0.000  0.000  0.000  0.000  0.000  0.000
H        0.000  0.000  0.000  0.000  0.000  0.000  0.000  0.000  0.000  0.000  0.000  0.000 -1.041  0.000  0.000  0.000  0.000  0.000  0.000  0.000  0.000
I        0.000  0.000  0.000  0.000  0.000  0.000  0.000  0.000 -0.228  0.213  0.000  0.000  1.164  0.000  0.000  0.000 -0.499  0.151 -0.789  0.000  0.000
K       -0.256  0.000  0.000 -0.888  0.931  0.000 -0.922  0.000  0.000  0.746  0.000  0.000 -0.273  0.000 -0.427  0.672 -0.008  0.635  0.000  0.000  0.000
L        0.813  0.000  0.000  0.986  0.000  0.000  0.000  0.000 -0.055 -0.381  0.000  0.581  1.016  0.640  1.094  1.020  1.195  0.506  0.000  0.000  0.000
M        0.786  0.000  0.000 -0.454  0.000  0.000  0.000  0.000  0.000  0.000  0.000  0.000  0.000 -1.041  0.000  0.159 -0.647  0.000  0.000  0.000  0.000
N        0.000  0.000  0.000  0.000  0.000  0.000  0.000  0.000  0.000  0.000  0.000  0.000 -0.897  0.000  0.000  0.000  0.000  0.000  0.000  0.000  0.000
P       -0.758  0.000 -0.449  0.113  0.000  0.000  0.000  0.000  0.339  0.534  0.000  0.316  0.027  0.038  0.000  0.351 -0.026  0.000  0.000  0.000  0.000
Q       -0.276  0.000  0.000  0.000  0.000  0.000  0.000  0.000  0.000  0.000 -0.906  0.000 -0.295  0.000  0.000  0.000 -0.686  0.000  0.000  0.000  0.000
R        0.610  0.000  0.129  0.000  0.000  0.000  0.000  0.000 -0.311  1.478  0.000 -0.465 -0.094  0.000  1.235  0.000  0.000  0.327  0.000  0.000  0.000
S        0.596  0.000  0.000  0.000  0.000  0.000  0.000  0.000  0.000  0.000  0.000  0.000 -0.075  0.000  0.000  0.000  0.000  0.000  0.000  0.000  0.000
T        0.401  0.000  0.000  0.000  0.000 -0.675  0.000 -0.683 -0.667  0.345  0.000  0.000  0.000  0.588  1.049 -0.034  0.000  0.493 -1.242  0.000  0.000
V       -0.935 -0.392  0.112  0.712  0.000  0.000  0.000  0.000  0.000  1.397  0.000  0.000  0.482  0.000 -0.114 -0.158  1.647  0.070  0.000  0.000 -0.627
W        0.000  0.000  0.000  0.000  0.000  0.000  0.000  0.000  0.000  0.000  0.000  0.000  1.323  0.000  0.000  0.000  0.000  0.000  0.000  0.000  0.000
Y        0.000  0.000  0.000  0.000  0.000  0.000  0.000  0.000  0.000  0.435  1.759  0.000  0.000  0.000  0.000  0.000  0.000  0.000  0.000  0.000  0.000
X        0.000  0.000  0.000  0.000  0.000  0.000  0.000  0.000  0.000  0.000  0.000  0.000  0.000  0.000  0.000  0.000  0.000  0.000  0.000  0.000  0.000
