i-1/i     A      C      D      E      F      G      H      I      K      L      M      N      P      Q      R      S      T      V      W      Y      X
A        1.314  0.000 -0.456  0.000  0.000  0.000  0.000  0.000 -0.457 -0.264  0.000  0.000 -0.234 -0.364 -0.373  0.267 -0.911 -0.568  0.000  0.000  0.000
C        0.000  0.000  0.000  0.000  0.000  0.000  0.000  0.000  0.000  0.000  0.000  0.000  0.000  0.000  0.000  0.000  0.000 -1.477  0.000  0.000  0.000
D       -0.940  0.000  0.000  0.068  0.196  0.000  0.000  0.000  0.050 -0.553  0.000  0.000  0.365  0.409 -0.386  0.000  0.000  0.127  0.000  0.000  0.000
E       -0.219  0.000  1.531  0.000  0.000  1.353  0.000  0.000 -0.544  0.756 -0.029  0.000  0.320  0.000  0.000  0.000  0.000 -0.710  0.076  0.000  0.000
F        0.000  0.000  0.000 -0.216 -1.297  0.000  0.000  0.000  0.191  0.000  0.000  0.000  0.000  0.000  0.000  0.000  0.000  0.000  0.000  0.000  0.000
G        0.000  0.000  0.000  0.000  0.000  0.000  0.000  0.298  0.000  0.000  0.000  0.000  0.000  0.000  0.000  0.000 -0.163  0.000  0.000  0.000  0.000
H        0.000  0.000  0.000 -0.791  0.000  0.000  0.000  0.000 -0.955 -0.083  0.000  0.000  0.000  0.000  0.000  0.000  0.000  0.000  0.000  0.000  0.000
I        0.000  0.000 -0.162  0.000  0.000 -0.013  0.000  0.000  0.375 -0.098  0.000  0.000  0.000  0.000  0.000  0.000 -1.660  0.000  0.000  0.000  0.000
K       -1.492  0.000  0.000  0.064  0.855  0.000  0.000 -0.777 -0.569  0.606  0.000  0.000  0.000  0.000 -0.667  0.000  0.000  0.000  0.000  0.000  1.244
L        0.000  0.000  0.000  0.000  0.000  0.000  0.000 -0.447 -1.039  0.000  0.000  0.000  1.046  0.000 -1.193  0.000  1.056  0.013  0.000  0.808  0.000
M        0.000  0.000  0.000  0.000  0.000  0.000  0.000  0.000  0.000  0.000  0.000  0.000  0.000  1.343  0.000  0.000  0.000  0.000  0.000 -0.111  0.000
N        0.000  0.000  0.000  0.000  0.000  0.000  0.000  1.062  0.000  0.000  0.000  0.000  0.510  0.000  0.569  0.000  0.000  0.000  0.000  0.000  0.000
P        0.496 -0.748 -1.611 -0.361  0.786  0.000 -1.171 -0.632 -0.197 -0.187  0.000 -0.653 -0.408 -0.216  0.344 -0.297 -0.406 -0.506 -1.271  0.414  0.000
Q        1.054  0.000  0.000  0.000  0.000  0.000  0.000  0.000  0.000 -0.345 -0.239  0.000  0.000  0.000  0.000  0.000 -0.642  0.000  0.000  0.000  0.000
R        0.000  0.000  0.000  0.000  0.263  0.000  0.000  0.425  0.710 -0.319  0.000  0.000  0.000  0.000 -0.438  0.000  0.314  0.000  0.000  0.000  0.000
S        1.121  0.000  0.000  0.534  0.000  0.000  0.000  0.000 -0.582 -1.338  1.102  0.000  0.744  0.000  0.000  0.000 -0.757 -0.300  0.000  0.000  0.000
T        0.000  0.000  0.000 -0.134  0.000  0.000  0.000  1.202  0.000  0.201 -1.296  0.000 -0.666 -0.281  0.000  0.000  0.000 -1.345  0.000 -0.383  0.000
V       -1.251  0.000  0.000 -0.586  0.000  0.000  0.000 -0.227 -0.599 -1.121  0.000  0.000  0.000  0.000  0.000  1.097 -0.040 -1.322  0.000  0.000  0.000
W        0.000  0.000  0.000  0.000  0.000  0.000  0.000 -0.811  0.000  0.000  0.000  0.000  0.000  0.000  0.000 -1.423  0.000  0.000  0.000  0.000  0.000
Y        0.000  0.000  0.000  0.000  0.000  0.000  0.000 -0.007  0.000  0.000  0.000  0.000  0.000  0.000  0.000  0.000  0.000  0.000  0.000  0.000  0.000
X        0.000  0.000  0.000  0.000  0.000  0.000  0.000  0.000  0.000  0.000  0.000  0.000  0.000  0.000  0.000  0.000  0.000 -0.853  0.000  0.000  0.000
