i-1/i     A      C      D      E      F      G      H      I      K      L      M      N      P      Q      R      S      T      V      W      Y      X
A        1.703  0.000  0.000  0.758  0.000  0.000  0.000 -0.106  0.213 -0.253  0.593  0.000 -0.768  0.466 -0.586  1.090 -0.215  1.059  0.000  0.000  0.000
C        0.000  0.000  0.000  0.247  0.000 -1.239  0.000  0.000  0.000  0.000  0.000  0.000  0.000  0.000  0.000  0.000  0.000  0.000  0.000  0.000  0.000
D       -0.720  0.000  0.000 -0.780 -0.368  0.000  0.000  0.000 -1.092 -0.002  0.697  0.591 -0.214 -0.241  0.000  0.506  0.000  0.364  0.000  0.000  0.677
E        0.389  0.000  0.000  0.291  0.732  0.000  0.000  0.250 -0.562 -0.898  0.000  0.000 -0.041  0.010  0.207 -0.088  0.314 -1.114  0.000  0.000  0.000
F        0.000  0.000  0.000  0.000 -0.029  0.000  0.000 -0.171  0.000  0.000  0.000  0.000  0.097 -1.206  0.000  0.000 -1.242  0.000  0.000  0.702  0.000
G        0.000  0.000  0.000  0.000  0.000  0.000  0.000  0.000  0.000  0.815  0.000  0.000  0.259  0.000  0.000  0.000  0.000  0.881  0.000  0.000  0.000
H        0.000  0.000  0.000  0.000  0.000  0.000  0.000  0.000  0.000  0.774  0.000  0.000  0.695  0.000  0.000  0.000  0.000  0.000  0.000  0.000  0.000
I        0.000  0.000  0.000  0.420  0.000 -0.269  0.000  0.171  0.289  0.000  0.000  0.000 -0.447  0.000  0.000 -0.738 -0.642  0.340  0.000  0.000  0.000
K        0.863  0.000  1.184 -0.586  0.000  0.000  0.000  0.023 -1.286  0.759  0.000  0.000 -0.516  0.000 -0.903 -0.739  0.120  0.188  0.000  0.000  0.000
L       -0.927  0.000  0.000 -0.416  0.000  0.493  0.000 -0.730 -0.405 -0.323  0.000 -1.060  0.408 -0.972 -0.761 -1.163  0.357  0.128  0.000  0.000  0.000
M       -1.698  0.000  0.000  0.000  0.000  0.000  0.000  0.000  0.000  0.000  0.000  0.000  0.548 -0.742  0.000  0.152  0.540  0.000  0.000  0.000  0.000
N        0.000  0.000  0.000  0.075  0.000  0.000  0.000  0.000  1.056  0.000  0.000  0.000 -1.308  0.000  0.000  0.321  0.000  0.000  0.000  0.000  0.000
P       -1.965  0.000 -1.145  0.000 -0.637 -1.163 -0.200  0.000 -0.521  0.000 -1.636  0.000  0.000 -0.330 -1.009  0.000 -1.475 -1.143  0.000  0.000  0.000
Q        0.000  0.000  0.395  0.000  0.000  0.000  0.000  0.000  0.000  0.186  0.000  0.000 -0.609  0.000  0.000  0.000 -0.725  0.000  0.000  0.000  0.000
R       -0.466  0.000  0.000  0.000  0.000  0.000  0.000  0.747  0.000  0.272  0.000  0.000  0.910  0.000  0.000  0.061  0.000  0.015  0.000  0.000  0.000
S        0.556  0.000  1.433  0.915  1.606  0.000  0.000  0.787 -0.077  1.004  0.000  0.000  0.112  0.000  0.066  0.235  0.000  0.373  0.288  0.000  0.000
T        0.000  0.000  0.000  0.369 -0.755  0.654  0.000  0.412  0.000  1.271  0.537  0.000 -0.986  1.193  0.000  0.000  0.667  0.370  0.000 -0.460  0.000
V       -0.190  0.000  0.000 -0.342 -0.899  0.000  0.000  0.389  0.486  0.696  1.356  0.195 -0.468  1.251  0.000 -1.343 -0.459 -0.128  0.000  0.000  0.000
W        0.000  0.000  0.000  0.009  0.000  0.000  0.000  0.000  0.000  0.000  0.000  0.000  0.657  0.000  0.000  0.000  0.000  0.000  0.000  0.000  0.000
Y        0.000  0.000  0.000  0.000  0.000  0.000  0.000  0.000  0.000  0.000  0.000  0.000  0.000  0.000  0.000  0.000  0.000  0.000  0.000  0.000  0.000
X        0.000  0.000  0.000  0.000  0.000  0.000  0.000  0.000  0.000  0.000  0.000  0.000  0.000  0.000  0.000  0.000  0.000  0.069  0.000  0.000  0.000
