i-1/i     A      C      D      E      F      G      H      I      K      L      M      N      P      Q      R      S      T      V      W      Y      X
A        0.679  0.000  0.040  0.381  0.000  0.000  0.000  0.000 -0.821 -0.249  0.352  0.000 -0.182  0.000  0.120 -0.208  0.113  0.419  0.000  0.000  0.000
C        0.000  0.000  0.000  0.000  0.000  0.000  0.000  0.000  0.000  0.000  0.000  0.000  0.000  0.000  0.000  0.000  0.000  0.000  0.000  0.000  0.000
D        0.000  0.000  0.000  0.000  0.000  0.000  0.000  0.000  0.000  0.000  0.000  0.000 -0.030  0.547  0.000  0.423  0.000  0.667  0.000  0.000  0.000
E        1.295  0.551 -0.136  0.490  0.000  0.000  0.000  0.955  0.000  0.566  0.000  1.064 -0.390  0.000  0.000  0.000 -0.008  0.286  0.702  0.000  0.000
F        0.000  0.000 -1.678 -0.458  1.793  0.000  0.000  0.000  0.000  0.000  0.000  0.000 -0.630  0.000  0.000 -0.188 -0.338 -0.915  0.000  0.000  0.000
G        0.000  0.000  0.000  0.000  0.000  0.000  0.000  0.503  0.000 -0.272  0.000  0.000  1.165  0.000  0.000  0.000 -0.861  0.000  0.000  0.000  0.000
H        0.000  0.000  0.000  0.000  0.000  0.000  0.000  0.000  0.000  0.000  0.000  0.000  0.312  0.000  0.000  0.000  0.000  0.000  0.000  0.000  0.000
I        0.121  0.000  0.000  0.120  1.410  0.000  0.000 -0.548  0.362  0.108  0.000  0.000 -0.335  0.000  0.426  1.129  0.030 -0.242  0.000  0.000  0.000
K       -1.590  0.000  0.000  0.484  0.000  0.000  0.000 -0.171  0.188 -0.757  0.000  0.992 -0.382  0.000  0.000 -0.286  0.000 -0.171  0.000  0.000  0.000
L       -0.911  0.000 -0.268 -0.243  0.000  0.000  0.296  0.000 -0.131 -0.347  0.000  0.000 -0.502  0.000 -1.063  0.437  0.517 -0.767  0.000  0.000  0.000
M        1.897  0.000  1.721  0.000  0.000  0.000  0.000  0.000  0.000  0.000  0.000  0.000  0.000  0.000  0.000 -0.461 -1.117  0.000  0.000  0.000  0.000
N        0.000  0.000  0.000  0.000  0.000  0.000  0.000  0.000  0.000 -0.902  0.000  0.000  0.000  0.000  0.000  0.000 -0.594  0.000  0.000  0.000  0.000
P        0.188  0.000 -0.746  0.416  0.288  0.784  0.743  0.216  0.856  0.767 -0.906 -0.262  0.341  0.607  0.000  0.785  0.188  0.612  1.183  0.000  0.000
Q       -1.243  0.000  0.000  0.000  0.000  0.061  0.000  0.000  0.000 -0.818 -0.239  0.000 -0.190  0.000  0.000  0.000  0.000  1.048  0.000  0.000  0.000
R        0.221  0.000  0.000  1.062  0.000  0.000  0.000  0.000  0.291  0.710  0.000  0.000 -0.425  0.000 -0.872 -0.317  0.000  0.867  0.000  0.000  0.000
S        0.000  0.000  0.000  0.759  0.000  0.000  0.000 -0.112 -0.273 -0.571  0.529  0.354  0.642  0.000  0.000  0.000  0.000  1.103  0.000  0.000  0.000
T        1.309  0.000  0.000  0.000 -0.361  0.000  0.000  0.285 -0.138  0.230  1.768  0.407  0.574  0.513  0.000  0.000  1.117 -0.084  0.000  0.000  0.000
V       -0.200  0.000  1.454 -1.050 -1.687  0.000  0.000 -0.669  0.343  0.000  0.000  0.000 -0.018  0.000  0.204  0.234 -0.331 -0.260  0.000  0.000  0.248
W        0.000  0.000  0.000  0.000  0.000  0.000  0.000  0.000  0.000  0.000  0.000  0.000  0.000  0.000  0.000 -1.323  0.000  0.000  0.000  0.000  0.000
Y        0.000  0.000  0.000  0.000  0.000  0.000  0.000  0.000  0.000  0.000  0.000  0.000 -0.909  0.000  0.000  0.000 -0.736  0.000  0.000  0.000  0.000
X        0.000  0.000  1.580  0.000  0.000  0.000  0.000  0.000  0.000  0.000  0.000  0.000  0.000  0.000  0.000  0.000  0.000  0.000  0.000  0.000  0.000
