i-1/i     A      C      D      E      F      G      H      I      K      L      M      N      P      Q      R      S      T      V      W      Y      X
A        0.000  0.000  0.132  0.000  0.000  0.000  0.000  0.000 -0.144  0.000  0.000  0.000 -0.106  0.306 -0.343 -0.057  0.000 -0.081  0.000  0.000  0.000
C        0.000  0.000  0.000  0.000  0.000  0.000  0.000  0.000  0.000  0.000  0.000  0.000  0.000  0.000  0.000  0.000  0.000  0.000  0.000  0.000  0.000
D       -0.095  0.000  0.000  0.000  0.000  0.000  0.000  0.000  0.000  0.000  0.000  0.000 -0.158  0.000  0.000  0.000  0.000  0.000  0.000  0.000  0.000
E        0.000  0.000  0.125  0.000  0.000  0.000  0.000  0.000 -0.115 -0.064  0.000 -0.153 -0.070  0.000  0.000 -0.175  0.051 -0.150  0.000  0.000  0.081
F        0.000 -0.290 -0.070  0.060  0.000  0.000  0.000  0.000 -0.158  0.000  0.000  0.000  0.019  0.000  0.005  0.065 -0.328  0.376  0.000  0.000  0.000
G        0.083  0.000  0.000  0.058  0.147  0.000  0.000 -0.157  0.000 -0.089  0.000  0.000 -0.209  0.000  0.000  0.000  0.000  0.000  0.000  0.000 -0.074
H        0.000  0.000  0.000  0.000  0.000  0.000  0.000  0.000  0.000  0.000  0.000  0.000  0.174  0.000  0.000  0.000  0.000  0.000  0.000  0.000  0.000
I        0.000  0.000 -0.138 -0.247  0.000  0.000  0.000 -0.197  0.168 -0.107  0.000  0.081  0.095  0.000 -0.022 -0.084  0.000 -0.034  0.000  0.000  0.000
K       -0.069  0.000 -0.210 -0.014  0.000  0.000  0.096  0.000 -0.105 -0.124  0.000  0.000 -0.007  0.000 -0.208  0.000 -0.107 -0.123  0.000  0.000  0.000
L       -0.083  0.000 -0.122  0.005  0.000  0.000  0.011 -0.304 -0.130  0.023  0.000 -0.184 -0.170 -0.026  0.050  0.042  0.266  0.147  0.000 -0.047  0.000
M        0.000  0.000  0.000 -0.192  0.000  0.000  0.000  0.000  0.000  0.000  0.000  0.000  0.000 -0.148  0.000 -0.245  0.000  0.000  0.000  0.000  0.000
N        0.000  0.000  0.000  0.000  0.000  0.000  0.000  0.000  0.000  0.000  0.000  0.000  0.056  0.000  0.000  0.000  0.000  0.000  0.000  0.000  0.000
P       -0.028  0.000  0.059 -0.159  0.000  0.000  0.000  0.012 -0.128 -0.166  0.000 -0.010  0.009 -0.183 -0.121 -0.048 -0.048 -0.370  0.000  0.000 -0.157
Q        0.356  0.000 -0.041 -0.038  0.000  0.000  0.000  0.000  0.000 -0.043  0.000 -0.223 -0.011  0.000 -0.194  0.000 -0.051  0.000  0.000  0.000  0.000
R        0.177  0.000  0.000  0.000  0.000  0.000  0.000 -0.068 -0.046 -0.010  0.000 -0.231 -0.102  0.000  0.000 -0.110  0.000 -0.039  0.000  0.000  0.000
S        0.000  0.000  0.000  0.000  0.000  0.000  0.000  0.034  0.000  0.000 -0.031  0.000  0.049  0.000  0.000 -0.181  0.000  0.202 -0.223  0.000 -0.145
T       -0.181  0.000 -0.038  0.000  0.000  0.000  0.070 -0.144  0.084 -0.028  0.000  0.000  0.080  0.000  0.058  0.048  0.000 -0.090 -0.271  0.000  0.000
V        0.332  0.124 -0.064 -0.091  0.000  0.000  0.000 -0.087  0.386 -0.012  0.000  0.000 -0.018  0.000  0.067 -0.009  0.052  0.000  0.000  0.000  0.130
W        0.000  0.000  0.000 -0.217  0.000  0.000  0.000  0.000  0.000  0.000  0.000  0.000  0.000  0.000  0.000  0.000  0.000  0.000  0.000  0.000  0.000
Y       -0.084  0.000  0.000 -0.019  0.000  0.000  0.000  0.000  0.000  0.237  0.401  0.000  0.086  0.000  0.000  0.000  0.000  0.000  0.000  0.000  0.000
X        0.000  0.000  0.215  0.000  0.000  0.000 -0.326 -0.115 -0.133  0.000  0.000  0.000  0.000  0.000  0.000  0.000  0.056  0.000  0.000  0.000  0.000
