i-1/i     A      C      D      E      F      G      H      I      K      L      M      N      P      Q      R      S      T      V      W      Y      X
A        0.000  0.000  0.196  0.000  0.000  0.000  0.000  0.000  0.187 -0.034  0.019  0.000  0.085 -0.010 -0.048  0.000  0.002  0.332  0.000  0.000  0.000
C        0.000  0.000  0.000  0.000  0.147  0.000  0.000  0.000  0.000  0.000  0.000  0.000  0.000  0.000  0.000  0.000  0.000  0.293  0.000  0.000  0.000
D        0.300  0.000  0.000  0.286  0.095  0.000  0.000 -0.120  0.271 -0.034  0.000  0.000  0.173 -0.110  0.000  0.000 -0.294 -0.170  0.000  0.000  0.000
E        0.000  0.000  0.000  0.000  0.251  0.000  0.000  0.091 -0.089  0.244 -0.137  0.000 -0.020  0.083  0.000  0.000  0.000  0.012 -0.245 -0.175  0.000
F        0.000  0.000  0.000  0.000  0.286  0.000  0.000  0.000  0.151  0.000  0.000  0.000  0.000  0.000  0.000  0.000  0.000  0.114  0.000  0.000  0.000
G       -0.348  0.000  0.000  0.000  0.000  0.000  0.000  0.000  0.000  0.000  0.000  0.000  0.000  0.000  0.188  0.000  0.236  0.000  0.000  0.000  0.000
H        0.000  0.000  0.000  0.000  0.000  0.000  0.000  0.000 -0.152 -0.287  0.000  0.000  0.000  0.000  0.000  0.000 -0.046  0.000  0.000  0.000 -0.244
I        0.000  0.000  0.299  0.000  0.000  0.000  0.000 -0.044  0.072  0.099  0.000  0.000  0.000  0.000  0.202 -0.100  0.067  0.081  0.000  0.000  0.340
K       -0.297  0.000  0.000  0.121 -0.368  0.000  0.000 -0.262  0.094  0.004  0.000  0.000  0.121  0.000  0.137 -0.144  0.326  0.401  0.000  0.000 -0.359
L        0.221  0.000  0.000  0.155  0.000  0.000  0.000  0.143  0.183  0.064  0.000  0.000  0.289  0.339  0.151  0.000  0.000  0.378  0.000  0.100  0.000
M        0.000  0.000  0.000  0.000  0.000  0.000  0.000  0.000  0.000  0.000  0.000  0.000  0.000  0.050  0.000  0.047  0.000  0.000  0.000  0.243  0.000
N        0.000  0.000  0.000  0.000  0.000  0.000  0.000  0.034  0.000 -0.243  0.000  0.000 -0.138  0.000  0.026  0.000  0.000  0.000  0.000  0.000  0.000
P        0.027  0.321  0.013 -0.102  0.293  0.000  0.125  0.018  0.163  0.006  0.000 -0.061  0.123  0.017  0.065  0.130 -0.095 -0.166  0.139  0.104  0.000
Q        0.000  0.000  0.000 -0.061  0.000  0.000  0.086  0.000  0.280 -0.010  0.250  0.000  0.137  0.000  0.000  0.000  0.000  0.000  0.000  0.000  0.000
R        0.000  0.000  0.000  0.000 -0.211  0.000  0.000  0.102 -0.157  0.305  0.000  0.000 -0.032  0.223  0.000  0.000 -0.096  0.190  0.000  0.000  0.000
S        0.041  0.000  0.000 -0.073 -0.136  0.000  0.000  0.165  0.129 -0.133  0.167  0.000 -0.027  0.000 -0.133  0.000 -0.313  0.005  0.000  0.000  0.000
T        0.000  0.000  0.000 -0.061  0.312  0.000  0.000  0.000 -0.217 -0.163  0.399  0.000  0.142  0.008  0.000  0.000  0.000  0.091  0.000  0.000 -0.254
V       -0.041  0.000  0.000  0.140  0.324  0.000  0.000  0.295  0.116  0.152  0.000  0.000  0.093  0.000  0.136  0.090 -0.097  0.163  0.000  0.000  0.265
W        0.000  0.000  0.000  0.000  0.000  0.000  0.000  0.099  0.000  0.000  0.000  0.000  0.000  0.000  0.000  0.071 -0.198  0.000  0.000  0.000  0.000
Y        0.000  0.000  0.000  0.000  0.000  0.000  0.000 -0.314 -0.166  0.225  0.000  0.000  0.000  0.000  0.000  0.000  0.000  0.000  0.000  0.000  0.000
X        0.000  0.000  0.000 -0.327  0.000  0.000  0.000  0.000  0.000  0.000  0.000  0.000  0.094  0.000 -0.067  0.000  0.000  0.203  0.000  0.000  0.000
