i-1/i     A      C      D      E      F      G      H      I      K      L      M      N      P      Q      R      S      T      V      W      Y      X
A        0.000  0.000  0.000 -0.248  0.000  0.000  0.000 -0.153  0.000  0.000  0.266  0.000  0.026 -0.211  0.000 -0.024 -0.342 -0.037  0.000  0.000  0.096
C        0.000  0.000  0.000  0.000  0.000  0.000  0.000  0.000  0.000  0.000  0.000  0.000  0.000  0.000  0.000  0.000  0.000  0.000  0.000  0.000  0.000
D        0.233  0.000 -0.179 -0.279  0.001  0.000  0.000 -0.054  0.395 -0.066  0.236 -0.153  0.021  0.000  0.000 -0.139  0.019  0.209  0.000  0.000  0.076
E        0.000  0.000  0.000  0.238  0.056  0.000  0.000  0.282 -0.018 -0.166  0.000  0.000  0.024 -0.169 -0.019 -0.003  0.000 -0.042  0.000  0.000  0.000
F        0.000  0.000  0.000 -0.182 -0.361  0.000  0.000  0.000  0.000  0.000  0.000  0.000  0.000 -0.241  0.000  0.000  0.213  0.262  0.000  0.000  0.000
G        0.000  0.000  0.000  0.000  0.000  0.000  0.000  0.000  0.000  0.175 -0.078  0.000 -0.040 -0.046  0.000  0.000  0.000  0.000  0.000  0.000  0.000
H        0.000  0.000  0.000 -0.184  0.000  0.000  0.000  0.000  0.000 -0.058  0.000  0.000 -0.041  0.000 -0.062  0.000  0.000  0.000  0.000 -0.172  0.000
I        0.000  0.000  0.089 -0.291  0.000  0.000  0.000  0.145  0.104 -0.111  0.000  0.000  0.063 -0.042 -0.067  0.166  0.079  0.103  0.000  0.000  0.000
K        0.127  0.000  0.067 -0.118  0.000  0.000  0.000 -0.034 -0.028  0.204  0.000  0.000 -0.073  0.000  0.178  0.023 -0.225  0.013  0.000  0.000 -0.164
L        0.000  0.000  0.000  0.000  0.000  0.000  0.000 -0.069  0.167  0.036  0.000  0.030  0.008  0.049 -0.292  0.202  0.064  0.049  0.000  0.000  0.000
M        0.399  0.000  0.000  0.000  0.000  0.000  0.000  0.000  0.000  0.000  0.000  0.000  0.228 -0.015  0.000  0.200 -0.020  0.000  0.000  0.000  0.000
N        0.000  0.000  0.000 -0.116  0.000  0.000  0.000  0.000  0.126  0.000  0.000  0.000 -0.125  0.000  0.000 -0.146  0.270  0.000  0.000  0.000  0.000
P       -0.066 -0.228  0.203  0.155 -0.039  0.000 -0.242  0.168  0.077 -0.051 -0.287  0.148  0.190  0.098  0.084  0.200 -0.102  0.168  0.000 -0.121 -0.049
Q        0.000  0.000 -0.033  0.000  0.000  0.000  0.000  0.000  0.221 -0.033  0.000 -0.010 -0.060  0.000  0.000  0.000  0.187  0.000  0.000  0.000  0.266
R        0.000  0.000  0.000  0.000  0.000  0.000  0.000 -0.074  0.020  0.006  0.000  0.000 -0.144  0.000  0.087  0.049  0.034  0.052  0.000  0.082  0.000
S        0.324 -0.157 -0.056 -0.004 -0.321  0.000  0.000  0.237 -0.300 -0.070 -0.240  0.000  0.042  0.000  0.114  0.077  0.000 -0.053  0.040  0.000  0.000
T        0.152  0.000  0.000  0.107  0.000  0.000  0.000 -0.075  0.321  0.057  0.087  0.000  0.162  0.228  0.107  0.035  0.370  0.218  0.000  0.219  0.000
V        0.084  0.000  0.000  0.075  0.003  0.000  0.000 -0.014  0.266  0.205  0.143  0.178  0.087  0.350  0.193 -0.097 -0.136  0.114  0.000  0.000  0.263
W       -0.006  0.000  0.000  0.041  0.000  0.000  0.000  0.000  0.000  0.000  0.000  0.000 -0.105  0.000  0.000  0.000  0.000  0.000  0.000  0.000  0.000
Y        0.000  0.000  0.000 -0.276  0.000  0.000  0.000  0.000  0.000  0.000  0.000  0.000  0.000  0.000  0.070  0.000  0.000  0.000  0.000  0.000  0.000
X        0.000  0.000  0.000  0.000  0.000  0.000  0.056  0.099 -0.022  0.281  0.000  0.000  0.012  0.000  0.000  0.000  0.000  0.016  0.000  0.000  0.245
