i-1/i     A      C      D      E      F      G      H      I      K      L      M      N      P      Q      R      S      T      V      W      Y      X
A        0.000  0.000 -0.038  0.000  0.000  0.000  0.000  0.000 -0.033  0.000  0.000  0.000 -0.002  0.000  0.150 -0.122 -0.145  0.075  0.000  0.000  0.000
C        0.000  0.000  0.000  0.000  0.000  0.000  0.000  0.000  0.000  0.000  0.000  0.000  0.142  0.000  0.000 -0.185  0.000  0.000  0.000  0.000  0.000
D        0.000  0.000 -0.070  0.000  0.000  0.000  0.000  0.114  0.063  0.000  0.000  0.000 -0.267 -0.232  0.000 -0.148  0.000  0.000  0.000  0.000  0.000
E       -0.394 -0.345 -0.200 -0.361  0.019  0.000  0.000 -0.297 -0.157 -0.091  0.000 -0.040  0.127  0.000  0.000 -0.273 -0.257  0.098 -0.265 -0.113  0.000
F        0.000  0.000 -0.117  0.256 -0.187  0.000  0.000  0.000  0.000  0.000  0.000  0.000 -0.015  0.000  0.000  0.063  0.000  0.208  0.000  0.000  0.000
G        0.000  0.383  0.000 -0.321  0.422  0.000  0.000  0.000 -0.022  0.051  0.000  0.000  0.126  0.000 -0.358  0.000 -0.195  0.000  0.000  0.000  0.000
H        0.000  0.000  0.000  0.000  0.000  0.000  0.000  0.000  0.000  0.000  0.000  0.000 -0.238  0.000  0.000  0.000  0.000  0.000  0.000  0.000  0.329
I       -0.326  0.000  0.120 -0.047  0.000  0.000  0.000  0.238  0.218 -0.187  0.000  0.000  0.080  0.000 -0.043 -0.086  0.045  0.000  0.000  0.000  0.000
K        0.000  0.000  0.161 -0.112  0.000  0.000  0.000 -0.278 -0.029  0.046  0.000  0.023 -0.051  0.000  0.000  0.139  0.000  0.135  0.000  0.000 -0.196
L        0.000  0.000 -0.164  0.039  0.000  0.000 -0.307 -0.152  0.000  0.207  0.000  0.000  0.112  0.012  0.002 -0.008  0.210  0.181  0.000  0.000 -0.029
M        0.135  0.000  0.123  0.000  0.000  0.000  0.000  0.000  0.000  0.000  0.000  0.000  0.079  0.000  0.000 -0.145 -0.027  0.071  0.000  0.000  0.000
N        0.000  0.000  0.023  0.000  0.000  0.000  0.000  0.113  0.000 -0.056  0.000  0.000  0.010 -0.170  0.000  0.000  0.382  0.000  0.000  0.000  0.000
P        0.092  0.000  0.051 -0.162  0.160  0.000  0.188 -0.028 -0.156 -0.047  0.000 -0.201 -0.039 -0.252 -0.131 -0.143 -0.131 -0.156 -0.146  0.000  0.064
Q       -0.241  0.000  0.000 -0.064 -0.061  0.000  0.000 -0.019  0.000 -0.245  0.250  0.000  0.137  0.000  0.000  0.000 -0.168 -0.313  0.000  0.000  0.000
R        0.000  0.000  0.000 -0.154  0.000  0.000  0.000  0.062 -0.144 -0.156  0.000  0.000  0.061 -0.078 -0.069 -0.035 -0.042 -0.140  0.000  0.107  0.000
S       -0.112  0.000 -0.026 -0.268  0.000  0.000  0.000  0.019 -0.058  0.040  0.001  0.072  0.077  0.000 -0.018  0.160 -0.366  0.000  0.000  0.000  0.000
T        0.105  0.000 -0.142  0.000  0.074  0.000  0.000 -0.163 -0.241 -0.086 -0.001  0.000 -0.001  0.303 -0.011  0.000 -0.173 -0.071  0.000  0.000  0.000
V        0.250  0.000  0.210  0.201  0.137  0.000  0.000  0.081  0.068 -0.201  0.000 -0.188  0.047  0.000 -0.025  0.167  0.173 -0.231  0.000  0.024 -0.069
W        0.000  0.000  0.000  0.000  0.000  0.000  0.000  0.000  0.000  0.000  0.000  0.000  0.000  0.000  0.000  0.100  0.000  0.000  0.000  0.000  0.000
Y        0.302  0.000  0.000  0.000  0.291  0.000  0.267  0.000  0.000  0.100  0.000 -0.015 -0.002  0.000  0.308  0.000 -0.072  0.000  0.000  0.000  0.000
X        0.215  0.000  0.008  0.000  0.000  0.000  0.000  0.000  0.018  0.000  0.000  0.000 -0.115  0.077  0.000 -0.166  0.000  0.162  0.000  0.000  0.235
