i-1/i     A      C      D      E      F      G      H      I      K      L      M      N      P      Q      R      S      T      V      W      Y      X
A       -0.222  0.000  0.074  0.000  0.000  0.020  0.000  0.000  0.101  0.205  0.000  0.000  0.000  0.089  0.000  0.039  0.000  0.023  0.000  0.000  0.000
C        0.000  0.000  0.000  0.000  0.000  0.000  0.000  0.000  0.000  0.000  0.000  0.000  0.000  0.000  0.000  0.000  0.000  0.000  0.000  0.000  0.000
D        0.161  0.000  0.000  0.000  0.000  0.000  0.000 -0.117  0.000  0.000  0.000  0.000  0.000  0.000  0.000  0.000  0.000  0.000  0.000  0.000  0.000
E        0.000  0.000 -0.088  0.000  0.000  0.000  0.454  0.065 -0.119  0.000  0.000 -0.312  0.000  0.000  0.000  0.131 -0.139 -0.275  0.000  0.000  0.140
F        0.000  0.242  0.270  0.030  0.255  0.000  0.000  0.000 -0.429  0.000  0.000  0.000  0.000  0.000  0.016  0.018  0.085  0.215  0.000  0.000  0.000
G       -0.079  0.000  0.000  0.204 -0.380  0.000  0.000  0.004  0.000  0.342  0.000  0.000  0.000  0.000  0.000  0.000  0.000  0.000  0.000  0.000 -0.329
H        0.000  0.000  0.000  0.000  0.000  0.000  0.000  0.000  0.000  0.000  0.000  0.000  0.000  0.000  0.000  0.000  0.000  0.000  0.000  0.000  0.000
I        0.000  0.000  0.040  0.210  0.000  0.000  0.000  0.330  0.166  0.298  0.000 -0.213  0.000  0.000  0.439 -0.010  0.000 -0.182  0.000  0.035  0.000
K        0.092  0.000  0.050  0.199  0.080  0.000  0.470  0.004  0.075  0.237  0.000  0.000  0.000  0.067  0.134  0.040 -0.360 -0.060  0.000  0.208  0.000
L        0.456  0.000  0.073  0.291  0.000  0.000 -0.312 -0.052  0.364  0.115  0.000  0.000  0.000  0.014  0.000 -0.018  0.000  0.139  0.000  0.423  0.000
M        0.431  0.000  0.000 -0.102  0.000  0.000  0.000  0.000  0.000  0.000  0.000  0.000  0.000  0.320  0.000 -0.044  0.024  0.000  0.000  0.000  0.000
N        0.000  0.000  0.000  0.000  0.000  0.000  0.000  0.000  0.000  0.000  0.000  0.000  0.000  0.000  0.000  0.000  0.000  0.000  0.000  0.000  0.000
P        0.200  0.000  0.099 -0.159  0.000  0.000  0.000 -0.162 -0.119  0.040  0.000  0.142  0.000  0.196  0.056  0.079  0.049  0.038  0.000  0.000 -0.157
Q        0.329  0.000 -0.032 -0.287  0.000  0.000  0.000  0.000  0.000  0.137  0.107 -0.275  0.000  0.000  0.321  0.000  0.171  0.000  0.000  0.000  0.000
R       -0.228  0.000  0.000  0.000  0.000  0.000  0.000  0.000  0.279  0.361  0.000  0.686  0.000  0.000  0.000  0.316  0.000  0.394  0.000  0.000  0.000
S        0.000  0.000  0.000  0.000  0.000  0.000  0.000  0.147  0.000  0.000 -0.124  0.000  0.000  0.000  0.000  0.046  0.000  0.122 -0.251  0.000  0.011
T       -0.022  0.000 -0.117  0.000  0.000  0.022  0.275  0.103  0.297 -0.169  0.000  0.000  0.000  0.000 -0.115  0.174  0.000  0.205 -0.117  0.000  0.000
V        0.448  0.000 -0.333  0.022  0.571  0.000  0.000 -0.394  0.042 -0.017  0.000  0.000  0.000  0.000  0.073 -0.142  0.000  0.339  0.000  0.000  0.000
W        0.000  0.000  0.000  0.031  0.000  0.000  0.000  0.000  0.000  0.000  0.000  0.000  0.000  0.000  0.000  0.000  0.000  0.000  0.000  0.000  0.000
Y       -0.065  0.000  0.000 -0.169  0.000  0.000  0.000 -0.366  0.000 -0.083  0.080  0.000  0.000  0.000  0.000  0.000  0.000  0.000  0.000  0.000  0.000
X        0.000  0.000  0.366  0.000  0.000  0.000  0.377  0.000 -0.103  0.000  0.000  0.000  0.000  0.000  0.000  0.000 -0.227 -0.009  0.000  0.000  0.000
