i-1/i     A      C      D      E      F      G      H      I      K      L      M      N      P      Q      R      S      T      V      W      Y      X
A        0.103  0.000 -0.098  0.000  0.000  0.128  0.000  0.000 -0.124  0.000 -0.242  0.000  0.000 -0.351 -0.072  0.000 -0.118 -0.404  0.000  0.000  0.000
C        0.000  0.000  0.000  0.000 -0.044  0.000  0.000  0.000  0.000  0.000  0.000  0.000  0.000  0.000  0.000  0.000  0.000  0.434  0.000  0.000  0.000
D        0.138  0.000  0.000  0.291  0.000  0.000  0.000  0.000  0.304 -0.072  0.000  0.000  0.000  0.000  0.000  0.000 -0.056  0.265  0.000  0.000  0.033
E       -0.309  0.000  0.000  0.000  0.000 -0.288  0.000  0.072 -0.020  0.205  0.121  0.000  0.000  0.087  0.000  0.126  0.000  0.033  0.000 -0.214  0.000
F        0.000  0.000  0.000  0.000 -0.566  0.000  0.000  0.000  0.139  0.000  0.000  0.000  0.000  0.000  0.000  0.000  0.000  0.255  0.000  0.000  0.000
G       -0.026  0.000  0.000  0.000  0.000  0.000  0.000  0.342  0.000  0.000  0.000  0.000  0.000  0.000 -0.065  0.000 -0.028  0.000  0.000  0.000  0.000
H        0.000  0.000  0.000  0.000  0.000  0.000  0.000  0.000  0.376 -0.155  0.000  0.000  0.000  0.000  0.000  0.000  0.000  0.000  0.000  0.000 -0.442
I        0.000  0.000  0.517  0.404  0.000  0.000  0.000 -0.100 -0.164 -0.396  0.000  0.000  0.000  0.000  0.075  0.000 -0.446  0.000  0.000  0.179  0.000
K        0.000  0.000  0.000 -0.028 -0.247  0.000  0.000 -0.231 -0.128  0.375  0.000  0.000  0.000  0.000  0.272 -0.126 -0.308  0.093  0.000  0.000 -0.118
L       -0.074  0.000 -0.493  0.000  0.000 -0.027  0.000  0.222 -0.167  0.083  0.000  0.000  0.000  0.000  0.163  0.000 -0.008  0.147  0.000 -0.002  0.000
M        0.000  0.000  0.000  0.000  0.000  0.000  0.000  0.000  0.000  0.000  0.000  0.000  0.000  0.000  0.000 -0.234  0.000  0.000  0.000 -0.377  0.000
N        0.000  0.000  0.000  0.234  0.000  0.000  0.000 -0.032  0.000  0.138  0.000  0.000  0.000  0.000  0.364  0.000  0.000  0.000  0.000  0.000  0.000
P       -0.129 -0.262 -0.064 -0.033  0.084 -0.209 -0.477 -0.257 -0.189 -0.029  0.000 -0.121  0.000 -0.111 -0.098 -0.021 -0.136 -0.447 -0.206 -0.407  0.000
Q        0.104  0.000  0.000 -0.081  0.000  0.000  0.000  0.000  0.000 -0.388  0.477  0.000  0.000  0.000  0.000  0.000  0.176  0.000  0.000  0.000  0.000
R        0.419  0.000  0.000  0.000 -0.314  0.000  0.000  0.000  0.021  0.368  0.000  0.000  0.000  0.000  0.000  0.000 -0.396  0.025  0.000  0.000  0.000
S        0.108  0.000  0.000 -0.266  0.390  0.000  0.000 -0.333 -0.234  0.126 -0.184  0.000  0.000  0.000 -0.600  0.342 -0.114 -0.275  0.000  0.000  0.000
T        0.000  0.000  0.000 -0.145 -0.409  0.000  0.000  0.000 -0.125 -0.146 -0.246  0.000  0.000  0.125  0.000  0.000  0.000  0.442  0.224 -0.077 -0.148
V       -0.522  0.000  0.000 -0.024 -0.427  0.000  0.000  0.213  0.011  0.383  0.000  0.000  0.000  0.000  0.084 -0.351  0.053  0.207  0.000  0.000  0.452
W        0.000  0.000  0.000  0.000  0.000  0.000  0.000  0.062  0.000  0.000  0.000  0.000  0.000  0.000  0.000  0.498  0.000  0.000  0.000  0.000  0.000
Y        0.000  0.000  0.000  0.000  0.000  0.000  0.000 -0.250  0.000 -0.081  0.000  0.000  0.000  0.000  0.000  0.000  0.000  0.000  0.000  0.000  0.000
X        0.000  0.000  0.000  0.187  0.000 -0.013  0.000  0.000  0.000  0.000  0.000  0.000  0.000  0.000 -0.165  0.000  0.000 -0.093  0.000  0.000  0.000
