i-1/i     A      C      D      E      F      G      H      I      K      L      M      N      P      Q      R      S      T      V      W      Y      X
A       -0.048  0.000  0.000  0.011  0.000  0.000  0.000 -0.073  0.000  0.370 -0.069  0.000  0.000  0.431 -0.176 -0.197 -0.113  0.419  0.000 -0.373 -0.232
C        0.000  0.000  0.000  0.184  0.000 -0.073  0.000  0.000  0.000  0.000  0.000  0.000  0.000  0.000  0.000  0.000  0.000  0.000  0.000  0.000  0.000
D       -0.113  0.000  0.000 -0.009 -0.609  0.000  0.000  0.125  0.021  0.183 -0.104  0.497  0.000  0.000  0.000  0.068 -0.279  0.483  0.000  0.000  0.000
E        0.000  0.000  0.000  0.000 -0.044  0.000  0.000  0.310  0.083 -0.066  0.000  0.000  0.000 -0.501 -0.118  0.247  0.000 -0.097  0.000  0.000  0.000
F        0.000  0.000  0.000  0.000 -0.261 -0.216  0.000 -0.147  0.000  0.000  0.000  0.000  0.000 -0.502  0.000  0.000  0.142  0.452  0.000  0.262  0.000
G        0.000  0.000  0.000  0.000  0.000  0.000  0.000  0.000  0.000 -0.333 -0.131  0.000  0.000  0.042  0.000  0.000  0.000  0.457  0.000  0.000  0.000
H        0.000  0.000  0.000 -0.201  0.000  0.000  0.000  0.000  0.000  0.282  0.000  0.000  0.000  0.000  0.013  0.000  0.000  0.000  0.000  0.064  0.000
I        0.000  0.000 -0.182 -0.011  0.000  0.125  0.000  0.126 -0.052  0.190  0.000 -0.355  0.000  0.510 -0.165  0.238 -0.199 -0.069  0.000  0.000  0.000
K       -0.222  0.000 -0.073 -0.373  0.000 -0.216  0.000  0.028  0.074  0.532  0.000  0.000  0.000  0.000  0.431 -0.048  0.192 -0.080  0.000  0.000 -0.256
L       -0.410  0.000  0.000  0.000  0.000  0.457  0.000 -0.019  0.048 -0.371  0.000 -0.357  0.000  0.174 -0.207 -0.166 -0.092  0.298  0.000 -0.007  0.000
M        0.455  0.000  0.000  0.000  0.000  0.000  0.000  0.000  0.000  0.000  0.000  0.000  0.000 -0.104  0.000  0.000  0.269  0.000  0.000  0.000  0.000
N        0.000  0.000  0.000  0.033  0.000  0.000  0.000  0.000  0.229  0.000  0.000  0.000  0.000  0.000  0.000  0.000  0.000  0.206  0.000  0.328  0.000
P       -0.247  0.051 -0.046 -0.164 -0.060  0.132  0.259 -0.036 -0.166 -0.127  0.201 -0.655  0.000 -0.440 -0.074  0.043 -0.011 -0.245  0.000  0.466 -0.234
Q        0.000  0.000 -0.290  0.000  0.000  0.000  0.000  0.000  0.254  0.068  0.000 -0.199  0.000  0.000  0.292  0.000 -0.015  0.000  0.000  0.179  0.290
R        0.000  0.000  0.000  0.000  0.000 -0.485  0.000 -0.023  0.091  0.144  0.000  0.000  0.000  0.000  0.053  0.159 -0.130 -0.137  0.000  0.154  0.000
S        0.026  0.550  0.015  0.358  0.441  0.000  0.000  0.000 -0.109 -0.003 -0.073  0.000  0.000  0.000  0.022  0.258  0.000  0.035 -0.266  0.000 -0.405
T        0.388  0.000  0.000  0.117 -0.141 -0.392  0.000  0.389 -0.451  0.256 -0.056  0.638  0.000  0.091 -0.530 -0.042 -0.174 -0.130  0.000  0.000  0.000
V        0.255  0.000  0.000 -0.171 -0.375  0.000  0.000 -0.188 -0.172  0.275 -0.151 -0.440  0.000  0.191  0.071 -0.092 -0.011 -0.205  0.000  0.000 -0.166
W        0.259  0.000  0.000 -0.078  0.000  0.000  0.000  0.000  0.000  0.000  0.000  0.000  0.000  0.000  0.000  0.000  0.000  0.000  0.000  0.000  0.000
Y        0.000  0.000  0.000  0.000  0.000  0.000  0.000  0.000  0.000  0.000  0.000  0.000  0.000  0.000  0.238  0.000  0.000 -0.064  0.000  0.000  0.000
X        0.000  0.000  0.000  0.000  0.000  0.000  0.000 -0.294  0.000 -0.144  0.000  0.000  0.000  0.000  0.000  0.000  0.000 -0.232  0.000  0.000 -0.033
