i-1/i     A      C      D      E      F      G      H      I      K      L      M      N      P      Q      R      S      T      V      W      Y      X
A       -0.019  0.000 -0.132  0.000  0.000  0.000  0.000  0.000  0.013  0.000 -0.281  0.000  0.000  0.000  0.000 -0.035  0.259 -0.080 -0.298  0.000  0.000
C        0.000  0.000  0.000  0.000  0.000  0.000  0.000  0.000  0.000  0.000  0.000  0.000  0.000  0.000  0.000  0.000  0.000  0.000  0.000  0.000  0.000
D        0.000  0.000  0.270  0.000  0.000  0.000  0.000  0.380  0.004  0.000  0.000  0.000  0.000  0.120  0.000 -0.127  0.000  0.000  0.000  0.000  0.000
E       -0.280  0.243 -0.097  0.099 -0.365  0.000 -0.225  0.030 -0.261  0.171  0.000 -0.353  0.000  0.000  0.000  0.021 -0.039  0.067  0.306 -0.642  0.000
F        0.000  0.000  0.378  0.091  0.089  0.000  0.000  0.000  0.000  0.000  0.000  0.000  0.000  0.000  0.000  0.330  0.078  0.031  0.000  0.000  0.000
G        0.000 -0.669  0.000  0.000  0.221  0.000  0.000 -0.267  0.000 -0.488  0.000  0.000  0.000  0.000 -0.063  0.000 -0.215  0.000  0.000  0.000  0.000
H        0.000  0.000  0.000  0.000  0.000  0.000  0.000  0.000  0.000  0.000  0.000  0.000  0.000  0.000  0.000  0.000  0.000  0.000  0.000  0.000  0.421
I       -0.021  0.000 -0.024  0.356  0.058  0.000  0.000  0.195  0.000  0.534  0.000  0.000  0.000  0.000  0.103 -0.102 -0.074  0.229  0.000  0.000  0.000
K        0.000  0.000 -0.145 -0.030  0.000  0.000  0.000  0.029  0.076  0.218  0.000  0.111  0.000 -0.331  0.055 -0.035  0.228 -0.217  0.000  0.000 -0.468
L        0.000  0.000  0.005  0.054  0.000  0.580  0.505  0.025  0.145  0.201  0.000  0.000  0.000  0.484 -0.095  0.104  0.469  0.229  0.000  0.000 -0.422
M        0.139  0.000  0.021  0.000  0.000  0.226  0.000  0.000  0.000  0.000  0.000  0.000  0.000  0.000  0.000  0.468  0.259  0.069  0.000  0.000  0.000
N        0.000  0.000  0.333  0.000  0.000  0.000  0.000  0.378  0.000  0.001  0.000  0.000  0.000 -0.227  0.000  0.000  0.000 -0.022  0.000  0.000  0.000
P        0.042  0.000 -0.150  0.024  0.637 -0.256 -0.085 -0.031 -0.108  0.147 -0.097  0.019  0.000 -0.019  0.314 -0.080 -0.153  0.063 -0.281  0.000  0.001
Q        0.310  0.000  0.000  0.239 -0.322  0.000  0.000 -0.126  0.000 -0.190  0.477  0.000  0.000  0.000  0.000  0.000 -0.170  0.000  0.000  0.000  0.000
R        0.039  0.000  0.000  0.023  0.000  0.000  0.078 -0.445  0.205  0.083  0.000  0.000  0.000 -0.058 -0.103 -0.237 -0.089  0.104  0.000  0.056  0.000
S        0.216  0.000  0.093  0.033  0.000  0.000  0.000  0.371  0.110  0.072 -0.125  0.043  0.000  0.000  0.246  0.075  0.223  0.182  0.000  0.000  0.000
T       -0.037  0.000 -0.085  0.000  0.458  0.000  0.000 -0.026  0.170 -0.075  0.000  0.000  0.000  0.454 -0.190  0.000  0.114  0.052  0.000  0.000  0.000
V        0.435  0.000 -0.115 -0.105  0.271  0.248  0.000  0.188 -0.058  0.126  0.000  0.091  0.000  0.000 -0.017 -0.064  0.202 -0.245  0.000  0.423  0.097
W        0.000  0.000  0.000  0.000  0.000  0.000  0.000  0.000  0.000  0.000  0.000  0.000  0.000  0.000  0.000  0.538  0.000  0.000  0.000  0.000  0.000
Y        0.526  0.000  0.000  0.000  0.000  0.000  0.000  0.000  0.000  0.419  0.000  0.000  0.000  0.000 -0.177  0.000  0.017  0.000  0.000  0.000  0.000
X        0.490  0.000  0.090  0.000  0.000  0.000  0.000  0.000  0.187  0.000  0.000  0.000  0.000  0.000  0.000  0.163  0.000  0.149  0.000  0.000  0.000
