i-1/i     A      C      D      E      F      G      H      I      K      L      M      N      P      Q      R      S      T      V      W      Y      X
A        0.428  0.000  1.151 -0.763  0.000 -0.180  0.000  0.000  1.937 -0.775  0.000  0.000  0.000  2.051  0.000  1.242  0.000 -2.547  0.000  0.000  0.000
C        0.000  0.000  0.000  0.000  0.000  0.000  0.000  0.000  0.000  0.000  0.000  0.000  0.000  0.000  0.000  0.000  0.000  0.000  0.000  0.000  0.000
D        2.029  0.000  0.000  2.722  0.000  0.000  0.000  0.423  0.000  1.512  0.000  0.000  0.000  0.000  0.000  0.000  0.000  0.000  0.000  0.000  0.000
E        0.000  0.000  0.000  0.000 -2.795  0.000  0.000 -0.212 -1.478 -0.435  0.000  0.587  0.000  1.745  0.000 -0.463 -1.178  0.946  0.000  0.000  0.000
F        0.000  0.000  0.000  1.426 -2.601  0.000  0.000  0.000  0.000  0.000  0.000  0.000  0.000  0.000  1.114  0.679 -2.579 -0.906  0.000  0.000  0.000
G        2.186  0.000  0.000  0.543  0.000  0.000  0.000  1.857  0.000 -2.164  0.000  0.000  0.000  0.000  0.000  0.000  0.000  0.000  0.000  0.000 -1.398
H        0.000  0.000  0.000  0.000  0.000  0.000  0.000  0.000  0.000  0.000  0.000  0.000  0.000  0.000  0.000  0.000  0.000  0.000  0.000  0.000  0.000
I        0.000  0.000  0.000  2.170  0.000  3.035  0.000  0.000  0.251 -0.339  0.000  1.277  0.000  0.000  0.123  0.000 -0.010 -2.254 -0.629  1.402  0.000
K        0.496  0.000  1.415 -0.676  0.000  0.000  3.442  1.277 -0.598  2.194  0.000  1.299  0.000  0.000  3.239  1.024  1.092 -1.600  0.000  0.000  0.000
L       -1.339  0.000 -0.820  0.758  0.000  0.000 -2.674  0.000  2.160 -2.591  0.000 -0.645  0.000 -1.578 -1.373  0.171 -4.393 -1.022  0.000  0.000  0.000
M       -0.202  0.000  0.000 -0.646  0.000  0.000  0.000  0.000  0.000  0.000  0.000  0.000  0.000 -0.095  0.000 -1.119  0.000  0.000  0.000  0.000  0.000
N        0.000  0.000  0.000  0.000  0.000  0.000  0.000  0.000  0.000  0.000  0.000  0.000  0.000  0.000  0.000  0.000  2.600  0.000  0.000  0.000  0.000
P        0.343  0.000 -0.275  0.508  0.000  0.000  0.000 -1.330 -1.661 -0.674  0.000  0.286  1.049 -1.030 -0.750  1.256 -1.909 -0.725  0.000  2.749  0.000
Q        0.207  0.000 -0.878 -0.140  0.000  0.000  0.000  0.000  0.000  0.357  0.363  3.197  0.000  0.000  1.118  0.000  3.627  0.000  0.000  0.000  0.000
R        1.581  0.000  1.351  0.000  0.000  0.000  0.000  0.999  3.698  2.659  0.000  0.536  0.000  0.000  0.000  0.927  0.000 -1.425  0.000  0.000  1.779
S        0.000  0.000  0.000  0.000  0.000  0.000  0.000  0.088  0.000  0.000 -0.145  0.000  0.000  0.000  0.000  2.798  0.000  0.800 -1.254  0.000  1.116
T        0.000  0.000  0.000  0.000  0.000 -0.423  2.776  1.535  0.000  2.089  0.000  0.000  0.000  0.677  1.040  0.022  0.000  2.815 -2.779  0.000  0.000
V        1.058  0.000  0.351 -0.636  0.000  0.000  0.000 -2.998  0.566  2.014  0.000  0.000  0.000  0.000  0.655 -1.189 -0.175  0.299  0.000  0.000  0.000
W        0.000  0.000  0.000 -0.116  0.000  0.000  0.000  0.000  0.000  0.000  0.000  0.000  0.000  0.000  0.000  0.000  0.000  0.000  0.000  0.000  0.000
Y        0.000  0.000  0.000 -1.703  0.000  0.000  0.000  2.905  0.000 -0.990 -1.534  0.000  0.000  0.000  0.000  0.000 -2.602  3.065  0.000  0.000  0.000
X        0.000  0.000  2.489  0.000  0.000  0.000 -0.566  2.361  1.696  0.000  0.000  0.000  0.000  0.000  0.000  0.000  0.045  3.492  0.000  0.000  0.000
