i-1/i     A      C      D      E      F      G      H      I      K      L      M      N      P      Q      R      S      T      V      W      Y      X
A       -1.176  0.000 -1.091  0.000  0.000  2.145  0.000  0.000  0.775 -2.531 -0.915  0.000  0.000 -2.696 -2.669  0.230  0.160  0.000  0.000  0.000  0.000
C        0.000  0.000  0.000  0.000  0.000  0.000  0.000  0.000  0.000  0.000  0.000  0.000  0.000  0.000  0.000  0.000  0.000 -2.914  0.000  0.000  0.000
D        2.094 -2.212  0.000  3.529 -1.559  0.000  0.000  0.000  1.004  0.894  0.000  0.000  0.000 -0.406  0.776  0.000  0.610  1.699  0.000  0.000  1.873
E       -0.471  0.000 -0.956  0.000  0.000  1.028  0.000 -0.832 -1.666  0.071  2.085  0.000  0.000  0.532  0.000 -1.986  0.000  1.892 -0.843  0.000  0.000
F        0.000  0.000  0.000 -3.224  0.718  0.000  0.000  0.000 -1.880  0.000  0.000  0.000  0.000  0.000  0.000  0.000  0.000  3.577  0.000  0.000  0.000
G        0.400  0.000  0.000  0.000  0.000  0.000  0.000 -0.311  0.000  0.000  0.000  0.000  0.000  0.000  1.815  0.000 -3.122  0.000  0.000  0.000  0.000
H        0.000  0.000  0.000  0.971  0.000  0.000  0.000  0.000  0.566 -2.127  0.000  0.000  0.000  0.000  0.000  0.000  3.680  0.000  0.000  0.000 -1.324
I        0.000  0.000 -1.934 -0.529  0.000  0.000  0.000  0.226 -1.862 -1.660  0.000  0.000  0.000  0.000  0.351 -1.142 -1.108  2.842  0.000  4.173  0.000
K        0.000  0.000  0.000 -2.662 -2.125  0.000  0.000 -2.487  0.177  0.472  0.000  0.000  0.000  0.000 -0.184  0.000  0.585 -2.824  0.000  0.000  2.446
L       -0.587  0.000 -1.454  0.000  0.000 -1.397  0.000  0.000 -1.420  0.839  0.000  0.000  0.000  0.000  0.052  0.000  0.064 -2.148  0.000 -1.708  0.000
M        0.000  0.000  0.000  0.000  0.000  0.000  0.000  0.000  0.000  0.000  0.000  0.000  0.000 -0.707  0.000 -1.404  0.000  0.000  0.000  0.542  0.000
N        0.000  0.000  0.000 -1.412  0.000  0.000  0.000  0.790  1.156 -0.127  0.000  0.000  0.000  0.000  2.366  0.000  0.000  0.000  0.000  0.000  0.000
P        0.468 -0.350  0.765  1.299  0.231 -1.346 -3.612 -0.622 -0.326  0.313  0.000 -0.080 -0.361 -0.484 -1.457  0.092  3.568  0.255 -1.457 -4.250  0.000
Q        0.915  0.000  0.000 -1.530  0.000  0.000  0.000  0.000  0.000 -2.600  0.000  0.000  0.000  0.000  0.000  0.000  2.374  0.000  0.000  0.000  0.000
R        2.501  0.000  0.000  0.000 -0.819  0.000  0.000  0.731 -0.916 -2.962  0.000  0.000  0.000  0.906  0.759  0.000 -3.566  0.892  0.000  0.000  0.000
S        0.000  0.000  0.000 -3.257 -0.360  0.000  0.000 -2.739  2.994  0.081 -3.111  0.000  0.000 -1.336  2.697  0.000  3.137  1.045  0.000  0.000  0.000
T        0.000  0.000  0.000 -1.472 -1.546  0.000  0.000 -1.448 -1.709  1.150 -0.544 -2.948  0.000  2.606  0.000  0.000  0.000 -2.030  0.485  3.033  0.713
V       -0.139  0.000  0.000 -1.139  0.000  0.000  0.000 -1.101 -1.916  0.705  0.000  0.000  0.000  0.000 -1.102 -0.939  0.486  0.727  0.000  2.069 -0.171
W        0.000  0.000  0.000  0.000  0.000  0.000  0.000 -0.099  0.000  0.000  0.000  1.299  0.000  0.000  0.000  1.205  0.000  0.000  0.000  0.000  0.000
Y        0.000  0.000  0.000  0.000  0.000  0.000  0.000 -1.931  0.000  0.000  0.000  0.000  0.000  0.000  0.000  0.000  0.000  0.000  0.000  0.000  0.000
X        0.000  0.000  0.000  0.000  0.000 -0.119  0.000  0.000  0.000  0.000  0.000  0.000  0.000  0.000  3.058  0.041  0.000 -0.782  0.000  0.000  0.000
