i-1/i     A      C      D      E      F      G      H      I      K      L      M      N      P      Q      R      S      T      V      W      Y      X
A        0.015  0.000  0.000 -1.209  0.000  0.000  0.000  2.333 -1.024  0.000 -2.024  0.000  0.000 -1.072 -1.277 -1.493  0.166  0.173  0.000  0.000  0.000
C        0.000  0.000  0.000  0.508  0.000 -1.154  0.000  0.000  0.000  0.000  0.000  0.000  0.000  0.000  0.000  0.000  0.000  0.000  0.000  0.000  0.000
D        1.079  0.000  2.829  0.000 -1.004  0.000  0.000  2.026 -1.964  1.395  0.000  0.600  0.000  0.829  0.000  1.958  2.496 -2.733  0.000  0.000  2.739
E       -3.091  0.000  0.000  3.173  1.560  0.000  0.000 -1.100  0.202  0.078  0.000  0.000  0.000  0.648 -0.298 -0.393 -3.594  0.236  0.000  0.000  0.000
F        0.000  0.000  0.000  0.000  0.363 -2.165  0.000  0.758  0.000  0.000  0.000  0.655  0.000  2.252  0.000  0.000  0.714 -0.654  0.000  0.000  0.000
G        0.000  0.000  0.000  0.000  0.000  0.000  0.000  0.000  0.000 -2.047 -2.179  0.000  0.000  3.154  0.000  0.000  0.000  1.880  0.000  0.000 -1.947
H        0.000  0.000  0.000 -1.491  0.000  0.000  0.000  0.000  0.000  2.133  0.000  0.000  0.000  0.000 -1.647  0.000  0.000  0.000  0.000  0.000  0.000
I       -1.007  0.000  2.652  1.728  0.000 -1.596  0.000 -2.349 -2.137  0.000  0.000 -1.338  0.000  0.706  0.189 -0.389  0.467 -0.056  0.000  0.000  0.000
K       -0.653  0.000 -2.261 -2.520  0.000  1.337  0.000 -0.073 -2.306  2.617  0.000  1.299  0.000  0.000  3.363 -1.320  3.583 -1.557  0.000  0.000  0.000
L        2.656  0.000  0.000 -0.292  0.000  1.217  0.000 -0.661 -0.154  0.922  0.000 -0.256  0.000  0.624  2.591  0.212 -2.288 -0.563  0.000  3.860  0.000
M        0.690  0.000  0.000  0.000  0.000  0.000  0.000  0.000  0.000  0.000  0.000  0.000  0.000  2.405  0.000  0.000  1.457  0.000  0.000  0.000  0.000
N        0.000  0.000  0.000 -0.941  0.000  0.000  0.000  0.000  1.536  1.625  0.000  0.000  0.000  0.000  0.000 -0.337 -1.982  0.000  0.000  0.000  0.000
P       -0.194  0.000  0.300 -0.555  0.278  0.707  5.867 -0.916  1.076  0.018  3.324 -0.822 -0.660 -2.124 -1.208  1.043  1.660  0.286  0.000  1.122 -1.231
Q        0.000  0.000 -0.601  0.000  0.000  0.000  0.000  0.000  1.360 -0.654  0.000  0.000  0.000  0.000  1.178  0.000  0.791  0.000  0.000  1.974 -0.261
R       -0.977  0.000  0.000  0.000  0.000  0.553  0.000  0.102  0.822 -0.051  0.000  0.000  0.000  0.000  0.000  0.685 -0.236 -1.023  0.000  0.000  0.000
S       -0.151  0.000  1.526  1.789 -0.864  0.000  0.000 -0.675  3.220 -0.213  0.956  0.000  0.000  0.000  0.528  0.090  0.000 -0.907 -1.370  0.000  1.613
T       -0.187  0.000  0.000  1.489 -1.806 -1.430  0.000  0.379 -2.542 -1.333  1.771  1.736  0.000 -1.085  1.831 -0.095 -1.002  3.971  0.000  0.772  0.000
V        3.266  0.000  1.083 -2.067 -0.293  0.000  0.000 -0.278 -0.426  0.313 -1.555 -0.757 -1.857  0.757 -0.427 -1.973  1.993 -0.993  0.000  0.000  0.000
W        2.954  0.000  0.000 -3.349  0.000  0.000  0.000  0.000 -0.544  0.000  0.000  0.000  0.000  0.000  0.000  0.000  0.000  0.000  0.000  0.000  0.000
Y        0.000  0.000 -1.570  0.000  0.000  0.000  0.000  0.000  0.000  0.000  0.000  0.000  0.000  0.000  2.119  0.000  0.000 -1.398  0.000  0.000  0.000
X        0.000  0.000  0.000  0.000  0.000  0.000  0.000 -1.785  0.000  0.000  0.000  0.000  0.000  0.000  0.000  0.000  0.000  1.238  0.000  0.000  0.000
