i-1/i     A      C      D      E      F      G      H      I      K      L      M      N      P      Q      R      S      T      V      W      Y      X
A       -1.104  0.000  0.691  0.000  0.000  0.000  0.000 -0.383  0.481 -2.074 -3.000  0.000  0.000  0.000 -2.323 -1.365  1.151  0.549 -1.428  0.000  0.000
C        0.000  0.000  0.000  0.000  0.000  0.000  0.000  0.000  0.000  0.000  0.000  0.000  0.000  0.000  0.000  0.000  0.000  0.000  0.000  0.000  0.000
D        0.000  0.000  0.000  0.000  1.587  0.000  0.000  1.131 -1.134  0.000  0.000  0.000  0.000 -1.630  0.000  0.000  0.000  1.242  0.000  2.749  0.000
E       -0.330  1.964  0.709  2.788 -0.753  0.000 -2.022  2.685 -0.940 -0.261  0.000 -1.830  0.000  0.000  0.000  0.464  0.452 -0.907  0.000  0.055  0.000
F        0.000  0.000  1.373 -1.472  0.887  0.000  0.000  0.000  0.000  0.000  0.000  0.000  0.000  0.000  0.000  0.343 -0.708 -2.650  0.000  0.000  0.000
G        0.000 -3.871  0.000  0.000 -2.213  0.000  0.000  1.540  0.000 -1.469  0.000  0.000  0.000  0.000  0.000  0.000 -0.587  0.000  0.000  0.000  0.000
H        0.000  0.000  0.000  0.000  0.000  0.000  0.000  0.000  0.000  0.000  0.000  0.000  0.000  0.000  0.000  0.000  0.000  0.000  0.000  0.000 -1.627
I        0.000  0.000  0.000  0.000  0.000  0.000  0.000  1.802  0.000  0.000  0.000  0.000  0.000  0.000  0.000  0.000  2.256  2.916  0.000  0.000  2.535
K        2.206  0.000  0.000  1.486  0.000  0.000  0.000  0.954  0.520  1.897  0.000  1.126  0.000 -0.429  1.593 -0.354  1.505 -2.556  0.000  0.000  0.000
L       -3.345  0.000  1.360  0.462  0.000  0.000  0.000  2.562 -2.174  0.293  0.000  1.283  0.000  1.276 -0.273  0.487 -1.888  0.648  0.000  0.000  0.000
M        1.012  0.000  2.575  0.000  0.000  0.574  0.000  0.000  0.000  0.000  0.000  0.000  0.000  0.000  0.000 -2.122  0.000  0.366  0.000  0.000  0.000
N        0.000  0.000  1.060  0.000 -0.884  0.000  0.000 -0.237 -0.544  0.689  0.000  0.000  0.000 -2.195  0.000  0.000  0.000  1.875  0.000  0.000  0.000
P       -1.104  0.000 -0.456 -1.227  0.564  0.000 -2.505 -1.179 -0.586 -0.873 -0.132 -0.674 -1.070 -1.374  0.806 -1.213  0.000 -0.860 -2.541  0.000 -0.483
Q        3.180  0.000  1.075  0.661 -2.441  0.000  0.000  2.648  0.000 -2.065  0.000  0.000  0.000  0.000  0.000  0.000  0.318  1.037  0.000  0.000  0.000
R       -0.369  0.000  0.000 -0.391  0.000  0.000  0.681 -2.428  0.033  1.337  0.000  0.000  0.000  0.000  1.503  1.896  0.080  3.104  0.000  4.437  0.000
S       -0.846  0.000  0.894 -1.193  0.000  0.000  0.000 -1.989 -0.745  0.127 -0.541 -0.040  0.000  0.000  0.900  0.752  2.004 -1.567  0.000  0.000  0.000
T        1.757  0.000  0.652 -0.008  0.000  0.000  0.000  0.350  3.025  1.180  1.439 -2.918  0.000  1.835 -0.128  0.000  0.090  2.562  0.000  0.000  0.000
V        0.000  0.000  1.100  3.207  1.527  2.498  0.000  2.414  1.203  0.811  0.000  0.000  0.000  0.000  1.514  0.000  3.391  1.056  0.000  0.000  3.475
W        0.000  0.000  0.000  0.000  0.000  0.000  0.000  0.000  0.000  0.000  0.000  0.000  0.000  0.000  0.000  0.889  0.000  0.000  0.000  0.000  0.000
Y        0.212  0.000  0.000  0.000  2.680  0.000  0.000  0.000  0.000  2.585  0.000  0.000  0.000 -1.336 -1.475  0.000  0.927  0.000  0.000  0.000  0.000
X        0.000  0.000 -0.551  0.000  0.000 -0.744  0.000  0.000  0.000  0.000  0.000  0.000  0.000  0.000  0.000 -0.801  0.000  0.000  0.000  0.000  0.000
