i-1/i     A      C      D      E      F      G      H      I      K      L      M      N      P      Q      R      S      T      V      W      Y      X
A       -0.000 -1.418  0.003 -0.013  0.181 -0.025  0.237  0.321  0.288  0.146  0.138 -0.243  0.002  0.002 -0.013 -0.145  0.269 -0.174  0.845 -0.265  0.000
C        0.624  0.000  0.000  0.222  0.000 -0.068  0.000  0.000  0.000  0.564  0.105  0.830  0.645  0.000  0.000  0.085 -0.318  0.629  0.000  0.000  0.000
D        0.205  0.242  0.168  0.187  0.079  0.035 -0.516  0.909  0.037  0.406  0.205  0.010  0.252 -0.149 -0.031  0.385  0.575 -0.112 -0.653  0.380  0.000
E        0.133  0.000 -0.023 -0.104 -0.566 -0.087  0.649  0.145  0.131 -0.067  0.057  0.208  0.211  0.259  0.056  0.145 -0.195  0.128 -0.249 -0.039 -1.284
F        0.333 -1.435 -0.386  0.345  0.363 -0.045  0.024 -0.568 -0.360 -0.370  0.164 -0.169 -0.645  0.153  0.618 -0.094 -0.133 -0.549  0.423  0.569  0.000
G        0.181  0.141  0.002  0.015 -0.491 -0.069  0.237  0.609 -0.382  0.272 -0.092 -0.300  0.050  0.125  0.070  0.130  0.280  0.245  0.931  0.100  0.785
H        0.120  0.000  0.152  0.281  0.350  0.115  0.068  0.114  0.288  0.176 -0.002  0.081  0.181  0.281  0.380 -0.164 -0.141 -0.530  0.000 -0.536  0.000
I        0.260 -0.425 -0.320  0.088  1.274 -0.199 -0.251 -0.441 -0.065 -0.290  0.053  0.256 -0.061 -0.125 -0.569 -0.531 -0.506 -0.363  0.000 -0.620  0.000
K       -0.086  0.000  0.119 -0.045  0.030 -0.356  0.012  0.098  0.011  0.131  0.063 -0.207 -0.045 -0.209  0.221 -0.038  0.005  0.081 -1.058 -0.647  0.000
L       -0.168  0.000 -0.023  0.077 -0.045  0.070 -0.108 -0.489  0.372 -0.235 -0.108 -0.080 -0.023  0.198  0.152  0.011 -0.627  0.064 -0.050 -0.476  0.000
M        0.098  0.546  0.284  0.134  0.698  0.111 -0.350  0.165  0.101  0.004  0.077  0.334  0.156  0.341 -0.519  0.219  0.190 -0.007  0.000  0.384  0.000
N        0.174  0.000  0.129 -0.038 -0.201 -0.092  0.410  0.283  0.111  0.009  0.485  0.033  0.140 -0.240 -0.044  0.256 -0.537  0.240  0.656  0.040  0.000
P       -0.201  0.144  0.158  0.041  0.792 -0.066 -0.695 -0.790 -0.232  0.023 -0.623  0.014  0.045 -0.040 -0.083 -0.037 -0.276  0.178  0.000  0.056  0.000
Q       -0.376  0.000  0.136 -0.007 -0.265  0.069 -0.683  0.248  0.070  0.098 -0.132  0.022 -0.025  0.190  0.106  0.082  0.160 -0.252  1.189 -0.327  0.000
R       -0.146 -0.718 -0.298  0.048 -0.304 -0.119  0.072 -0.080  0.143  0.121  0.118 -0.004 -0.075  0.438  0.179 -0.141  0.295 -0.195 -0.045  0.440  0.000
S       -0.141 -0.122  0.114  0.177 -0.027  0.102  0.188  0.263  0.143  0.339 -0.025  0.044  0.103  0.228 -0.027  0.022  0.510  0.194 -0.221  0.663  0.000
T        0.001 -0.122 -0.167  0.042 -0.151 -0.105  0.417 -0.103 -0.075 -0.344  0.071 -0.070 -0.023 -0.275 -0.165 -0.118 -0.043  0.117  0.398 -0.331  1.077
V       -0.047  0.256 -0.095  0.070 -0.040  0.068 -0.073 -0.837  0.247 -0.663  0.289 -0.074  0.026  0.152  0.204 -0.092 -0.082  0.247 -1.121 -0.525  0.000
W        0.379  0.000  0.383  0.320 -0.984  0.314  0.000 -0.600 -0.929  0.063  0.000  0.000 -0.726  0.000  0.000 -0.258  0.000 -1.004  0.000  0.000  0.000
Y       -0.176  0.000  0.559  0.140 -0.775  0.113  0.696  0.131  0.479 -0.392 -0.554 -0.933 -0.277 -0.343  0.383 -0.079  0.248  0.230  0.146  0.645  0.000
X        0.000  0.000  0.000 -0.937  0.000  0.000  0.000  0.000  0.000  0.000  0.000  0.000  0.000  0.000  0.000  0.000  0.000  0.543  0.000 -0.657  0.000
