i-1/i     A      C      D      E      F      G      H      I      K      L      M      N      P      Q      R      S      T      V      W      Y      X
A        0.223  0.000  0.200  0.066 -0.310  0.028  0.209  0.121  0.115  0.017 -0.535 -0.378  0.061 -0.074  0.129 -0.043  0.145 -0.223  0.000 -0.125  0.000
C        0.232  0.000 -0.679 -1.001  0.000  0.378  0.000  0.000  1.030  0.562  0.000 -0.835 -0.078 -0.466  0.363 -0.414  0.729  0.073  0.000  0.000  0.000
D        0.208  0.358 -0.126  0.024  0.803  0.244  0.097  0.191  0.197 -0.004 -0.028  0.146  0.470 -0.163  0.200  0.258  0.176 -0.009  0.352  0.475 -0.941
E        0.062  0.238  0.143  0.030  0.073  0.050  0.089  0.126 -0.439 -0.009 -0.325 -0.002  0.085  0.122  0.072  0.091  0.273  0.233  1.062 -0.046  0.000
F       -0.133 -0.362 -0.345 -0.107  0.220  0.176 -0.266 -0.314 -0.079  0.219 -0.651 -0.250 -0.124 -0.446 -0.278 -0.496 -0.548  0.028  0.000  0.351  0.000
G        0.067 -0.423  0.033 -0.191  0.192  0.028 -0.081  0.046 -0.000  0.056  0.217  0.251  0.245 -0.154  0.108  0.022  0.251  0.093 -0.493  0.157  0.000
H       -0.021 -0.364  0.182 -0.480  1.467 -0.165  0.360 -0.461  0.445  0.224  0.280 -0.121  0.060  0.008  0.614 -0.080  0.405  0.436  0.000  0.325  0.000
I       -0.216  0.000 -0.352  0.215 -0.211 -0.297 -0.961  0.220 -0.359  0.273  0.219 -0.343 -0.066 -0.019 -0.628 -0.229 -0.078 -0.439 -0.822  0.314  0.000
K        0.022 -0.326  0.231  0.091 -0.201 -0.092 -0.080  0.011  0.097 -0.185  0.237  0.446  0.040  0.301  0.164 -0.114  0.152 -0.151  0.376  0.156  0.423
L       -0.189  0.203 -0.174  0.101 -0.342  0.155 -0.054 -0.204 -0.259 -0.182  0.232 -0.153 -0.273  0.068  0.121 -0.135 -0.336 -0.161 -1.034 -0.272  0.000
M        0.067 -0.041  0.254  0.189 -0.092 -0.057  0.397 -0.176  0.249 -0.101 -0.353 -0.110 -0.091  0.443  0.043  0.031  0.290  0.274 -0.410 -1.448  0.000
N        0.075  1.415 -0.074  0.180 -0.237 -0.022  0.388  0.120  0.145  0.140  0.873  0.266 -0.060  0.021 -0.007  0.136  0.528  0.107  0.574  0.322  0.000
P       -0.134 -0.076  0.106  0.250 -0.196 -0.108 -0.162  0.459  0.087  0.073 -0.064 -0.062 -0.071  0.143  0.167  0.091 -0.010  0.180 -0.078 -0.632  0.000
Q        0.137  0.978  0.455 -0.006 -0.117  0.108  0.046 -0.393  0.174 -0.122 -0.140 -0.687 -0.063 -0.060  0.526 -0.020 -0.311  0.083  0.338 -0.731 -0.467
R       -0.013 -0.361  0.348  0.102 -0.310 -0.011  0.294 -0.089  0.409 -0.099  0.046  0.409 -0.222 -0.194  0.040  0.082  0.351 -0.358  0.307 -0.363 -0.366
S        0.142  0.000 -0.023  0.321  0.074 -0.079  0.323  0.331  0.195  0.144  0.312  0.445  0.213  0.314 -0.114  0.251  0.295  0.165 -0.228  0.650  0.547
T       -0.102 -0.073  0.167  0.308 -0.062  0.091  0.345  0.223  0.235  0.103 -0.756  0.137 -0.017  0.263  0.137 -0.017 -0.077  0.147  0.392  0.222  0.572
V       -0.131 -0.048 -0.180 -0.368 -0.166  0.129 -0.322 -0.061  0.025 -0.180 -0.222 -0.238 -0.111 -0.168 -0.294 -0.134 -0.223  0.342  0.632 -0.230  0.000
W        0.000  0.000 -0.234 -0.540 -0.999 -0.297  0.000 -0.425  0.001 -0.985  0.000 -0.001  0.425 -0.364 -0.224 -0.181 -1.145 -0.788  0.000 -1.442  0.000
Y       -0.085  0.000  0.388 -0.729 -0.475  0.279 -0.073 -1.333 -0.423 -0.537 -1.110 -0.308  0.000  0.364 -0.374 -0.438 -0.145 -0.214 -1.687 -0.462  0.000
X        0.000  0.000 -0.191 -0.379  0.000  0.000  0.000  0.000 -0.073  0.000  0.000  0.000 -0.054  0.529  0.000  0.151 -0.971  0.000  0.000  0.000  0.000
