i-1/i     A      C      D      E      F      G      H      I      K      L      M      N      P      Q      R      S      T      V      W      Y      X
A       -0.025  0.673 -0.079 -0.202 -0.031  0.000  0.132 -0.157 -0.173 -0.251  0.227  0.089 -0.100  0.408 -0.087 -0.004 -0.320  0.191  0.083  0.936  0.000
C       -0.344  0.000 -0.178  0.000  0.436  0.000  0.015  0.728 -0.087  0.000  0.070  0.000  0.536  0.000 -0.060  0.041 -0.259  0.625  0.688 -0.029  0.000
D        0.037  0.000 -0.276 -0.365  0.286  0.000  0.100 -0.211  0.186  0.446  0.080 -0.054  0.016 -0.012  0.193  0.091 -0.502 -0.059  0.000 -0.460  0.000
E       -0.166  0.000 -0.196 -0.174 -0.003  0.000 -0.453 -0.298 -0.059  0.119 -0.126 -0.137 -0.026 -0.115  0.303 -0.206 -0.365  0.031 -0.582 -0.538  2.847
F        0.283  0.000 -0.080  0.253  0.208  0.000  1.087  0.831  0.141  0.098  0.374 -0.038 -0.019  0.224 -0.023  0.103 -0.241 -0.149  0.000  0.315  0.000
G       -0.063  0.067 -0.036 -0.161 -0.232  0.000 -0.438 -0.141  0.106 -0.316 -0.344 -0.182  0.086 -0.184  0.136 -0.060 -0.203 -0.214  0.562 -0.242  0.000
H        0.007  0.000 -0.142 -0.049 -0.478  0.000 -0.401 -0.827  0.376 -0.632 -1.437  0.634 -0.153 -0.043 -0.051  0.008 -0.112 -0.588  0.059  0.000  0.000
I        0.043  0.000 -0.036 -0.139  0.348  0.000  0.337  0.578  0.032  0.546  0.656  0.045 -0.087  0.225  0.222 -0.059 -0.136  0.202 -0.410 -0.350 -1.836
K        0.139  0.000 -0.148  0.260 -0.199  0.000 -0.360  0.003 -0.033  0.037  0.378 -0.237 -0.137 -0.030 -0.293 -0.201 -0.193  0.054 -0.379 -0.144  0.000
L        0.217 -0.339 -0.157 -0.086 -0.116  0.000  0.293  0.472 -0.057  0.644 -0.011 -0.354 -0.135 -0.204 -0.218 -0.029 -0.217  0.082  0.967 -0.138  0.421
M        0.435  0.000 -0.147 -0.081  0.000  0.000 -0.103  0.028  0.152 -0.783 -0.176  0.009 -0.054  0.126 -0.998  0.040  0.015  0.440  0.203 -0.039  0.000
N        0.040  0.000  0.038  0.018 -0.479  0.000  0.022  0.152 -0.024 -0.419  0.130 -0.101  0.019 -0.041 -0.043 -0.030 -0.448  0.065 -0.379  0.481  0.000
P        0.141  0.269 -0.112  0.192  0.066  0.000  0.170 -0.039  0.025 -0.134  0.079 -0.289 -0.048  0.296 -0.124 -0.058 -0.251  0.100 -0.665  0.202 -0.707
Q       -0.045  0.471  0.024 -0.091 -0.358  0.000  0.376  0.121 -0.113  0.085 -0.603 -0.049  0.124 -0.035  0.058 -0.185 -0.238 -0.122  0.000 -0.549  0.000
R        0.043  0.664  0.032 -0.215 -0.382  0.000  0.072  0.121  0.044  0.057  1.389  0.235 -0.042  0.058 -0.111  0.013 -0.088  0.208 -0.085  0.114  0.000
S       -0.231 -0.048  0.056 -0.068  0.801  0.000  0.226  0.147 -0.186 -0.108 -0.155 -0.275  0.097 -0.002  0.026 -0.102 -0.278 -0.245 -0.549  0.496  0.000
T        0.055  0.000 -0.226  0.014 -0.227  0.000  0.194 -0.491 -0.247 -0.088 -0.722  0.460 -0.015 -0.143  0.005 -0.067 -0.262  0.017 -0.182  0.718  0.000
V        0.006 -0.461  0.156  0.013 -0.349  0.000  0.202  0.111 -0.020  0.186 -0.234  0.097 -0.083 -0.113  0.325  0.025 -0.342  0.065 -0.970 -0.180  1.387
W       -0.024  0.000  0.000  0.038  0.314  0.000  0.000  0.000  0.000 -0.795  0.000  0.018 -0.444  0.000 -0.204 -0.085 -0.467  0.137  0.000  0.406  0.000
Y       -0.129 -1.094 -0.186  0.077  0.000  0.000 -0.386  0.239  0.277 -0.093  0.514 -0.375  0.103  0.488  0.161 -0.053 -0.089  0.308  0.000 -0.298  0.000
X       -0.084  0.000  0.000 -0.046  0.000  0.000  0.000  0.000  0.000  1.305  0.000  0.000 -0.012  0.000  0.000  0.000  0.246  0.000  0.000  0.000  0.000
