i-1/i     A      C      D      E      F      G      H      I      K      L      M      N      P      Q      R      S      T      V      W      Y      X
A       -0.018 -1.262  0.090  0.068  0.554  0.044  0.019  0.197  0.288  0.001  0.281  0.043 -0.015  0.016 -0.177 -0.131 -0.117 -0.073  0.699  0.505  0.000
C        0.423  0.000  0.000  0.268  0.000 -0.151  0.000  0.000  0.000  0.000 -0.416  0.000 -0.173  0.000  0.000  0.115  0.000  0.173  0.000  0.000  0.000
D        0.208  0.000  0.322  0.187  0.328 -0.100  0.070  0.254  0.269  0.188  0.166  0.122  0.438  0.284 -0.352  0.469  0.159 -0.136  0.550  0.751  0.000
E        0.321  0.000  0.026 -0.191  0.068 -0.127 -0.020  0.143  0.106  0.223  0.609 -0.080  0.018  0.150  0.157  0.095 -0.071  0.014  0.221 -0.168  0.718
F        0.559  0.000  0.072  0.104  0.296 -0.245  0.000 -0.863 -0.509 -0.622 -0.784 -0.018 -0.248  0.307 -0.724 -0.063  0.621  0.052  1.453  0.000  0.000
G        0.307  0.137  0.228  0.141 -0.346  0.037  0.362  0.151 -0.485  0.084  0.051 -0.433  0.221  0.079 -0.014  0.191 -0.020  0.208 -0.130 -0.217  0.564
H        0.264  0.000 -0.101  0.295  0.056  0.088 -0.033  0.362 -0.006 -0.118 -0.190 -0.378 -0.714 -0.087 -0.020 -0.078  0.253  0.004  0.000  0.074  0.000
I        0.085 -0.893  0.050 -0.135 -0.432 -0.241 -0.007 -0.533  0.137 -0.086 -0.907  0.426 -0.034  0.455 -0.049  0.196  0.411 -0.209  0.000 -1.104  0.000
K       -0.105  0.000  0.071  0.144 -0.721 -0.278 -0.206  0.299 -0.031  0.136  0.777  0.284 -0.345  0.113  0.191 -0.071  0.256  0.116 -0.133 -0.116  0.000
L        0.097  0.000  0.150  0.293 -0.160 -0.117  0.003 -0.242  0.310  0.169  0.205  0.149  0.188 -0.041  0.304  0.042 -0.044  0.165  0.000  0.332  0.000
M        0.216  0.000  0.325  0.013 -0.011  0.129 -0.931  0.248  0.127  0.179 -0.358  0.026 -0.288  0.177 -0.164  0.012 -0.127  0.318  0.000  0.199  0.000
N       -0.209  0.000  0.015  0.302  0.100 -0.447  0.559  0.125 -0.020  0.158 -0.010 -0.025 -0.026  0.428  0.027 -0.166  0.324  0.109  0.000  0.518  0.000
P       -0.049  0.000 -0.041  0.093  0.006  0.208 -0.308  0.007 -0.108  0.222  0.427 -0.063 -0.046 -0.142 -0.368 -0.361  0.214  0.076  0.000 -0.156  0.000
Q       -0.359  0.000  0.270 -0.157  1.229 -0.312 -0.661 -0.508  0.212  0.271  0.336  0.485  0.183  0.050  0.295 -0.130  0.365  0.035  0.000  0.256  0.000
R       -0.069  0.000 -0.182 -0.014  0.346 -0.295 -0.125  0.214  0.173 -0.093 -0.502 -0.308  0.011  0.432  0.167 -0.017  0.056  0.053  0.238  0.784  0.000
S       -0.049  0.192  0.104  0.231 -0.115  0.134  0.397  0.346  0.196  0.141  0.305  0.323  0.420  0.141  0.077  0.057  0.243 -0.027 -0.197  0.031  0.000
T       -0.062 -0.085 -0.007 -0.124  0.604 -0.334  0.660 -0.481  0.159 -0.398  0.678 -0.207 -0.354  0.005 -0.106 -0.111 -0.348 -0.169  0.000 -0.592  0.000
V       -0.246  0.836 -0.144 -0.105 -0.334 -0.279 -0.050  0.048  0.197 -0.220 -0.118 -0.089 -0.008 -0.061  0.838  0.033 -0.100 -0.057  0.000 -0.332  0.000
W        0.417  0.000  0.067  0.068  0.000 -1.124  0.000  0.000 -0.340  0.000  0.000  0.000 -0.580  0.000  0.000  0.062  0.000 -0.541  0.000  0.000  0.000
Y       -0.038  0.000  0.265 -0.060 -0.910 -0.172 -0.138  0.419  0.647  0.744  0.059 -1.058 -0.197  0.172  0.552  0.140  0.000  0.014  0.028  0.424  0.000
X        0.000  0.000  0.000  0.000  0.000  0.000  0.000  0.000  0.000  0.000  0.000  0.000  0.000  0.000  0.000  0.000  0.000  0.859  0.000 -0.019  0.000
