i-1/i     A      C      D      E      F      G      H      I      K      L      M      N      P      Q      R      S      T      V      W      Y      X
A        0.153 -0.138  0.048  0.004 -0.181 -0.001 -0.311  0.104  0.253 -0.133  0.044 -0.135 -0.112 -0.075 -0.111 -0.176 -0.244 -0.203 -0.635  0.108  0.000
C        0.000  0.000 -0.036  0.329 -1.006 -0.347  0.000  0.000 -0.518  0.659  0.000 -0.745 -0.343 -0.036  0.000 -0.908 -0.327 -0.880  0.000 -0.718  0.000
D       -0.394  0.301 -0.223 -0.246 -0.576  0.087 -0.034 -0.106  0.090 -0.331  0.032 -0.164 -0.432  0.001  0.002 -0.110  0.185 -0.249 -0.014  0.297 -0.420
E        0.361  0.000  0.044  0.134  0.347  0.152 -0.751  0.253  0.318  0.313  0.512  0.066 -0.093 -0.160  0.238  0.062  0.267  0.093  0.115  0.282  0.000
F       -0.500  0.000  0.198 -0.268 -1.320 -0.151 -0.796 -0.725 -0.039 -0.179  0.000 -0.860 -0.402 -0.318 -0.521 -0.390 -0.324 -0.468 -1.695 -0.415  0.000
G        0.586  0.017  0.548  0.615  1.072  0.773  0.624  0.540  0.812  0.937  0.930  0.584  0.489  0.783  0.879  0.121  0.553  1.073  1.109  0.765  0.000
H        0.227  0.000 -0.148  0.006 -0.327 -0.216 -0.248 -0.311 -0.047 -0.033  0.000 -0.054 -0.620 -0.308 -0.368 -0.517 -0.261  0.087  0.000  0.000  0.000
I        0.082  0.000 -0.302 -0.026 -0.144  0.165 -0.364  0.484  0.007  0.303 -0.376  0.180 -0.108 -0.006 -0.064  0.063  0.001  0.104 -1.774 -0.545  0.000
K        0.412  0.000  0.219 -0.076 -0.138  0.033  0.112 -0.087  0.272 -0.109  0.224 -0.020 -0.195  0.425  0.363 -0.070  0.218  0.056  0.367  0.137 -1.181
L       -0.116  0.490  0.006 -0.098 -0.213  0.359 -0.034  0.365 -0.249  0.098 -0.102 -0.239  0.027 -0.112 -0.060 -0.186 -0.091  0.331  1.223  0.457  0.000
M        0.244  0.000 -0.015 -0.630 -1.062  0.339  0.307  0.601 -0.152 -0.332  0.000  0.275 -0.152  0.008  0.522  0.315  0.237 -0.302  0.000  0.000  0.000
N        0.125 -0.533  0.043 -0.113  0.048 -0.237 -0.880 -0.185 -0.290  0.032 -0.716  0.341 -0.603 -0.334  0.075 -0.172 -0.424 -0.254 -0.261 -0.592  0.000
P       -1.093 -0.203 -0.918 -0.854 -1.320 -1.124 -0.147 -0.981 -1.102 -1.218 -1.130 -1.213  0.000 -0.974 -1.043 -0.908 -1.029 -1.088  0.000 -1.136  0.000
Q        0.355  0.000 -0.224  0.338  0.329  0.467  0.146 -0.171  0.196 -0.012  0.228  0.263  0.013  0.049  0.260  0.182  0.227 -0.104 -1.553 -0.471  0.000
R        0.228 -0.239  0.005  0.276  0.425  0.410  0.452 -0.187  0.211  0.152 -0.223  0.065  0.042  0.157  0.032 -0.340  0.244  0.069  0.592  0.494  0.000
S        0.241 -0.920  0.206  0.376  0.361  0.349  0.059  0.250  0.358  0.237 -0.008  0.290  0.506  0.192  0.168  0.199  0.062  0.230  0.706  0.103  0.637
T        0.389 -0.323  0.248  0.392  0.686  0.318  0.053  0.360  0.547  0.565  0.384  0.528  0.230  0.418  0.261  0.196  0.126  0.540  1.021  0.353  0.000
V        0.172  0.002  0.154  0.038 -0.101  0.135 -0.872  0.118 -0.072 -0.351 -0.016 -0.033  0.024  0.281  0.158 -0.050  0.010  0.074 -0.563 -0.135  0.000
W        0.000  0.000  0.446  0.151  0.000  0.000  0.000  0.000 -0.153 -0.054  1.130 -0.430 -0.358 -0.869 -0.150 -0.354 -0.541 -0.061  0.000 -0.195  0.000
Y       -0.845  0.000 -0.186 -0.286 -0.924 -0.444  0.068  0.378 -0.239  0.062 -1.130 -0.223 -0.516 -0.294 -0.116 -0.378 -0.588 -0.443  0.000 -1.136  0.000
X        0.000  0.000 -0.666  0.000  0.000  0.000  0.000  0.000  0.758  0.000  0.000  0.000  0.000  0.000  0.000 -0.435  0.084 -0.729  0.000  0.000  0.000
