i-1/i     A      C      D      E      F      G      H      I      K      L      M      N      P      Q      R      S      T      V      W      Y      X
A       -0.134 -0.200 -1.094 -0.237  0.095 -0.348 -0.279 -0.877  0.522 -0.676 -0.754 -1.354  2.988  0.443  0.390 -0.610 -0.070  0.028  0.094  0.617  0.000
C        0.000  0.000 -0.130  0.778  0.497 -0.127 -1.402 -0.891 -0.546  1.768  0.000  0.000  0.000 -0.958 -1.147 -0.610  0.418  2.202  0.000  1.278  0.000
D        0.194  0.190 -0.238 -0.557 -1.136 -0.084 -0.584 -1.070 -0.374  0.414  0.556  0.114  0.000  0.395 -0.779 -0.314 -0.598 -0.392 -0.534 -0.443 -1.300
E       -0.127  1.412 -0.317 -0.084 -0.317  0.062  2.371  0.541  0.114  0.073  0.286 -0.140  0.000 -0.782 -0.576  0.057 -0.239 -0.191 -0.210 -0.674  0.000
F       -1.018  0.000 -0.276 -0.473 -0.905 -1.203  0.235 -1.496 -0.333 -1.022 -0.564  0.095  0.000  0.560 -1.520  0.207  1.042 -0.593 -2.002 -1.237  0.000
G       -0.095  1.316  0.143  0.672  0.950  0.305 -0.845 -0.088 -0.161 -0.821 -0.628  0.559  0.000  1.133  0.229  0.345 -0.848  0.264  0.351 -1.511  0.000
H       -0.103  0.000 -0.328 -0.929 -1.551  0.039 -0.122  0.958 -1.544  0.711 -0.651  2.069  0.000  0.259 -1.670 -0.010  0.399 -0.772  0.000  0.000  0.000
I       -0.085 -2.587  0.184  0.473 -1.697 -0.600  0.148  0.137  0.088 -0.157  0.775  1.146  0.000  0.296 -0.254  0.302  0.266  0.680  0.024 -0.256  0.000
K       -0.787  0.000  0.151 -0.625  0.444  0.476 -1.123  0.529 -0.174 -0.343 -0.800  0.500  0.000 -0.096  0.022  0.062  0.192  0.135 -1.364  1.491 -1.304
L       -0.522 -2.922 -0.284  0.154 -0.776  0.123 -0.090 -0.442  0.133 -0.889 -0.679 -0.429  0.000 -0.602  0.448 -0.070 -0.048  0.943  1.045 -0.710  0.000
M        0.206  0.000  0.007  0.072  1.595 -0.539  0.137 -0.055 -1.998 -0.059  0.000  0.796  0.000 -0.503 -1.386 -0.400  1.005  0.669  0.000  0.000  0.000
N        0.084 -1.792 -0.551 -1.054  0.067  0.159 -1.273  0.207  0.639 -0.688 -0.886  0.447  0.000 -1.553  0.244 -0.085 -0.514 -0.474  0.317 -0.801  0.000
P        0.961  2.711  1.096  0.943  0.740  0.458  0.236  1.830  0.890  0.981  1.274 -0.880  4.536  1.035  1.268  0.830  1.437  0.881  1.344 -0.892  1.842
Q        0.001  0.000 -0.723  0.299 -0.420  0.163  0.538  0.039 -0.268  0.741 -0.374 -0.788  0.000  0.104  0.194 -0.265  0.062  0.431 -0.163  0.057 -0.679
R       -0.052 -0.444  0.812 -0.207  0.140 -0.285  0.042 -0.696  0.283 -0.116  0.734 -0.284  0.000 -0.275  0.202 -0.560 -1.276  0.687  0.610 -0.465  0.000
S       -0.077  1.083  0.340  0.262 -0.697  0.514  0.117 -0.313 -0.148 -0.364  0.086  0.420 -0.294 -0.158  0.219 -0.195 -0.433 -0.884 -1.710 -0.740  0.903
T        0.467 -1.165  0.286 -0.384  0.488 -0.247  1.238  0.620 -0.469  0.477  0.519 -0.550  0.000 -0.640 -0.150 -0.099 -0.411  0.462  1.433  0.262  0.000
V       -0.064  0.596  0.065 -0.012 -0.567 -0.455  0.052  0.609  0.264 -0.170  0.615  0.671  0.000 -0.494 -0.209 -0.268  0.086 -0.418  1.818  0.301  0.000
W        0.000  0.000  1.427 -0.191 -2.637 -1.227  0.000 -3.185  0.006  1.063 -2.491 -0.413  0.000  1.128 -0.072 -0.918 -0.075  2.043  0.000  0.000  0.000
Y       -0.207  0.000 -0.456  0.064 -1.854 -0.606  0.383 -0.861 -0.001 -2.597  1.063 -0.025  0.000  0.908 -0.620  0.615  0.691  0.991  0.000  0.843  0.000
X        0.000  0.000 -0.099  0.000  0.000  0.000  0.000  0.000 -1.263  0.000  0.000  0.000  0.000  0.000  0.151 -2.047  0.000  1.218  0.000  0.000  0.000
