i-1/i     A      C      D      E      F      G      H      I      K      L      M      N      P      Q      R      S      T      V      W      Y      X
A       -1.648  0.000 -1.931 -1.702 -1.302 -1.726 -2.017 -2.415 -2.148 -1.489 -1.322 -1.806  0.000 -1.341 -2.039 -1.920 -1.007 -2.065  0.000 -1.699  0.000
C        2.264  0.000  2.667  0.000  0.000  0.395  0.000  0.000 -2.845  0.863  0.000  0.000  0.000  0.000  2.705  1.446  1.828  2.208  0.000  0.000  0.000
D       -0.902  0.292 -0.801 -0.647 -0.800 -0.736 -2.177 -1.288 -1.264 -0.462  0.191 -0.923  0.000 -1.515 -1.596 -0.589 -0.454 -1.782 -0.181 -0.581 -1.920
E        0.143 -0.762 -0.221  0.330 -0.559 -0.191 -0.968  0.769 -0.030 -0.017  0.823 -0.463  0.000  0.135  0.313  0.237  0.364  0.908  1.384 -0.248  0.000
F        0.514  0.791  1.580  0.648  0.649 -0.260  1.611 -0.355  1.006  0.071  2.491  0.205  0.000  1.091  1.240  0.194  0.558  1.130  0.000  1.618  0.000
G       -1.561 -2.363 -0.873 -1.493 -1.888 -1.078 -1.640 -1.819 -2.578 -2.217 -1.535 -0.862  0.000 -2.079 -2.082 -1.347 -1.757 -1.509 -1.765 -0.953  0.000
H        0.651 -3.498 -1.248  0.102  2.503 -0.743  0.685  0.486 -0.287 -0.375  0.410 -0.606  0.000  0.750  0.995 -0.355 -0.047  0.721  0.000  2.116  0.000
I        2.376  0.000  2.667  2.331  2.383  2.105  2.120  3.185  2.845  2.823  2.491  2.734  0.000  2.660  2.705  2.191  2.823  3.237  0.533  3.502  0.000
K        0.373 -1.461 -0.754  0.338 -0.918 -0.233 -1.738 -0.001  0.440  0.623 -0.638  0.655  0.000  0.612  0.162  0.045 -0.498  0.138  0.080 -1.035  1.475
L       -0.230  2.437 -0.686 -0.362 -0.139 -1.003 -0.405 -0.817  0.168 -0.521 -0.232 -0.770  0.000 -0.523  0.193 -0.350 -1.128  0.040 -0.440 -2.779  0.000
M        0.327  1.744  0.317  0.440 -0.855 -0.024  0.891  0.939 -0.448 -0.262 -0.670  0.058  0.000  0.246 -0.314 -0.105  0.592  1.056  3.559 -0.419  0.000
N       -1.450  1.446 -0.723 -0.711 -0.171 -0.334 -0.357 -1.037 -1.103 -1.539 -0.299 -1.323  0.000 -0.871 -1.464 -0.704 -1.724 -0.831 -1.488 -0.693  0.000
P       -0.665 -1.820 -1.817 -1.189 -1.313 -0.599 -2.049 -0.791 -1.233 -0.265 -0.731 -1.244  2.411 -0.342 -1.009 -0.424 -1.382 -0.415 -1.748 -2.066  0.000
Q        0.454  2.012 -0.401  0.596 -0.068 -0.284 -1.613  0.996  0.458 -0.147 -0.037 -1.784  0.000  0.344 -0.206 -0.366 -0.778  0.072  0.264 -0.927  0.987
R        0.163  2.902 -0.089 -0.479  0.010 -0.490  0.074  0.506 -0.462  0.311 -0.091  0.371  0.000  0.596 -0.060  0.042  0.745 -0.724  1.426 -0.176  1.243
S        0.638  0.000  0.619  0.413 -0.388  0.833 -0.073 -0.813  0.264  0.617  0.662  0.642  0.000  0.539  1.431  0.790  0.789  0.681 -0.321  1.879 -2.155
T        1.498  1.128  0.655  1.103  0.460  1.194  1.541  1.975  1.571  1.576  2.044  1.357  5.459  0.895  1.054  1.489  0.481  1.069  0.953  2.011  0.246
V        2.376  1.668  2.624  2.331  3.130  2.105  2.895  3.185  2.845  2.823  2.491  2.543  0.000  2.660  2.705  2.191  2.710  3.237  0.259  3.502  0.000
W        1.538  0.000  0.906 -2.331  1.226  0.414  0.000  2.596 -0.068  1.185  0.000 -0.044  0.000 -1.104  0.036  0.510  0.078 -0.271  0.000  1.166  0.000
Y        0.237  0.000 -0.120  1.254  2.085 -0.311  0.661  3.185  2.579 -0.670  0.040  0.806  0.000 -1.944  1.838  0.477 -0.119  0.372  3.559 -3.502  0.000
X        0.000  0.000  2.667 -1.420  0.000  0.000  0.000  0.000  1.274  0.000  0.000  0.000  0.000  0.000  0.000 -0.796  0.570  0.000  0.000  0.000  0.000
