i-1/i     A      C      D      E      F      G      H      I      K      L      M      N      P      Q      R      S      T      V      W      Y      X
A        0.041  0.272 -0.091  0.089 -0.095  0.416  0.483  0.109  0.241  0.000  0.920 -0.047  0.319 -0.060 -0.072  0.139 -0.159  0.372  0.958 -0.369 -0.577
C       -0.177  0.377 -0.144  0.182 -0.639 -0.012  0.682  0.435 -0.210  0.087 -0.354  0.721  0.820 -0.243 -0.262 -0.023 -1.192  0.182  0.000 -0.047  0.000
D        0.121  0.000  0.070  0.278 -0.111 -0.212 -1.107  0.255 -0.326  0.235  0.706  0.391  0.351 -0.219 -0.347  0.517  0.231 -0.153 -0.333 -0.060  0.000
E        0.131 -0.338 -0.122  0.059 -0.123  0.093 -0.434  0.308  0.035  0.583 -0.218  0.091  0.350  0.150  0.060  0.025 -0.037  0.485 -0.085 -0.149 -0.410
F        0.245 -0.420 -0.270  0.123  0.290 -0.248  0.053 -0.178 -0.058  0.104  0.532 -0.211  0.215  0.261  0.036  0.004 -0.430  0.126  0.120 -0.401 -0.336
G       -0.200 -0.619 -0.042  0.259  0.033  0.111 -0.486  0.016  0.095  0.537  0.377  0.170  0.601  0.169 -0.371  0.381 -0.708  0.507  0.224 -0.027  1.056
H        0.287  0.000 -0.167  0.023 -0.128 -0.048  0.388  0.707  0.022  0.124  0.000  0.837  0.580 -0.059  0.123  0.112  0.616  0.261  0.394  0.814  0.000
I        0.363  0.248  0.201  0.339  0.306  0.086  0.051  0.166  0.527 -0.045 -0.036 -0.026  0.455  0.171  0.443  0.348 -0.259  0.067 -0.525  0.044 -0.661
K        0.157  0.586 -0.044  0.033  0.169 -0.199 -1.002  0.245 -0.056  0.423  0.476 -0.185  0.451 -0.128 -0.232  0.069  0.155  0.159  0.476  0.209  0.168
L        0.208 -0.492  0.010  0.227  0.121  0.178  0.802 -0.056  0.233 -0.070  0.127  0.247  0.864  0.104  0.083  0.105 -0.444 -0.126 -0.114  0.004  0.296
M       -0.447 -0.385 -0.067  0.128  0.415 -0.140  0.000 -0.266  0.215 -0.188 -0.090  0.241 -0.749  0.000  0.682  0.517  0.079  0.197  0.224 -0.555  0.000
N        0.287  1.053  0.301  0.052 -0.266 -0.373 -1.223  0.196 -0.090  0.536 -0.171  0.457  0.588  0.053  0.047 -0.232  0.393  0.580  0.929  0.104  0.037
P       -0.239 -0.172  1.116 -0.194 -0.077  0.359 -0.374 -0.921 -0.040 -0.298 -0.094  0.242  0.799  0.607 -0.216 -0.198  0.246  0.327  0.411  0.287  0.000
Q        0.191  0.130  0.075 -0.153 -0.021 -0.212  0.129  0.156  0.107  0.391  0.404  0.249  0.026  0.182  0.395 -0.273 -0.351 -0.097  0.474  0.373  0.495
R        0.170  0.397 -0.101 -0.093  0.135 -0.054  0.231  0.048  0.333  0.413  0.055 -0.028  0.727 -0.064  0.191  0.075 -0.175  0.337  0.522  0.174  0.195
S        0.375  0.194 -0.106 -0.112  0.383 -0.389 -0.372  0.088  0.278  0.299 -0.126  0.079  0.535  0.038  0.072  0.140  0.090  0.307 -0.207  0.079  0.074
T        0.424 -0.034 -0.125 -0.139  0.322 -0.019  0.027  0.287 -0.091  0.168 -0.004  0.194 -0.231  0.257 -0.247 -0.042 -0.115  0.458  0.523  0.379 -0.807
V        0.150  0.355  0.212  0.392  0.292 -0.081 -0.073  0.111  0.192 -0.096  0.377 -0.003  0.321  0.354  0.305  0.096 -0.178  0.002  0.113  0.067  0.440
W        0.389  0.000  0.471  0.475  0.084  0.503  0.000 -0.109  0.248  0.481  0.810  0.944  0.015 -0.220  0.636 -0.022 -0.096  0.071  0.019  0.510  0.000
Y        0.094  0.918  0.039  0.484  0.055  0.257  0.058  0.259  0.576  0.008 -0.281 -0.271  0.115  0.132  0.322 -0.220 -0.524  0.356  0.814  0.298 -0.866
X        0.265  0.000  0.382  0.000 -0.281  0.000  0.000  0.783 -0.663  0.224  0.000  0.000  0.000  0.000  0.362  0.343  0.440  0.000  0.000  0.569 -0.478
