i-1/i     A      C      D      E      F      G      H      I      K      L      M      N      P      Q      R      S      T      V      W      Y      X
A        0.172  0.411  0.486  0.217  0.091  0.189  0.652  0.107  0.223  0.306  0.215 -0.327  0.567  0.544  0.281  0.296 -0.219  0.330  0.101  0.058 -0.769
C        0.121  0.355  0.000  0.620  0.259  0.117  0.229  0.021  0.810  0.385  1.005  0.294  0.000  0.524  0.313  0.302  1.156 -0.096  0.194  0.069  0.000
D        0.235 -0.009  0.442 -0.368  0.445 -0.172 -0.566  0.778 -0.226  0.535  0.171  0.276  0.000  0.063  0.000  0.161 -0.324  0.731 -0.513 -0.429  1.444
E        0.113 -0.117  0.625  0.152  0.108 -0.285  0.079  0.532  0.180  0.654 -0.332  0.361 -0.228  0.103  0.049  0.181 -0.062  0.944  0.561  0.248  0.000
F        0.078 -0.099  0.281  0.215  0.160  0.252  0.741 -0.107  0.015  0.148  0.415  0.273  0.208  0.277  0.108  0.573  0.202  0.102  0.324 -0.183 -0.991
G        0.439  0.485  0.973  0.562  0.540 -0.032  0.681  0.344 -0.048  0.367  0.386  0.242  0.652  0.003  0.266  0.452  0.054  0.568 -0.438  0.598  0.000
H        0.348  0.716  0.685 -0.078  0.766 -0.327 -0.062  0.146 -0.412  0.650  0.038  0.451 -0.062  0.232 -0.259  0.209  0.078  0.567  0.298 -0.411  0.000
I        0.009  0.087  0.000  0.345  0.077  0.232 -0.248 -0.007  0.052  0.204 -0.139  0.155  0.255  0.213  0.262  0.720  0.618 -0.126 -0.188 -0.004 -0.111
K        0.290 -0.332  0.032  0.420  0.259 -0.365 -0.369  0.699  0.231  0.201  0.689  0.194  0.364  0.063  0.400  0.379  0.402  0.506  0.332 -0.085  0.767
L        0.216 -0.328  0.612  0.272  0.015  0.120  0.322  0.156  0.056 -0.054  0.024  0.342  0.325  0.043  0.153  0.498  0.759 -0.048  0.722  0.044  0.125
M       -0.150  1.017  0.150  0.678  0.523 -0.284  0.681 -0.171  0.587  0.155  0.218  0.906  0.335 -0.385  0.328  0.425 -0.088  0.501  0.323  0.257  0.000
N        0.242  0.094  0.227 -0.043  0.269 -0.630  0.722  0.407 -0.076 -0.043 -0.358  0.444 -0.041  0.266  0.222  0.391 -0.204  0.569  1.293  0.241  0.417
P       -0.137 -0.492  0.330  0.206  0.299  0.153 -0.053  0.079 -0.100  0.046 -0.756 -1.161  0.650  0.693  0.329  0.436  0.304  0.009  0.700 -0.603  0.133
Q        0.619  0.063  0.228  0.191  0.332  0.024  0.130  0.179  0.109  0.551  0.000  0.717  0.620  0.050 -0.052  0.022  0.106  0.656  0.585  0.181  0.000
R        0.245 -0.030  0.249  0.194  0.101 -0.195  0.291  0.142  0.315  0.367  0.287  0.220  0.364  0.383  0.320  0.041  0.244  0.641  0.845  0.127  0.035
S        0.590  0.300  0.646  0.490  0.101 -0.019 -0.281  0.683  0.365  0.146  0.832  0.778  0.127  0.105  0.085  0.228  0.086  0.762  0.717  0.319  0.168
T        0.164 -0.129 -0.039  0.179 -0.070 -0.321 -0.646  0.400  0.150  0.386 -0.270  0.234  0.288  0.331  0.323 -0.175  0.081  0.579 -0.081 -0.259  0.573
V        0.063 -0.198  1.010  0.219 -0.076  0.169  0.403 -0.062  0.132  0.119  0.224  0.306  0.733  0.266  0.085  0.556  0.389 -0.123 -0.331  0.296 -0.396
W        0.386  0.000  0.273 -0.277  0.799 -0.032 -0.347 -0.418  0.327  0.572 -1.010 -0.442 -0.049 -0.188  0.183  0.870  0.305  0.165 -0.804  0.666  0.000
Y        0.169 -0.201  0.675  0.079 -0.196 -0.139  0.250  0.247  0.269  0.238  0.372 -0.037  0.489 -0.049  0.356  0.357  0.757  0.111  0.356  0.067  0.261
X        0.243  0.000  0.000 -0.287 -0.020  0.014  0.000  0.153  0.058  0.033  0.000 -0.864  0.000 -0.006  0.000  0.309  0.661  0.000  0.000  0.056  0.128
