i-1/i     A      C      D      E      F      G      H      I      K      L      M      N      P      Q      R      S      T      V      W      Y      X
A        0.491 -0.902  0.406 -0.680  0.001  0.000  0.999 -0.328 -0.142 -0.476 -0.285 -0.152  0.453 -0.574  0.117 -0.436  0.103 -0.310 -0.058  0.146  1.192
C       -0.884 -0.092  0.000 -0.331  0.074  0.000 -1.384  0.317  0.308 -0.295  0.897 -0.435 -0.051 -0.642 -0.644 -0.183 -0.934 -0.013 -0.743 -0.301  0.000
D       -0.563 -0.444  0.542 -0.331 -0.415  0.000 -0.012 -0.919  0.137 -0.873  0.423  0.134 -0.517 -0.855 -0.135  0.187  0.146 -0.555 -0.336 -0.915 -1.055
E       -0.797 -0.786  0.080 -0.473 -0.542  0.000 -0.825 -0.833 -0.735 -0.859 -1.039 -0.448 -0.080 -0.274 -0.029 -0.109 -0.133 -0.852 -0.426 -0.200  0.000
F       -0.030 -0.333  0.298 -0.512 -0.014  0.000  0.033  0.308 -0.190  0.437  0.516  0.889  0.042 -0.577 -0.199 -0.349  0.045  0.027  0.893  0.040 -0.810
G       -0.032 -1.278 -1.382 -0.737 -0.818  0.000 -0.885 -0.293 -0.740 -0.108 -0.824  0.644 -0.146 -0.190 -0.643  0.031 -0.187 -0.312  0.166 -0.266  0.000
H        0.227 -0.939 -1.233 -0.044 -0.416  0.000 -0.985 -0.198 -0.538 -0.705 -0.017  0.000 -0.203 -0.343  0.201 -0.434  0.011 -0.403 -0.566 -1.262  0.000
I        0.182 -0.319 -0.815 -0.628  0.296  0.000  0.070  0.328 -0.285  0.050 -0.150  0.420  0.417 -0.369 -0.306 -0.001  0.177  0.301  0.748  0.246 -1.331
K       -0.585 -0.325  0.076 -0.422 -0.288  0.000 -0.238 -0.948 -0.542 -0.579  0.579 -0.556 -0.397 -0.079 -0.327 -0.386 -0.100 -0.439  0.083 -0.130  0.000
L       -0.061  0.258 -0.764 -0.101  0.075  0.000  0.096  0.145 -0.297  0.221 -0.383 -0.270 -0.354 -0.158 -0.166 -0.299 -0.047  0.291  0.221  0.436 -0.712
M       -1.460  0.611 -0.340 -0.449 -0.783  0.000 -1.329 -0.114 -1.007  0.016  0.000  0.000  0.301 -0.560 -1.167  0.723 -0.426 -0.093  0.728 -0.175  0.000
N       -0.431  1.675  0.148 -0.068 -0.303  0.000  0.059 -0.494 -0.392 -0.629 -2.236  0.896 -0.456 -0.543 -0.066  0.089  0.180 -0.663 -0.547 -0.484  2.004
P       -1.285 -0.424 -0.697 -1.399  0.158  0.000 -0.403  0.087 -0.405 -0.528 -0.073 -1.727  0.718 -0.285 -0.384 -0.476 -0.265 -0.356 -0.849 -0.617 -1.738
Q       -1.047 -1.415 -1.172 -0.018 -0.079  0.000 -0.477 -0.556 -0.412 -0.886  0.000 -0.608  0.399  0.135 -0.745 -0.170  0.094 -0.506 -0.347 -0.226 -1.542
R       -0.424  0.185  0.367  0.239  0.272  0.000 -0.019 -0.682 -0.335 -0.104  0.036 -0.605  0.206 -0.539 -0.462 -0.206 -0.190 -0.768 -1.064 -0.188  0.511
S       -0.240 -0.485 -0.270 -0.549  0.046  0.000 -0.073 -0.514 -0.616 -0.158 -0.165  0.554 -0.418 -0.343 -0.596 -0.570  0.159 -0.696 -1.324 -0.552  2.652
T       -1.001 -0.919 -0.558 -0.266  0.158  0.000 -0.416 -0.424 -0.353 -0.231 -0.527  0.106 -0.049 -0.429 -0.666 -0.057 -0.082 -0.350 -0.516 -0.293  2.004
V        0.041  0.217 -0.595 -0.502  0.135  0.000 -0.129  0.282 -0.607 -0.070  0.410 -0.056  0.290 -0.489 -0.318  0.017 -0.134  0.360  0.302  0.279 -3.701
W       -0.603 -0.736 -1.724  0.288 -0.008  0.000  1.065  0.544  0.431 -0.578 -1.073  0.545 -0.273 -0.402 -0.231 -0.431  0.006  0.072  1.106  0.365  0.000
Y        0.065 -1.124  0.182 -0.262  0.189  0.000  0.873  0.176 -0.204  0.329  0.669  0.690  0.262  0.100 -0.059  0.129  0.050 -0.064 -0.081 -0.094  0.237
X        0.782  0.000  0.000  0.140 -0.120  0.000  0.000  0.381 -1.117  0.931  0.000  0.000  0.000  0.502  1.208 -0.170  0.525  0.849  0.000  0.537  2.188
