i-1/i     A      C      D      E      F      G      H      I      K      L      M      N      P      Q      R      S      T      V      W      Y      X
A        0.166 -1.267 -0.166  0.218 -0.851 -0.148 -0.525 -0.062  0.028 -0.082 -0.263  0.171 -0.093 -0.371 -0.146  0.017 -0.058 -0.231 -0.861 -1.381 -0.535
C       -0.044  0.000  0.000 -0.901  0.000 -0.352  0.000 -0.919 -1.043  0.596  0.000  0.000  0.654 -0.421 -0.336 -0.254 -0.491 -0.200  0.000 -0.190  0.000
D       -0.183  0.000  0.068  0.262  0.103 -0.162  0.041  0.515 -0.109  0.019  0.528 -0.085  0.161 -0.221  0.331  0.670  0.331  0.071  0.422  0.132  0.000
E        0.209  0.641  0.295  0.102 -0.393 -0.003  0.154 -0.211 -0.104 -0.101 -0.136 -0.221  0.004  0.163 -0.042 -0.039 -0.045  0.274  0.503 -0.033 -0.079
F        0.023 -1.054 -0.112  0.187 -0.810 -0.276  0.000 -0.149 -0.028 -0.260 -1.074  0.156 -0.258  0.379  0.211 -0.325 -0.570 -0.600 -0.001  0.539  0.000
G        0.029  1.075 -0.117 -0.006 -0.171 -0.122 -0.120  0.112  0.056  0.006 -0.038 -0.384  0.020 -0.097  0.055  0.061  0.148 -0.098  0.519 -0.091  0.187
H       -0.289  0.000 -0.195 -0.336  0.402 -0.071  0.304  0.008  0.064  0.051 -0.262 -0.150  0.102  0.076  0.041  0.016 -0.041 -0.610  0.000 -0.661  0.000
I       -0.153  0.317 -0.166  0.104  1.036 -0.117  0.121 -0.651  0.103 -0.306 -0.301 -0.017  0.052 -0.186 -0.091 -0.423  0.057  0.050 -0.212 -0.023  0.000
K        0.020  0.000 -0.096 -0.061  0.064 -0.207 -0.021  0.355  0.066  0.291  0.192  0.123  0.085  0.132  0.201  0.083  0.066  0.293 -0.076 -0.453  0.000
L       -0.266 -0.952  0.067  0.020  0.080 -0.134 -0.058 -0.431  0.108 -0.341  0.359  0.348  0.061  0.052 -0.256 -0.220 -0.757 -0.264 -0.752 -0.284  0.000
M       -0.019  0.000  0.086 -0.006  0.338 -0.053 -0.529 -0.352 -0.228 -0.224 -0.309 -0.033 -0.091  0.340 -0.498 -0.112  0.386 -0.275  0.000  0.236  1.904
N       -0.246  0.000 -0.090  0.071 -0.355 -0.077 -0.285  0.138 -0.145  0.102  0.281 -0.033  0.011 -0.358  0.348  0.011 -0.002  0.038 -0.098  0.408  0.000
P       -0.262  0.712  0.035 -0.132 -0.033 -0.172 -0.602 -0.657 -0.514  0.112 -0.747 -0.186 -0.102 -0.553  0.011  0.015 -0.031 -0.034  0.000  0.133  1.119
Q       -0.005  0.000 -0.010  0.190 -0.540 -0.116 -0.044  0.192 -0.368 -0.459  0.467 -0.223 -0.016  0.162 -0.240 -0.045  0.260  0.281 -0.767  0.497  0.000
R        0.212  0.000 -0.046 -0.167 -0.414 -0.128 -0.071 -0.176 -0.049  0.264  0.001  0.173  0.067  0.260  0.088  0.019 -0.320  0.304 -0.280 -0.269 -1.063
S        0.007 -0.770  0.245 -0.047 -0.003  0.255  0.110 -0.339 -0.040  0.064 -0.175 -0.023  0.109  0.139  0.197 -0.012  0.139  0.251  0.185  0.762 -0.733
T        0.194  0.699 -0.143 -0.187 -0.145 -0.216 -0.181 -0.232  0.215 -0.426 -0.221 -0.143 -0.047 -0.377 -0.451 -0.131  0.177 -0.542 -0.516 -0.793  0.832
V       -0.246  0.000 -0.137 -0.261 -1.311 -0.033  0.204 -0.449 -0.137 -0.642  0.040  0.169 -0.210 -0.114 -0.120  0.047 -0.005  0.211 -0.327 -0.400  0.000
W        0.221  0.000 -0.023 -0.732  0.000 -0.722  0.000 -0.987 -0.502 -0.122  0.000  0.000 -0.669 -0.367  0.792  0.121  0.000 -1.128  0.000  0.000  0.000
Y        0.417  0.000 -0.033  0.052  0.373 -0.110 -0.239 -0.316 -0.008 -0.237  0.000 -0.935 -0.045  0.302 -0.260 -0.531  0.202  0.537  0.000 -0.337  0.000
X        0.000  0.000  0.288 -0.306  0.672  0.099  0.000  0.084  0.000  0.154  0.000  0.000  0.599  0.352  0.000 -0.131  0.000 -0.300  0.000  0.000 -1.693
