i-1/i     A      C      D      E      F      G      H      I      K      L      M      N      P      Q      R      S      T      V      W      Y      X
A       -0.130 -0.109  0.240  0.055  0.350 -0.096 -0.231  0.386 -0.142  0.047 -0.057  0.153 -0.021 -0.095 -0.035  0.108  0.013  0.231  0.483  0.444  0.000
C       -0.179  0.000  0.000  0.063  0.094 -0.381  0.000 -0.062  0.000  0.166  0.000  0.000  0.198  0.000  0.000  0.299  0.009  0.000  0.000  0.000  0.000
D       -0.146  0.000  0.137  0.216  0.207  0.278  0.219  0.367  0.235  0.188  0.107 -0.065  0.118  0.056  0.033  0.075  0.056  0.703  0.557  0.196  1.653
E        0.085 -0.190  0.010  0.062 -0.023  0.028  0.205  0.333  0.312  0.109  0.149  0.173 -0.180  0.022  0.183 -0.095  0.019  0.055  0.233 -0.206 -0.157
F        0.145  0.000 -0.060 -0.128 -0.377 -0.060  0.026 -0.839 -0.023  0.138  0.321 -0.304  0.114  0.215  0.646  0.163  0.148  0.198  0.000  0.615 -1.565
G        0.199 -0.231 -0.400  0.026 -0.139 -0.043 -0.267  0.165  0.156  0.223 -0.212 -0.055  0.074  0.124  0.078 -0.043  0.164  0.276 -0.438  0.191 -0.054
H       -0.157  0.000 -0.084  0.072 -0.773 -0.027  0.229  0.039 -0.580  0.314 -0.460 -0.007  0.120  0.332 -0.461  0.038 -0.053  0.535  0.272  0.021  0.000
I       -0.486  1.222  0.026 -0.081  0.345 -0.169 -0.302  0.466 -0.579 -0.145  0.132  0.168 -0.243  0.045 -0.113  0.040  0.219 -0.454  0.641  0.823  0.720
K       -0.229  0.373  0.196 -0.008  0.459  0.057  0.326  0.755  0.127  0.309  0.134 -0.068 -0.008  0.185 -0.111  0.083  0.227  0.370  0.473  0.625  0.000
L        0.144 -0.906  0.222 -0.161 -0.190 -0.077  0.206  0.187 -0.367 -0.266  0.164  0.119 -0.135 -0.133 -0.179  0.082  0.542 -0.641 -0.711  0.708 -0.811
M        0.216  0.000  0.395  0.078  1.292 -0.197  0.000  0.674 -0.082 -0.072  0.469  0.432 -0.081  0.307 -0.889  0.077  0.018 -0.217  0.000  0.000  0.000
N       -0.045  0.000 -0.154 -0.146  0.415  0.138 -0.339  0.692  0.077 -0.155  0.188  0.184 -0.129  0.358  0.243  0.323  0.055  0.256  0.000  0.000 -1.097
P       -0.310 -0.224  0.217 -0.274 -0.208 -0.164 -0.533  0.009 -0.200 -0.038 -0.151 -0.229 -0.135 -0.293 -0.117  0.027  0.090  0.031 -0.490  0.399  0.491
Q        0.014  0.215  0.010  0.331  0.250  0.043 -0.428 -0.038 -0.277  0.119  0.029 -0.181  0.231  0.124  0.312 -0.040  0.183  0.710  0.116  0.525  0.000
R       -0.065  0.619 -0.073  0.030 -0.035 -0.103 -0.032 -0.053 -0.326  0.400 -0.704 -0.001 -0.036  0.036  0.109  0.143  0.287  0.035  0.363  0.470  0.000
S        0.077 -0.251 -0.037  0.148  0.470 -0.357  0.083 -0.072  0.147  0.075  0.198 -0.162  0.170  0.173  0.392 -0.034 -0.010  0.069  0.116  0.147 -1.102
T        0.142  0.486  0.173 -0.051 -0.116  0.133  0.052  0.434 -0.081  0.014 -0.241 -0.544 -0.036 -0.270  0.338 -0.058  0.104  0.335  0.000 -0.205  0.000
V       -0.049  0.876  0.299 -0.132 -0.020 -0.082  0.100 -0.413 -0.411 -0.067 -0.180  0.003 -0.061 -0.016 -0.523 -0.008  0.211 -0.193  0.000  0.549  0.070
W        0.048  0.000 -0.967 -0.287  0.207 -0.007  0.000  1.122  0.525 -0.081  0.000  0.301  0.000 -0.062  0.246  0.260  0.000  0.539  0.000  0.754  0.000
Y       -0.021 -0.394  0.079  0.125  0.099 -0.115 -0.219  0.739 -0.210  0.249  0.377  0.326  0.371  0.039 -0.009  0.288 -0.144  0.187  0.000  0.566  0.000
X        0.241  0.000  0.000  0.000  1.366 -0.038  0.000  0.000 -0.986  0.000  0.263  0.000  0.483  0.000 -0.398  0.000 -0.096  0.000  0.000  0.000 -0.396
