i-1/i     A      C      D      E      F      G      H      I      K      L      M      N      P      Q      R      S      T      V      W      Y      X
A        0.101  0.216  0.037  0.045  0.716 -0.152 -0.171  0.792 -0.022  0.067  0.068  0.019 -0.074 -0.163  0.301 -0.044  0.152 -0.102  0.000  0.227  1.082
C        0.526 -1.023  0.415  0.416 -0.364 -0.076  0.116  0.000  0.331 -0.023  0.000  0.000  0.479  0.000  0.186 -0.314  0.909 -0.327  0.000  0.000  0.000
D        0.090 -0.214 -0.003  0.043  0.192 -0.218 -0.542  0.147  0.190  0.166  0.196  0.225  0.039  0.221  0.434 -0.070 -0.172  0.124  0.793  0.115  0.084
E        0.133 -0.202  0.194  0.111  0.182 -0.010 -0.035  0.659  0.235  0.313  0.122  0.227  0.056  0.030  0.132  0.011  0.004  0.231  1.286  0.961  0.619
F       -0.331  0.000 -0.023  0.198 -0.047 -0.211  0.000  0.354  0.171  0.202  0.096 -0.228 -0.182  0.133  0.095 -0.486 -0.013  0.383 -0.863  0.868  0.000
G        0.230  0.302 -0.020  0.007  0.684  0.010  0.115  0.667  0.225  0.221  0.378  0.089  0.370  0.033  0.228  0.154  0.510  0.097  0.360  1.014  1.496
H        0.302  0.335  0.376  0.142  0.060  0.052  0.217 -0.551 -0.137 -0.202 -0.417  0.212  0.188  0.296  0.150 -0.142  0.675  0.126  0.807 -0.167  0.084
I        0.208  0.545  0.075 -0.080 -0.084  0.526  0.377  0.370  0.029  0.336 -0.297  0.210  0.031  0.024  0.301 -0.073  0.114  0.128  0.466  0.653  0.000
K        0.183  0.249 -0.061 -0.019  0.331  0.254  0.290  0.365  0.157  0.157  0.385  0.123 -0.002  0.084  0.131  0.115  0.723  0.447  0.152  0.247  0.001
L        0.083  0.723  0.125  0.115  0.693  0.325  0.270  0.556  0.096  0.457  0.067  0.363  0.020  0.241  0.545 -0.116  0.433  0.446  0.430  0.712  0.139
M        0.340  0.000  0.482  0.202  0.000  0.180 -0.002  0.473  0.216  0.659  0.231  0.254 -0.253  0.320  0.056  0.118  0.056  0.767 -0.682  0.955  0.000
N        0.005  0.555  0.084  0.288 -0.328 -0.125  0.080  0.347  0.122  0.084  0.005  0.039  0.334 -0.016  0.135 -0.055  0.283 -0.034 -0.082  0.748 -0.531
P        0.000  0.000  0.000  0.000  0.000 -0.658  0.000  0.000  0.000  0.000  0.000  0.000  0.000  0.000  0.000  0.000  0.000  0.000  0.000  0.000 -2.156
Q        0.216  0.296  0.269  0.270 -0.087  0.009 -0.284  0.165  0.297  0.349  0.563 -0.289  0.034  0.242  0.241  0.261  0.287  0.687 -1.330  0.618  0.000
R        0.134 -0.358  0.285  0.276  0.103  0.149  0.077  0.653  0.115  0.253  0.410 -0.082 -0.033  0.143 -0.081  0.221  0.392  0.482  0.000  0.363  0.232
S        0.251  0.134  0.212  0.343  0.349 -0.181  0.064  0.185  0.008  0.308 -0.382  0.194  0.215  0.307  0.063 -0.023  0.170  0.125  0.221  0.534  0.107
T       -0.051  0.000 -0.196 -0.014  0.012  0.026 -0.262  0.243  0.163  0.307  0.004 -0.306 -0.080  0.439  0.241 -0.020 -0.188  0.446  1.074  0.029 -0.765
V        0.042  0.173  0.025 -0.028  0.311  0.465 -0.426  0.207  0.182  0.221  0.034  0.030 -0.036  0.103  0.082  0.005  0.389  0.721 -0.417  0.786 -0.097
W       -0.397  0.000 -0.362  0.132  0.955 -0.033  0.000  1.005  0.357 -1.167 -0.178  0.101  0.409  0.224 -0.634  0.014 -0.372 -0.248  0.000 -0.567  0.000
Y       -0.301  0.000  0.222 -0.162 -0.016 -0.019  0.248  1.090  0.232  0.557  0.164 -0.272  0.199  0.307  0.217 -0.025 -0.048  0.740  0.000  0.229  0.000
X       -0.103  0.000  0.434  0.661  0.000 -0.173  0.000  0.000  0.481  0.715 -0.338  0.539 -0.040  0.000 -0.282  0.000 -0.751 -0.093  0.000  0.000 -1.841
