i-1/i     A      C      D      E      F      G      H      I      K      L      M      N      P      Q      R      S      T      V      W      Y      X
A        0.103 -1.009 -0.053  0.157 -0.472  0.037  0.036  0.689  0.211  0.033 -0.606 -0.161 -0.158 -0.042  0.144  0.103 -0.121 -0.190 -0.342  0.545 -0.460
C        0.411  1.031 -0.322  0.669  0.000  0.345  1.044 -0.192  0.844 -0.119  0.000 -0.223  0.088 -0.633  0.717  0.224  0.000  0.297  0.000  0.000  0.000
D        0.136 -0.035  0.091 -0.033  0.398  0.082 -0.091 -0.080  0.027 -0.083  0.157  0.186  0.381  0.407  0.026  0.182 -0.093 -0.214 -0.780  0.606  0.193
E        0.072 -0.893  0.115  0.078 -0.014 -0.021 -0.190 -0.236 -0.024 -0.326 -0.276 -0.095  0.073  0.173  0.172 -0.062 -0.264  0.165  1.024  0.281  0.434
F        0.061 -0.736 -0.606 -0.476  0.252  0.321 -0.089  0.470 -0.007  0.093  0.000  0.198 -0.007 -0.262  0.300 -0.066 -0.128 -0.230 -0.305 -0.659  0.000
G       -0.134  0.633 -0.071 -0.333 -0.069 -0.217 -0.302 -0.350 -0.312 -0.108 -0.065 -0.104  0.130 -0.146 -0.277 -0.050 -0.001 -0.037 -0.315 -0.072 -0.250
H        0.096 -0.537 -0.093 -0.050  1.231  0.275  0.522 -0.302 -0.571  0.150  0.132  0.280  0.222  0.321  0.532 -0.190  0.016  0.073  0.000  0.000  0.000
I       -0.274  0.000 -0.173  0.219 -0.915  0.074 -0.897 -0.549 -0.276  0.209 -0.530 -0.088 -0.037 -0.352 -0.306 -0.141 -0.134  0.133 -1.373 -1.105  0.000
K       -0.037  0.186  0.110  0.213 -0.375 -0.084 -0.196 -0.086  0.137  0.026  0.525  0.411  0.012  0.050 -0.070 -0.130 -0.016 -0.161 -0.412  0.039 -0.186
L        0.135 -0.394  0.024  0.054  0.196  0.185  0.316  0.337 -0.095 -0.134  0.260  0.169 -0.303  0.128  0.084 -0.098  0.052 -0.339  0.000 -1.161  1.574
M       -0.014  0.000 -0.228  0.184  1.199 -0.103  0.000  0.233  0.027 -0.026  0.142  0.035 -0.062  0.489  0.288 -0.037  0.445 -0.022 -0.028  0.682  1.068
N        0.092  0.000  0.056 -0.007 -0.410  0.378  0.236 -0.303  0.048 -0.083  0.014  0.200  0.171 -0.268 -0.226  0.008 -0.270  0.032 -0.702  0.292 -0.295
P       -0.289 -0.425  0.023  0.066  0.169 -0.209 -0.249  0.233  0.247  0.004 -0.296 -0.634 -0.240  0.111  0.131  0.001 -0.252  0.030  0.075  0.004 -1.963
Q        0.135  0.000  0.345  0.136  0.126  0.126  0.239 -0.080 -0.109 -0.138 -0.006 -0.017  0.078  0.002  0.475  0.074  0.025 -0.284  0.748  0.104  0.000
R       -0.125  0.363 -0.060 -0.056 -0.326 -0.020 -0.424  0.026  0.003 -0.082 -0.234  0.007 -0.067 -0.113  0.048 -0.185  0.196  0.088 -0.219  0.000  1.213
S        0.246  0.651  0.150  0.021 -0.287  0.052 -0.110  0.011 -0.173 -0.034  0.314 -0.046  0.111  0.181 -0.223  0.101  0.178  0.136  0.496 -0.035 -0.292
T        0.138 -0.491 -0.149  0.064 -0.273  0.067 -0.060  0.543  0.151  0.019 -0.397  0.263 -0.081 -0.111  0.220 -0.075 -0.046  0.353  0.319 -0.183  0.344
V       -0.337  0.369  0.087 -0.080 -0.376 -0.028 -0.022 -0.247  0.065 -0.146 -0.208 -0.111  0.116  0.207 -0.095 -0.064 -0.130  0.396  0.096  0.538 -1.225
W        0.463  0.000 -0.396 -0.820 -0.506  0.049 -0.846 -0.883  0.311  0.237  0.752 -0.794 -0.245  0.649  0.000  0.574 -0.769 -1.420  0.000  0.000  0.000
Y       -0.166  0.000 -0.023 -0.642 -0.075  0.300 -0.318  0.000 -0.430 -0.475 -0.907  0.145  0.296 -0.404 -0.414 -0.329  0.049 -0.356  0.730  0.654  0.000
X        0.783  0.000  0.103  0.292  0.000  0.000  0.000  0.000 -0.214  0.851 -0.237  0.058  0.048  0.000 -0.896  0.645  0.296 -0.022  0.000  0.000  0.689
