i-1/i     A      C      D      E      F      G      H      I      K      L      M      N      P      Q      R      S      T      V      W      Y      X
A       -0.095  0.548  0.178 -0.037  0.655  0.000 -0.314  0.026  0.185 -0.082 -0.358 -0.042 -0.184  0.251  0.441 -0.153  0.099  0.017 -0.704  0.000 -0.037
C        0.590  0.000  0.000 -0.324  0.000  0.000  0.000 -0.021  0.345 -0.609  0.000  0.000  0.131  0.000  0.468 -0.157  0.418 -0.148  0.000  1.012  0.000
D       -0.184  0.000  0.026 -0.086 -0.674  0.000 -0.280  0.109 -0.157 -0.211 -0.378  0.009  0.080 -0.390  0.079 -0.097 -0.105  0.099  0.000 -0.726  0.000
E       -0.147 -0.485 -0.164  0.185  0.139  0.000 -0.531  0.422  0.108 -0.111  0.176 -0.071 -0.024  0.203  0.065 -0.009  0.106  0.078  0.150 -0.272  0.865
F        0.361  0.780  0.020  0.120  0.519  0.000  0.989  0.687 -0.043  0.559  0.000 -0.200 -0.074 -0.309  0.206  0.166 -0.253  0.490  0.266  0.182  0.000
G       -0.167 -0.378 -0.155 -0.003  0.028  0.000 -0.383 -0.122  0.156  0.013  0.147  0.200 -0.147  0.050  0.053 -0.078 -0.091  0.011 -0.333  0.127 -0.242
H       -0.257  0.000 -0.078 -0.021 -0.243  0.000 -0.311  0.041  0.167  0.116 -0.821 -0.103 -0.115  0.202 -0.274  0.131  0.083  0.203  0.000 -0.269  0.000
I       -0.015 -1.238 -0.156  0.285  0.810  0.000  0.033 -0.247  0.467  0.278 -0.565  0.601  0.152  0.845  0.002  0.203 -0.199  0.372 -0.428  0.454  0.000
K        0.021  0.000  0.019  0.107 -0.015  0.000 -0.256  0.280  0.191  0.132  0.311  0.293  0.040  0.471  0.150  0.105 -0.246 -0.001 -0.093  0.078  0.000
L       -0.035 -0.285  0.027 -0.032  0.031  0.000  0.114  0.061  0.288  0.018  0.360  0.057 -0.028 -0.070 -0.046 -0.031 -0.230  0.024  0.395 -0.018  0.000
M        0.162  0.000  0.106  0.032 -0.316  0.000 -0.195 -0.500  0.305 -0.192 -0.653 -0.223 -0.023  0.123 -0.880  0.132 -0.049  0.082  0.000 -0.452  2.073
N       -0.061  0.000 -0.242 -0.084 -0.310  0.000 -0.616  0.338  0.272 -0.051  0.013 -0.052 -0.084  0.119 -0.015  0.096  0.029 -0.058  0.049 -0.336  0.000
P        0.052 -0.388  0.035  0.285 -0.295  0.000 -0.431  0.510  0.197  0.076  0.225 -0.303 -0.016  0.566  0.204 -0.010  0.091  0.215  0.000 -0.259  0.000
Q        0.046  0.000 -0.064  0.325  0.185  0.000  0.123  0.204  0.305  0.089 -0.375  0.073  0.025  0.302  0.134 -0.042 -0.020 -0.159  0.433  0.158  0.000
R        0.018  0.000  0.169  0.119  0.264  0.000 -0.166 -0.227  0.079 -0.064 -0.883  0.172 -0.097  0.109  0.314 -0.037 -0.013  0.079 -0.471 -0.543  0.000
S       -0.195  0.551  0.203 -0.092 -0.333  0.000 -0.219  0.089  0.171 -0.023  0.531  0.318  0.073  0.074  0.148 -0.095  0.040  0.074 -0.136  0.013 -2.291
T        0.151 -0.467  0.114 -0.046  0.484  0.000  0.205  0.189  0.268  0.154  0.083  0.101  0.004  0.128  0.473  0.023 -0.054  0.208  0.124  1.027 -0.308
V        0.126  0.000  0.045  0.154 -0.289  0.000 -0.372  0.095  0.518 -0.141  0.326 -0.553 -0.041  0.549  0.429  0.123  0.100  0.213 -0.765  0.044  0.000
W        0.124  0.000  0.443 -0.513  0.000  0.000 -0.136 -0.379 -0.004  0.571  0.000  0.000  0.023  0.387 -0.701  0.316  0.000  0.486  0.000  0.000  0.000
Y        0.222  0.000 -0.248  0.123 -0.285  0.000  1.240 -0.637  0.343  0.135  0.000 -0.361  0.248  0.097  0.109  0.140  0.155 -0.243  0.000 -0.013  0.000
X        0.000  0.000  0.796  0.126  0.000  0.000  0.000 -0.036  0.000  0.656  0.000  0.647 -0.262 -0.900  0.000 -0.198  0.000  0.916  0.000  0.000 -2.011
