i-1/i     A      C      D      E      F      G      H      I      K      L      M      N      P      Q      R      S      T      V      W      Y      X
A       -0.217  0.803  0.075 -0.186  0.494  0.000 -0.573 -0.088 -0.199 -0.137 -0.368 -0.123 -0.041 -0.482  0.068 -0.219 -0.081 -0.038  0.708  1.356  0.000
C        0.773  0.000 -0.409 -0.036 -0.488  0.000  0.000  0.057  0.000 -0.301  0.000  0.000  0.208  0.000  0.000 -0.703  0.735  0.000  0.000  0.000  0.000
D       -0.144  0.000 -0.121 -0.215 -0.505  0.000  0.131  0.289  0.078  0.013 -0.241  0.049 -0.044 -0.295  0.633 -0.009 -0.297 -0.240 -0.330  0.016  0.646
E       -0.203  0.475 -0.172 -0.078  0.012  0.000 -0.041 -0.015  0.021 -0.249 -0.958  0.010  0.316 -0.234  0.068 -0.210 -0.184 -0.112  0.901 -0.456 -0.216
F       -0.061  0.000  0.006  0.214 -0.123  0.000 -0.397  0.495 -0.228 -0.144  0.367  0.011 -0.182 -0.079 -0.123 -0.217  0.136 -0.414  0.000 -0.090  0.000
G       -0.135 -0.169  0.128 -0.111 -0.355  0.000 -0.207 -0.170  0.119 -0.216 -0.314 -0.066  0.006 -0.076  0.055 -0.106 -0.072 -0.064  0.892 -0.169 -2.351
H       -0.084  0.000 -0.163 -0.210  0.170  0.000 -0.501 -0.941  0.348 -0.222  0.000 -0.178 -0.181 -0.006 -0.035 -0.095  0.364 -0.503 -0.786  0.210  0.000
I        0.111  0.347 -0.031  0.083 -0.186  0.000 -0.780  0.052  0.327  0.291  0.725  0.536 -0.025 -0.143 -0.322  0.082  0.550  0.193 -0.686 -0.136  0.244
K       -0.329  0.000 -0.063 -0.086 -0.545  0.000 -0.878  0.425 -0.171 -0.163 -0.874 -0.258  0.187 -0.178 -0.063 -0.066 -0.019 -0.154 -0.123  0.103  0.000
L       -0.054  0.029 -0.123  0.022  0.050  0.000 -0.412  0.265 -0.084  0.141 -0.163  0.132 -0.112 -0.165  0.234  0.097  0.389  0.060 -0.164 -0.182 -1.732
M        0.141  0.000 -0.208 -0.091 -0.113  0.000  0.000  0.119  0.284 -0.098  1.420  0.407  0.067  0.303 -0.840  0.011  0.106  0.633  0.000  0.000  0.000
N       -0.070  0.000  0.031 -0.088  0.211  0.000 -0.843 -0.050 -0.095 -0.483 -0.723 -0.261  0.012 -0.497 -0.023 -0.072 -0.175 -0.226  0.130  0.000 -1.407
P       -0.117  0.047  0.025  0.095 -0.156  0.000 -0.345  0.022 -0.065 -0.031 -0.257 -0.428  0.004  0.351  0.174 -0.074 -0.053 -0.164 -0.660  0.323  1.009
Q       -0.488 -0.380 -0.291 -0.286 -0.890  0.000 -0.066 -0.415  0.082 -0.214 -0.475  0.031  0.051 -0.357  0.103 -0.018  0.108 -0.230 -0.136 -0.275  0.000
R       -0.047  0.000 -0.056 -0.108 -0.016  0.000  0.106  0.044  0.173 -0.182  1.316 -0.127  0.001  0.122  0.160 -0.257  0.010 -0.123 -0.520 -0.439  0.000
S       -0.369 -0.319  0.050 -0.076 -0.071  0.000 -0.161 -0.053  0.014 -0.051 -0.345 -0.371  0.061 -0.295 -0.020 -0.233 -0.111 -0.033 -0.075 -0.072  1.752
T       -0.256  0.000  0.025  0.074 -0.048  0.000 -0.351 -0.199  0.111  0.094 -0.860 -0.162 -0.197 -0.099 -0.054  0.042 -0.151 -0.280  0.000  0.275  0.000
V       -0.015 -0.610 -0.081 -0.092 -0.243  0.000 -0.187 -0.041  0.016  0.102  0.038  0.028 -0.192  0.040 -0.169  0.047 -0.074  0.064  0.000  0.121  2.966
W       -1.008  0.000 -0.336  0.012 -0.031  0.000  0.000 -0.832  0.533 -0.246  0.000 -0.280  0.000  0.000 -0.324 -0.299  0.000 -0.111  0.000 -0.557  0.000
Y        0.261  0.272 -0.027  0.030  1.063  0.000 -0.531  0.484 -0.194  0.067 -0.526  0.363  0.352 -0.331 -0.523 -0.202 -0.267 -0.075  0.000 -0.463  0.000
X        0.595  0.000  0.000  0.000  0.398  0.000  0.000  0.000  0.473  0.000 -0.278  0.000  0.000  0.000  0.000  0.000 -0.002  0.000  0.000  0.000  1.417
