i-1/i     A      C      D      E      F      G      H      I      K      L      M      N      P      Q      R      S      T      V      W      Y      X
A       -0.062 -0.290  0.082 -0.098 -0.412  0.000 -0.742  0.420  0.199 -0.127 -0.319 -0.174  0.085 -0.291  0.275 -0.017 -0.099  0.034 -0.109 -0.407 -0.170
C       -0.687  0.159 -0.689  0.675 -0.972  0.000 -0.280  0.000 -0.415  0.205  0.000  0.000  0.196  0.000 -0.496 -0.258  0.059  0.000  0.000  0.000  0.000
D       -0.173  1.111  0.146  0.048 -0.402  0.000 -0.239  0.343  0.012  0.004 -0.317  0.176 -0.224  0.455  0.234  0.133 -0.073  0.037  0.465  0.474  1.933
E        0.024 -0.639 -0.171 -0.057 -0.003  0.000  0.312  0.294  0.293  0.070  0.051 -0.273 -0.014  0.227  0.247  0.051  0.139  0.135 -0.085  0.351  0.226
F       -0.203  0.000 -0.334  0.082 -0.216  0.000  0.500  0.322  0.434  0.217  0.047  0.288 -0.075 -0.012 -0.100  0.123 -0.206  0.069 -0.308  0.593  0.000
G        0.057  0.534  0.022  0.233  0.082  0.000 -0.272 -0.023 -0.005  0.163  0.090  0.539  0.084 -0.032  0.044  0.008  0.441 -0.143  0.232 -0.270  2.346
H       -0.290 -1.551 -0.080 -0.117  0.317  0.000 -0.544  0.491 -0.246 -0.488  0.139  0.134 -0.078  0.307  0.129  0.038 -0.048  0.272  0.048 -0.937 -1.879
I       -0.085 -1.571 -0.048  0.089  0.384  0.000 -0.476 -0.936  0.029 -0.439 -1.139 -0.479  0.044 -0.113 -0.286 -0.158 -0.107 -0.082 -0.297  0.333  0.000
K        0.023 -0.794 -0.047  0.009  0.046  0.000 -0.904 -0.433 -0.031 -0.080 -0.156  0.047  0.096  0.325 -0.213 -0.057  0.070 -0.084  0.114  0.659  0.347
L       -0.012 -0.793 -0.394 -0.128 -0.377  0.000 -0.920 -0.122 -0.004 -0.212 -0.454 -0.594  0.041 -0.459 -0.186 -0.266 -0.137 -0.241 -0.521  0.178  0.400
M       -0.541  0.000 -0.162 -0.092  0.000  0.000 -0.570 -0.344 -0.244 -0.429 -0.622 -0.919  0.170 -0.681 -0.355 -0.169 -0.244 -0.450  0.093  0.073  0.000
N       -0.192  0.000  0.142  0.027 -0.109  0.000 -0.232 -0.084 -0.327  0.034 -0.617 -0.132  0.065 -0.256 -0.013  0.040  0.108  0.071 -0.293 -0.019 -1.801
P        0.000 -0.195 -0.086 -0.485 -0.517  0.000 -1.044  0.180 -0.152 -0.417 -0.573 -0.096  0.000 -0.452 -0.499 -0.510 -0.280 -0.330 -0.094 -1.604 -0.311
Q       -0.142  0.007 -0.110 -0.074 -0.035  0.000  0.236  0.117 -0.174 -0.278 -0.385 -0.428  0.079 -0.269  0.026 -0.114 -0.190 -0.254  0.858  0.069  0.000
R        0.054  0.197 -0.191 -0.080 -0.196  0.000  0.113 -0.362 -0.152 -0.125 -0.151 -0.130  0.060  0.003  0.150 -0.220 -0.202 -0.108  0.000 -0.140  0.698
S       -0.018  1.028  0.033  0.044  0.101  0.000 -0.251  0.350  0.146 -0.048  0.717  0.107  0.088 -0.436  0.251 -0.106 -0.121  0.132  0.340  0.083 -0.097
T        0.133  0.000 -0.014 -0.011 -0.139  0.000 -0.430  0.109  0.040 -0.150 -0.379 -0.362  0.283 -0.099  0.282 -0.080 -0.031 -0.284  0.290 -0.346 -0.180
V       -0.141 -0.292 -0.239  0.002  0.485  0.000 -0.613 -0.527 -0.309  0.075  0.011 -0.430 -0.036  0.006 -0.009 -0.194 -0.112  0.065 -0.422  0.213 -2.027
W        0.683  0.000  0.416  0.011 -0.559  0.000  0.000 -0.329  0.596 -0.182  1.325 -0.897  0.203  0.032  0.124 -0.333  0.250  0.096  0.000  0.666  0.000
Y        0.267  0.000  0.093 -0.302  0.323  0.000 -0.636  0.020  0.087  0.418 -0.493 -0.296 -0.157 -0.834  0.079 -0.066 -0.135 -0.206  0.000  1.178  0.000
X       -0.015  0.000 -0.179 -0.189  0.000  0.000  0.000  0.000  0.265 -0.276 -1.337 -0.236 -0.004  0.000  0.292  0.259  0.211  0.456  0.000  0.000 -1.654
