i-1/i     A      C      D      E      F      G      H      I      K      L      M      N      P      Q      R      S      T      V      W      Y      X
A       -0.090  1.449 -0.037 -0.042 -0.594  0.000 -0.543 -0.248  0.125  0.236  1.369 -0.140 -0.029  0.047  0.123  0.011  0.069  0.165 -0.367 -1.158 -0.268
C       -0.084 -0.198 -0.250  0.491  0.000  0.000  0.139  0.047  0.383 -0.991  0.000  0.142  0.040 -0.609 -0.884 -0.229  0.000 -0.082  0.000  0.000  0.000
D       -0.140 -0.570 -0.084 -0.084  0.041  0.000 -0.711  0.074  0.300 -0.239 -0.299  0.097  0.001 -0.127  0.037 -0.128 -0.136  0.017  0.301  0.137  1.123
E        0.015 -0.310  0.071 -0.079 -0.374  0.000 -0.484 -0.266  0.133 -0.180  0.144  0.218  0.179  0.244  0.174  0.026 -0.096  0.019 -0.666  0.562 -1.271
F       -0.067 -0.599 -0.159  0.402 -0.672  0.000 -0.974  0.547 -0.033  0.064  0.000  0.092  0.143 -0.351 -0.196  0.142 -0.019  0.327 -0.657  0.144  0.000
G        0.049  0.050  0.173  0.090 -0.303  0.000  0.101 -0.078  0.309  0.231 -0.033  0.032  0.115  0.174  0.197  0.036 -0.118 -0.014  0.014  0.053 -1.089
H        0.088 -0.265 -0.122  0.218  0.849  0.000 -0.582  0.618 -0.306  0.356 -0.309 -0.318 -0.112 -0.521  0.480  0.096 -0.003 -0.320  0.000 -0.289  0.000
I       -0.010  0.000  0.100  0.287 -0.061  0.000 -0.157  0.133  0.209  0.058 -0.206 -0.086 -0.087 -0.060  0.324 -0.007 -0.050 -0.080  0.000  0.793  0.000
K        0.230 -0.081 -0.159  0.022  0.141  0.000  0.028  0.053  0.211  0.089  0.179  0.116  0.013  0.442  0.210 -0.044 -0.100  0.229 -0.520  0.078  2.123
L       -0.149 -0.527 -0.291  0.068  0.056  0.000 -0.025  0.261  0.164 -0.041  1.103 -0.442 -0.085 -0.434 -0.135 -0.061 -0.004 -0.161  0.673  0.685 -0.458
M       -0.065  0.000 -0.334  0.010 -0.427  0.000  0.000  0.308  0.138 -0.222 -0.576 -0.078 -0.140  0.083  0.149 -0.329 -0.046 -0.050 -0.731 -0.463 -1.422
N       -0.229  0.000 -0.294 -0.160 -0.014  0.000 -0.916  0.367  0.081  0.061  0.074 -0.298  0.012  0.636  0.101 -0.079 -0.173 -0.103 -0.424 -0.190  0.440
P       -0.184  0.506 -0.096  0.032  0.252  0.000 -0.298 -0.143 -0.038 -0.164 -0.239 -0.287 -0.208  0.007  0.017 -0.106 -0.135  0.045  0.705 -0.023 -2.882
Q       -0.023  0.000  0.087 -0.082 -0.088  0.000 -0.144 -0.026 -0.124 -0.031 -0.345 -0.222 -0.102  0.236 -0.081  0.161  0.046  0.315 -0.101  1.682  0.000
R       -0.264  0.107  0.180 -0.075  0.253  0.000  0.452  0.239  0.097  0.026 -0.391 -0.172 -0.065  0.203 -0.056 -0.062 -0.019  0.159 -0.072  0.000  0.434
S       -0.144  0.424 -0.114  0.001  0.119  0.000 -0.525  0.196  0.072 -0.012 -0.077  0.073 -0.090 -0.312 -0.197 -0.052 -0.075  0.067 -0.184  0.171 -0.597
T       -0.047 -0.705 -0.050 -0.025 -0.120  0.000 -0.340 -0.217 -0.184 -0.043 -0.658 -0.023  0.089 -0.011 -0.112  0.096 -0.078 -0.052  0.313 -0.471  1.745
V       -0.098  0.333  0.340  0.145  0.328  0.000 -0.440  0.018  0.275 -0.331 -0.139 -0.060 -0.099  0.321  0.207 -0.000  0.109 -0.044  0.182  0.010 -0.065
W       -0.302  0.000  0.332  0.400 -1.004  0.000  0.903  0.472 -0.156 -0.009 -0.374  0.320  0.071 -0.510  0.000 -0.142  0.115  0.956  0.000  0.000  0.000
Y        0.036  0.000 -0.169  0.438  0.473  0.000  0.063  0.516  0.338  0.526  0.417 -0.019 -0.009 -0.407  0.350  0.214  0.149  0.495 -0.234  0.274  0.000
X       -0.230  0.000  0.748  0.037  0.000  0.000  0.000  0.000  0.116 -0.050  0.000 -1.105 -0.085  0.000  1.032 -0.131  0.211  0.000  0.000  0.000  1.206
