i-1/i     A      C      D      E      F      G      H      I      K      L      M      N      P      Q      R      S      T      V      W      Y      X
A        0.056  0.000  0.081  0.134 -1.087 -0.770  0.017  0.117  0.185 -0.082 -0.223 -0.303 -0.158 -0.385 -0.488 -0.242  0.063  0.100  0.000 -0.314 -0.681
C        0.236  0.000  0.000 -0.265  0.000 -0.509  0.000 -0.718  0.000  0.395  0.000  0.000  0.677  0.000 -0.039 -0.141 -1.022  0.204  0.000  0.381  0.000
D        0.324  0.000 -0.232  0.049 -0.941 -0.469 -1.171  0.013  0.003  0.076  0.443 -0.007  0.179 -0.208 -0.184  0.179  0.145  0.093  0.000  0.534  0.000
E       -0.323  0.000  0.073  0.065 -0.097  0.078  0.455 -0.204  0.002  0.166 -0.062 -0.159 -0.083 -0.227  0.181  0.146 -0.166 -0.040 -0.177  0.179  0.000
F        0.501  0.000 -0.071  0.053  0.043 -0.479  0.000 -0.801  0.096 -0.599  0.000 -0.114 -0.030  0.526 -0.245 -0.439 -0.731  0.028  1.304  0.363  0.000
G       -0.025  0.838 -0.152 -0.091 -0.022 -0.645  0.323  0.212 -0.230 -0.067 -0.322 -0.179  0.013 -0.221 -0.204  0.190  0.018 -0.086 -0.084 -0.339  0.469
H       -0.232  0.000 -0.051 -0.296  0.604 -0.558  0.105  0.037 -0.027 -0.335  0.119  0.423 -0.552 -0.142 -0.375  0.082 -0.005 -0.416  0.000  0.053  0.000
I       -0.213  0.000  0.381 -0.344 -0.883 -0.195  0.346 -0.479 -0.307 -0.502 -0.634  0.045 -0.275  0.009 -0.836 -0.015 -0.283  0.208  0.000  0.010  0.000
K       -0.175  0.000 -0.182 -0.043 -0.323 -0.081  0.053  0.022  0.015 -0.091  0.674  0.458 -0.165 -0.065  0.396 -0.040 -0.212  0.104 -0.313  0.352  0.000
L       -0.077 -1.252 -0.069  0.190 -0.233 -0.842 -0.177 -0.277 -0.211 -0.109 -0.384  0.312  0.047  0.202 -0.383 -0.216 -0.868 -0.433 -0.676  0.026  0.000
M       -0.145  0.000 -0.047 -0.042 -0.073  0.033 -1.219 -0.403 -0.802  0.040 -0.350 -0.184 -0.291 -0.037 -0.219  0.054 -0.073  0.188  0.000 -0.087  0.000
N       -0.525  0.000  0.106  0.054  0.145 -1.074  0.151 -0.086  0.215 -0.031  0.260 -0.115 -0.308 -0.525 -0.239 -0.308 -0.086 -0.053  0.140  0.121  0.000
P       -0.452  0.267 -0.049 -0.103 -0.106 -0.398 -0.452 -0.371 -0.213 -0.074 -0.001 -0.070 -0.162 -0.375 -0.208 -0.388 -0.142 -0.050  0.000 -0.503  0.000
Q       -0.141  0.000 -0.055 -0.030  0.299 -0.696  0.046 -0.384 -0.193 -0.703  0.063 -0.513 -0.131  0.030  0.101 -0.263  0.258  0.034  0.000  0.311  0.000
R       -0.331  0.000 -0.175 -0.296  0.125 -0.540 -0.315 -0.455 -0.261  0.123  0.227  0.032 -0.075 -0.007 -0.014 -0.264  0.025  0.220  0.002 -0.043  0.000
S       -0.137 -0.214  0.145 -0.056  0.185  1.469  0.141  0.156 -0.099  0.023  0.154  0.132  0.405 -0.343 -0.112  0.061 -0.065 -0.110  0.118  0.739 -0.392
T        0.344 -0.401 -0.056 -0.214  0.473 -0.682 -0.231 -0.314 -0.095 -0.112 -0.157 -0.304 -0.335  0.151 -0.346 -0.111 -0.123 -0.240  0.602 -0.049  0.000
V       -0.515  0.000 -0.293 -0.242 -0.477 -0.930  0.177 -0.028 -0.144 -0.060 -0.171 -0.126 -0.006 -0.335 -0.132 -0.330 -0.092 -0.250  0.480 -0.805  0.000
W        0.677  0.000  0.271 -0.386  0.000 -1.578  0.000  0.000 -0.173  0.271  0.000  0.000 -0.278 -0.319  0.000 -0.476  0.000  0.000  0.000  0.000  0.000
Y        0.810  0.000 -0.186 -0.424 -0.931 -0.227 -1.044 -0.226 -0.461 -0.306  0.000 -1.237 -0.025  0.035  0.000 -0.440 -0.582 -0.133  0.000  0.473  0.000
X        0.000  0.000 -0.627 -0.569  0.000 -0.656  0.000  0.000  0.000 -0.254  0.000  0.000  0.000  0.000  0.000  0.746  0.000  0.000  0.000  0.000  0.000
