i-1/i     A      C      D      E      F      G      H      I      K      L      M      N      P      Q      R      S      T      V      W      Y      X
A        0.110 -1.279  0.286 -0.049 -0.270 -0.233  0.110  0.652  0.240 -0.051  0.380  0.167  0.079  0.187 -0.001  0.332  0.281  0.078  0.208 -0.897  0.000
C        0.399  0.000  0.000  0.547  0.000 -0.539  0.000  0.000  0.000  0.000  0.000  0.000 -0.345  0.000  0.000 -0.043 -0.732  0.000  0.000  0.000  0.000
D       -0.099  0.000 -0.070  0.313 -0.091 -0.172  0.358  0.122  0.361  0.520 -0.075  0.301  0.217  0.019 -0.268 -0.020  0.338  0.043  0.206  0.620  0.265
E        0.092  0.397  0.210  0.153 -0.010 -0.074 -0.055  0.359  0.275  0.290 -0.195  0.472 -0.097  0.052  0.049  0.256 -0.151  0.293  0.590 -0.049 -0.452
F       -0.023  0.000  0.081 -0.272 -0.341 -0.249 -0.087 -0.410  0.391  0.015 -0.417 -0.218 -0.204 -0.773 -0.193  0.164 -0.091 -0.346  0.000  0.162  0.000
G        0.215  0.498  0.127  0.283  0.053 -0.102 -0.085  0.472  0.134  0.292 -0.004  0.137  0.152  0.071 -0.066  0.205  0.081  0.276 -0.548 -0.116  0.000
H       -0.767  0.000  0.002 -0.073 -1.110  0.128 -0.204 -0.444  0.084  0.489  0.000  0.359  0.157  0.306  0.142  0.174 -0.234  0.443  0.000  0.091  0.000
I       -0.027  0.226 -0.048 -0.318 -0.655  0.179 -0.108 -0.446 -0.354 -0.497 -0.314 -0.218 -0.425 -0.034  0.030 -0.465  0.024 -0.021 -0.941  0.044  0.000
K       -0.011  0.000  0.147 -0.006  0.352  0.198 -0.827  0.368  0.187  0.362  0.313  0.137  0.028  0.076 -0.123  0.065  0.038  0.400  0.901  0.450  0.000
L       -0.284 -0.297  0.047 -0.061 -0.074 -0.489 -0.173 -0.547 -0.078 -0.301 -0.220 -0.487  0.012  0.229 -0.359  0.171  0.267 -0.334  0.376 -0.043  0.809
M        0.326  0.000  0.601  0.214  0.235  0.295  0.000  0.743 -0.097 -0.445 -0.062  0.172  0.047 -0.204 -0.720  0.179 -0.077  0.293  0.000  0.000  0.000
N        0.603  0.000  0.108  0.128  0.305 -0.122 -0.176  0.515 -0.120  0.023  0.597  0.040  0.014 -0.118  0.130  0.164  0.499  0.045 -0.618  0.012  0.000
P       -0.084 -0.184 -0.412 -0.079 -0.696 -0.600 -1.159 -0.631 -0.172 -0.182 -0.067 -0.591 -0.336 -0.439 -0.252 -0.075  0.011 -0.191 -1.373 -0.726  0.768
Q        0.360  0.000  0.091  0.411  0.513 -0.019  0.628 -0.072 -0.231  0.313  0.277  0.174  0.336  0.098  0.244  0.068  0.181  0.463 -0.482  0.752  0.000
R        0.352  0.000  0.319  0.235 -0.013 -0.140 -0.289  0.498  0.092  0.329 -0.126  0.214 -0.081  0.153  0.319  0.236  0.516  0.234  0.000  0.581  0.000
S        0.084  0.159  0.350  0.221  0.562 -1.229  0.071  0.256  0.395  0.501  0.472 -0.211  0.717  0.327  0.337  0.125  0.187  0.338  0.451 -0.162  0.000
T        0.048  0.197  0.013  0.031 -0.323  0.068 -0.529 -0.041  0.319 -0.024  0.514  0.144  0.221 -0.130  0.318  0.113  0.142  0.305  0.000 -0.079  0.000
V       -0.360 -0.036 -0.176 -0.043 -0.134 -0.220 -0.341  0.051 -0.263  0.082 -0.163  0.047  0.067  0.225 -0.320  0.057  0.351 -0.024  0.000 -0.034  0.000
W        0.975  0.000  0.000 -0.075 -0.320 -0.889  0.000 -0.084 -0.395 -0.193  0.000 -0.224  0.000 -0.644  0.213 -0.363  0.000  0.000  0.000  0.000  0.000
Y        0.869  1.196  0.058  0.104 -0.019 -0.671 -0.299 -0.363 -0.163  0.007  0.166  0.038 -0.313 -0.410 -0.626  0.123 -0.029  0.519  0.000  0.531  0.000
X       -1.225  0.000  0.000 -0.242  0.000 -0.014  0.000  0.000  0.000  0.000  0.000  0.000  0.000  0.000  0.000  0.000  0.000  0.000  0.000  0.000  0.000
