i-1/i     A      C      D      E      F      G      H      I      K      L      M      N      P      Q      R      S      T      V      W      Y      X
A        0.068 -0.211 -0.394 -0.159 -0.252 -0.402 -0.687 -0.020 -0.307  0.175 -0.036 -0.136 -0.307 -0.428 -0.186 -0.305 -0.239 -0.194 -1.639  0.104 -1.048
C        0.000  0.000 -0.212  0.112 -1.163  0.356  0.000  0.000  0.464  0.000  0.000  0.000  0.069  0.000 -0.156  0.000  0.332  0.000  0.000  0.000  0.000
D       -0.384  0.653 -0.075 -0.148 -0.371 -0.610 -0.195 -0.520 -0.176 -0.022 -0.348 -0.624 -0.305 -0.223 -0.385 -0.370 -0.182 -0.160  0.000  0.101  0.000
E        0.090 -0.236 -0.253  0.021 -0.283 -0.211  0.064  0.090  0.182  0.254  0.291 -0.038 -0.187 -0.371  0.004 -0.067 -0.167 -0.026  0.040 -0.040 -0.294
F       -0.628  0.000 -0.187  0.334 -0.209 -0.359 -0.630 -0.419 -0.275 -0.589  0.124 -0.693 -0.323 -0.295 -0.355 -0.939 -0.710  0.113  0.000  0.302  0.000
G        0.436  0.927  0.413  0.358  0.365  0.285  0.517  0.584  0.709  0.678  0.740  0.525  0.471  0.410  0.668  0.065  0.935  0.566  0.599  0.486  0.515
H       -0.351  0.000 -0.054  0.080  0.735 -0.240 -0.385 -0.264 -0.516  0.113 -0.087 -0.447  0.061  0.084  0.030 -0.419  0.327 -0.512  0.000  0.000  0.000
I        0.219  0.000 -0.376 -0.158 -0.465  0.052 -0.090 -0.174 -0.391  0.261 -0.780 -0.282 -0.092 -0.409 -0.262 -0.218 -0.096  0.116  0.000 -1.071  0.000
K        0.200  0.000 -0.120 -0.208 -0.166 -0.081 -0.461 -0.001  0.074 -0.146 -0.091 -0.074 -0.236  0.210  0.030  0.078 -0.024  0.098 -0.039 -0.654 -0.102
L        0.341 -0.074  0.013  0.223  0.451  0.156  0.179  0.361 -0.008  0.272  0.146 -0.077  0.060 -0.034 -0.085 -0.030 -0.046  0.139  0.337  0.122  0.196
M       -0.209  0.000  0.173 -0.195  0.000  0.009  0.481  0.555  0.019 -0.592  0.000 -0.152  0.009  0.239  0.373  0.309  0.311  0.058 -1.291  0.000  0.000
N       -0.134  0.263 -0.106 -0.113 -0.406 -0.345 -1.175 -0.315 -0.180 -0.345 -0.076 -0.566 -0.384 -0.144 -0.275 -0.126 -0.028 -0.051 -0.749 -0.287 -0.333
P        0.000  0.000  0.000  0.000 -1.315  0.000  0.000 -1.211  0.000  0.000 -1.269  0.000  0.000  0.000  0.000  0.000  0.000 -1.116  0.000 -1.140  0.000
Q        0.403 -0.714 -0.143  0.056  0.170 -0.065 -0.480 -0.528  0.290 -0.114  0.048  0.011 -0.134 -0.043  0.015 -0.004  0.360  0.314 -0.589  0.139  0.000
R       -0.055 -0.382 -0.371  0.290 -0.192  0.057  0.004  0.372  0.082  0.307 -0.476 -0.013 -0.099  0.019 -0.146 -0.067  0.085  0.161  0.000  0.126  0.690
S        0.415  0.073  0.263  0.096  0.064  0.020 -0.136  0.151  0.282  0.459  0.305  0.155  0.588  0.155  0.056  0.173  0.244  0.163  0.492  0.660  0.241
T        0.078  0.000  0.155  0.006  0.275  0.115 -0.137  0.410  0.226  0.255  0.224  0.359  0.270  0.331  0.181  0.086  0.082  0.589 -0.977  0.656  0.316
V        0.097  0.226 -0.059 -0.119 -0.627  0.015  0.258  0.169 -0.109 -0.196  0.314 -0.240  0.060  0.015 -0.131 -0.228 -0.117 -0.004 -0.730 -0.223  0.000
W       -0.929  0.000 -0.239 -0.224  0.014  0.145  0.000  0.000 -0.264 -0.798  0.278 -0.094  0.265 -0.195 -0.588 -0.618 -0.856 -0.348  0.000 -0.361  0.000
Y       -0.245  0.000 -0.286 -0.401 -0.125 -0.013 -1.324 -0.640 -0.479 -0.256 -0.925 -0.009 -0.178 -0.380 -0.324 -0.549 -0.392 -0.078  0.000 -0.481  0.000
X       -0.874  0.000  0.000  0.443  0.000  0.241  0.000  0.000  0.837  0.000  0.000 -0.173 -0.827  0.000 -0.396  0.000  0.015 -0.414  0.000  0.000  0.000
