i-1/i     A      C      D      E      F      G      H      I      K      L      M      N      P      Q      R      S      T      V      W      Y      X
A        0.153  0.000  0.045  0.105  0.149  0.050  0.366  0.094  0.164 -0.410 -0.120 -0.010 -0.143  0.030 -0.213 -0.027 -0.192  0.110  0.247 -0.552  0.000
C        0.423  0.000 -0.418  0.094  0.000  0.196  0.000  0.000  0.030  0.133  0.000  0.271 -0.490  0.000 -0.202 -0.342  0.000  0.025  0.000  0.000  0.000
D        0.212  0.158  0.127 -0.256  0.391 -0.242 -0.251 -0.035 -0.138  0.455  0.063 -0.035  0.350  0.054 -0.414  0.246  0.259 -0.057 -0.352 -0.336  0.000
E        0.055  0.000  0.022  0.100 -0.083 -0.270 -0.038 -0.230 -0.101 -0.141 -0.080  0.053  0.084  0.019 -0.146 -0.105 -0.258 -0.039  1.058 -0.090  0.342
F       -0.419 -0.468 -0.317 -0.877 -0.666 -0.576  0.071  0.090 -0.960 -0.355  0.000 -0.444 -0.336 -0.551 -0.337 -0.576 -0.177 -0.084  0.000 -0.078  0.000
G       -0.239 -0.022  0.075 -0.032 -0.472 -0.127 -0.257 -0.182 -0.136 -0.359 -0.049  0.051  0.598  0.031 -0.240 -0.020 -0.038 -0.229  0.181  0.335  0.811
H        0.384  0.000 -0.168 -0.468  0.350 -0.184  0.052 -0.704 -0.484 -0.039 -0.026  0.044  0.527 -0.293  0.140 -0.343 -0.216 -0.004  0.000  0.000  0.000
I       -0.372  0.000 -0.159 -0.125 -0.544 -0.233 -0.773 -0.420 -0.264  0.190  0.192  0.101 -0.249 -0.862 -0.252 -0.275 -0.126  0.009  0.000 -0.834  0.000
K        0.155 -0.049 -0.329  0.114  0.326 -0.358  0.999  0.021 -0.272  0.018  0.451 -0.321 -0.133  0.171 -0.158 -0.064 -0.260 -0.226  0.021 -0.186  0.000
L        0.230  0.000 -0.055 -0.028 -0.078 -0.010  0.410  0.675  0.006  0.048 -0.905  0.031 -0.278 -0.231 -0.394 -0.327 -0.270 -0.453  0.952 -0.194  0.000
M       -0.197  0.000 -0.298 -0.100 -0.742 -0.071  0.000 -0.477 -0.154  0.048  0.000 -0.221 -0.201  0.037  0.138  0.078 -0.227  0.204  0.000  0.634  0.000
N       -0.160  0.000 -0.338 -0.024  0.117 -0.199 -0.058 -0.601 -0.113 -0.105 -0.110 -0.293 -0.001 -0.286 -0.369 -0.271 -0.274 -0.137 -0.149  0.211  0.463
P       -0.164 -0.410  0.284 -0.003  0.058  0.025 -0.360  0.112  0.053  0.096 -0.045 -0.587  0.047  0.334  0.024  0.195 -0.206  0.139 -0.723  0.710  0.000
Q       -0.062  0.000 -0.159 -0.203  0.293 -0.138 -0.003 -0.584 -0.082 -0.098  0.426  0.293  0.026 -0.347  0.098 -0.084 -0.108 -0.025 -0.177  0.173  0.000
R        0.100  1.214 -0.019 -0.051 -0.381 -0.227 -0.507  0.168 -0.091  0.248 -0.031  0.034 -0.110 -0.286  0.003  0.158  0.012  0.014  0.071  0.203 -0.254
S        0.024  0.000 -0.152 -0.176 -0.376  0.516  0.057  0.054  0.008  0.015  0.015 -0.011  0.120 -0.065 -0.380 -0.084 -0.116  0.075 -0.744  0.260  0.000
T       -0.281  0.000 -0.097  0.004 -0.397 -0.331 -0.664  0.159 -0.152 -0.093 -0.090 -0.343 -0.297 -0.625 -0.326 -0.269 -0.256  0.139  0.166 -0.813 -0.347
V       -0.524  0.000 -0.012 -0.317 -0.036 -0.065 -0.271 -0.266  0.004 -0.424 -0.529 -0.160 -0.346  0.045 -0.367  0.127 -0.176  0.025  0.000  0.007  0.000
W       -0.119  0.000  0.000  0.143  0.000 -1.098  0.000 -0.303  0.013 -0.133  0.000 -0.426 -0.247  0.196  0.000 -0.401 -0.053 -1.012  0.000  0.000  0.000
Y       -1.042  0.000 -0.570 -0.205 -0.140 -0.417  0.000  0.000 -0.277 -0.576  0.000 -0.033 -0.489 -1.000 -0.233 -0.778 -0.364 -0.510  0.842  0.000  0.000
X        0.000  0.000  0.327 -0.514  0.000 -1.667  0.000  0.000 -0.981 -0.286  0.000 -0.829 -0.584  0.000  0.238  0.000  0.992  0.000  0.000  0.000  0.000
