i-1/i     A      C      D      E      F      G      H      I      K      L      M      N      P      Q      R      S      T      V      W      Y      X
A       -0.041  0.197  0.012  0.003  0.021  0.000  0.014  0.040 -0.007  0.010  0.044 -0.022  0.016  0.048  0.042 -0.025 -0.027  0.025  0.101  0.138 -0.037
C       -0.000  0.000  0.000  0.000  0.000  0.000  0.000  0.286  0.000  0.000  0.000  0.000  0.006  0.209  0.058  0.047  0.169  0.024  0.000 -0.162  0.000
D        0.010  0.000 -0.049 -0.015 -0.029  0.000  0.108 -0.047  0.061 -0.029  0.049  0.056  0.014  0.120  0.006 -0.071 -0.050  0.013 -0.053 -0.058  0.000
E       -0.007 -0.062 -0.048  0.010  0.257  0.000  0.030  0.072  0.016  0.050  0.018  0.046 -0.031 -0.016  0.030 -0.005 -0.010 -0.021 -0.152 -0.100 -0.105
F       -0.089  0.114 -0.046  0.017  0.163  0.000  0.000  0.051 -0.057  0.074  0.000 -0.024 -0.044 -0.001 -0.015 -0.029  0.028  0.088 -0.176  0.011  0.000
G        0.043  0.016  0.007  0.018 -0.047  0.000  0.042 -0.053  0.013  0.000  0.029  0.022  0.009  0.028  0.037  0.028 -0.010  0.051 -0.196  0.014 -0.144
H        0.034  0.000  0.024  0.041  0.030  0.000 -0.010  0.050  0.075  0.011  0.150  0.058 -0.019  0.063  0.055  0.009 -0.037  0.088  0.000  0.086  0.000
I       -0.025  0.000  0.035 -0.060 -0.189  0.000  0.053 -0.106  0.025 -0.020  0.021  0.083  0.002  0.063  0.059  0.076 -0.026 -0.013 -0.231  0.012  0.106
K        0.003  0.000 -0.021 -0.002  0.050  0.000  0.009 -0.038  0.025  0.005 -0.037 -0.010  0.067 -0.009 -0.049 -0.013 -0.003 -0.059 -0.076 -0.015 -0.046
L        0.051 -0.161  0.001 -0.014 -0.027  0.000  0.060 -0.028  0.021  0.053 -0.015 -0.107 -0.012  0.032  0.053  0.006  0.046  0.102  0.056 -0.004  0.076
M        0.025  0.000 -0.018 -0.004 -0.037  0.000  0.088 -0.044  0.025  0.037 -0.015  0.026  0.019  0.009  0.060  0.006  0.003 -0.004  0.000  0.149  0.003
N        0.011  0.000 -0.003 -0.000 -0.118  0.000  0.025 -0.039  0.093 -0.022 -0.074  0.008 -0.005  0.058  0.037 -0.042  0.015 -0.036  0.029 -0.077 -0.008
P        0.041 -0.209 -0.012  0.023 -0.063  0.000  0.126 -0.024  0.061 -0.000  0.049  0.035  0.027  0.126 -0.049 -0.002 -0.043 -0.018  0.000  0.045 -0.077
Q        0.022  0.000 -0.036 -0.008  0.141  0.000  0.022  0.069  0.066  0.048 -0.045  0.053  0.006 -0.010  0.098 -0.006 -0.072 -0.043 -0.039 -0.001  0.000
R        0.004  0.000  0.068  0.019 -0.033  0.000 -0.037 -0.029 -0.021 -0.008  0.118 -0.018  0.019 -0.007  0.039 -0.026  0.034 -0.031 -0.113  0.052 -0.037
S       -0.023  0.213 -0.026  0.035  0.001  0.000 -0.018  0.026  0.022  0.004  0.035  0.039  0.037  0.018  0.045  0.008 -0.015 -0.005  0.023 -0.081  0.009
T       -0.060 -0.011  0.023  0.049  0.077  0.000 -0.056  0.011  0.004  0.029  0.068  0.043  0.013  0.066  0.079  0.016 -0.001  0.037  0.009  0.037 -0.031
V        0.003  0.000  0.022  0.025  0.153  0.000  0.005  0.074  0.036 -0.002 -0.029 -0.034  0.004  0.048  0.049 -0.026 -0.022 -0.038 -0.117 -0.112  0.072
W       -0.133  0.000 -0.010  0.160  0.000  0.000  0.034  0.149  0.040 -0.062  0.000  0.000 -0.180  0.018  0.000 -0.069  0.000 -0.086  0.000  0.000  0.000
Y       -0.134  0.000 -0.047 -0.041  0.216  0.000 -0.086 -0.002  0.029  0.035  0.000  0.004 -0.059  0.004  0.022  0.037 -0.071 -0.029  0.000  0.144  0.043
X       -0.022  0.000  0.084  0.001 -0.062  0.000  0.000  0.035 -0.013 -0.049  0.149 -0.234 -0.029 -0.110  0.016 -0.079  0.033  0.004  0.000  0.137  0.221
