i-1/i     A      C      D      E      F      G      H      I      K      L      M      N      P      Q      R      S      T      V      W      Y      X
A        0.001  0.031 -0.033  0.013 -0.000  0.000 -0.037  0.037  0.029 -0.021  0.074  0.043  0.024  0.030  0.073 -0.020  0.040  0.002  0.057  0.053  0.079
C        0.026  0.000  0.000 -0.014 -0.201  0.000  0.000  0.000  0.000 -0.074  0.000  0.000 -0.049  0.000  0.000  0.000 -0.075  0.000  0.000  0.000  0.000
D       -0.011  0.000 -0.000 -0.004 -0.012  0.000  0.040 -0.078  0.039  0.006 -0.037  0.046  0.029  0.008  0.090  0.003 -0.006 -0.098  0.013  0.032 -0.094
E       -0.050 -0.002 -0.000  0.006  0.008  0.000  0.027  0.012  0.010  0.010 -0.131  0.034  0.050  0.015  0.053 -0.005  0.018  0.011  0.064 -0.027 -0.059
F       -0.003  0.000 -0.032 -0.023 -0.062  0.000 -0.002 -0.123  0.011 -0.035 -0.175 -0.044 -0.160 -0.109 -0.085 -0.075 -0.069 -0.118  0.000 -0.203  0.091
G        0.004  0.130  0.021  0.038  0.025  0.000  0.010  0.026  0.019 -0.022 -0.014  0.076  0.013  0.033  0.034  0.031 -0.019  0.023  0.188 -0.036 -0.036
H        0.032  0.000 -0.055 -0.054 -0.253  0.000 -0.068  0.030  0.059 -0.021  0.096 -0.034 -0.083 -0.058  0.058 -0.023 -0.034 -0.021 -0.048  0.062 -0.328
I        0.004 -0.187  0.080  0.034 -0.162  0.000 -0.001  0.192  0.050 -0.009 -0.076  0.007 -0.037 -0.019  0.015 -0.026  0.023  0.047  0.043 -0.087 -0.317
K        0.002  0.000 -0.020 -0.006 -0.066  0.000  0.052  0.007  0.003 -0.014 -0.027 -0.011  0.073 -0.076  0.018 -0.024  0.007 -0.045  0.095  0.042  0.335
L       -0.038 -0.242 -0.011  0.002  0.010  0.000 -0.057  0.044  0.078  0.001 -0.093  0.012  0.084  0.073  0.023  0.015 -0.072  0.095  0.069 -0.140 -0.045
M        0.036  0.000  0.036 -0.091 -0.101  0.000  0.000  0.006  0.020 -0.012 -0.047 -0.009  0.038  0.010  0.063  0.007  0.054  0.046  0.000  0.000  0.170
N       -0.015  0.000  0.019 -0.036 -0.126  0.000  0.018  0.013  0.012 -0.008 -0.020 -0.021  0.057 -0.109 -0.032  0.012  0.044 -0.033  0.000  0.255  0.028
P        0.012 -0.063  0.037  0.017  0.035  0.000  0.050  0.063  0.032  0.010 -0.031  0.018  0.045  0.056  0.025  0.006 -0.029  0.040 -0.165 -0.080  0.091
Q        0.012  0.290  0.018  0.013 -0.114  0.000  0.108 -0.013  0.000  0.009 -0.064  0.089  0.009  0.045 -0.014  0.026  0.032 -0.030  0.163 -0.179  0.000
R        0.044 -0.099 -0.022 -0.020 -0.105  0.000  0.020 -0.045  0.004 -0.040  0.087  0.013 -0.008  0.014  0.036 -0.022  0.001  0.004  0.117 -0.158  0.258
S        0.006  0.058  0.025  0.018 -0.015  0.000  0.077  0.075 -0.005  0.032 -0.007  0.027  0.048 -0.006  0.013  0.002  0.011  0.053 -0.085 -0.039  0.146
T        0.040  0.189  0.019  0.036  0.028  0.000  0.040 -0.016  0.052  0.004  0.124  0.082  0.023  0.077  0.011  0.031  0.039 -0.007  0.000  0.049  0.212
V        0.012 -0.191  0.007  0.022 -0.000  0.000  0.056  0.074  0.078  0.004 -0.020  0.061 -0.018  0.022  0.103 -0.005 -0.003 -0.017  0.000 -0.042 -0.021
W       -0.120  0.000  0.082  0.035 -0.086  0.000  0.000  0.000 -0.071 -0.118  0.000  0.025  0.000 -0.014 -0.146  0.059  0.000 -0.153  0.000  0.000  0.000
Y        0.069  0.123 -0.062  0.080 -0.014  0.000 -0.104 -0.036  0.060 -0.028 -0.057 -0.005 -0.018  0.005 -0.168 -0.038  0.093 -0.053  0.000 -0.138  0.003
X        0.082  0.000  0.000 -0.018  0.087  0.000  0.000  0.159  0.130 -0.017 -0.060  0.115 -0.089  0.000  0.081  0.070  0.148 -0.260  0.000 -0.076 -0.007
