i-1/i     A      C      D      E      F      G      H      I      K      L      M      N      P      Q      R      S      T      V      W      Y      X
A       -0.027 -0.072 -0.019 -0.023 -0.039  0.000  0.021 -0.047 -0.032 -0.007 -0.009  0.022 -0.001 -0.011 -0.064 -0.038 -0.057 -0.045  0.186  0.022 -0.136
C       -0.042  0.000  0.008  0.031 -0.146  0.000  0.073  0.000  0.001  0.147  0.000  0.000  0.014  0.000 -0.106 -0.059 -0.221  0.095  0.000  0.000  0.000
D       -0.027 -0.045  0.035 -0.020 -0.045  0.000 -0.046  0.037 -0.020 -0.057 -0.039 -0.020 -0.072 -0.018 -0.005  0.002  0.033  0.013 -0.003 -0.046 -0.073
E       -0.011  0.116 -0.052 -0.009  0.036  0.000  0.039 -0.009  0.008 -0.032 -0.057 -0.049 -0.039  0.028  0.018 -0.012 -0.006 -0.018 -0.002 -0.086 -0.249
F       -0.034  0.000 -0.039 -0.062  0.058  0.000  0.146 -0.138 -0.060  0.014 -0.098 -0.008  0.041 -0.005 -0.038  0.029 -0.126 -0.013 -0.073 -0.063  0.203
G       -0.022  0.057  0.013  0.023 -0.123  0.000 -0.008  0.124  0.019 -0.038 -0.092  0.028  0.003 -0.001  0.015  0.010  0.013  0.041  0.136 -0.101  0.032
H       -0.051  0.000 -0.053 -0.059  0.079  0.000 -0.077 -0.215 -0.003  0.076 -0.060 -0.052 -0.031 -0.123 -0.029 -0.030 -0.001 -0.023 -0.171 -0.205 -0.061
I        0.070 -0.213 -0.005 -0.026 -0.071  0.000 -0.106 -0.048 -0.066 -0.019 -0.065 -0.072  0.021 -0.094 -0.065 -0.002 -0.017  0.010 -0.171 -0.077 -0.188
K       -0.037 -0.258 -0.029 -0.012 -0.085  0.000 -0.041 -0.044 -0.002 -0.037 -0.110 -0.007  0.019  0.018  0.013 -0.028 -0.056 -0.079 -0.041 -0.007  0.036
L       -0.015 -0.223 -0.055  0.021 -0.101  0.000 -0.003 -0.058 -0.020 -0.060 -0.108 -0.058  0.018 -0.046 -0.062 -0.053 -0.051 -0.003  0.110 -0.043 -0.064
M        0.007  0.000 -0.061  0.048  0.072  0.000 -0.038 -0.005  0.017 -0.086 -0.034 -0.085  0.011  0.006 -0.027 -0.019  0.005 -0.110  0.076 -0.018  0.045
N       -0.060  0.068  0.030 -0.017 -0.038  0.000 -0.011  0.012  0.001 -0.048 -0.021  0.020 -0.003  0.027  0.051 -0.002 -0.053 -0.004  0.020 -0.053 -0.027
P        0.178  0.000  0.000  0.000  0.130  0.000  0.188  0.077  0.224  0.183  0.183  0.000  0.215  0.240  0.220  0.162  0.168  0.221  0.006  0.253  0.186
Q       -0.019 -0.150 -0.054 -0.021 -0.127  0.000 -0.031 -0.063 -0.061 -0.093 -0.135  0.007  0.014 -0.002 -0.016 -0.023 -0.030 -0.068 -0.096 -0.101  0.000
R       -0.024  0.114 -0.038 -0.023 -0.044  0.000  0.033 -0.051 -0.043 -0.014 -0.068  0.035  0.031 -0.012  0.013 -0.043 -0.033 -0.053  0.000 -0.097 -0.032
S       -0.020  0.141  0.012  0.001 -0.005  0.000  0.081  0.130  0.044  0.035  0.112  0.066  0.043 -0.012  0.069  0.034  0.035  0.047  0.018 -0.009 -0.011
T        0.074  0.000  0.057  0.026 -0.005  0.000  0.172  0.027  0.084  0.036  0.068  0.072  0.023  0.074  0.122  0.063  0.063  0.045  0.205  0.114  0.236
V        0.021  0.000 -0.014 -0.018 -0.057  0.000  0.075  0.022 -0.049  0.007  0.049 -0.010  0.013 -0.004 -0.012 -0.019 -0.003 -0.089  0.003 -0.065  0.147
W        0.107  0.000  0.056  0.020 -0.140  0.000  0.000 -0.162 -0.059  0.025  0.000  0.049  0.037  0.091  0.056 -0.028  0.143  0.080  0.000 -0.094  0.000
Y        0.011  0.000  0.001 -0.049  0.013  0.000 -0.047 -0.061 -0.003 -0.213 -0.191 -0.040 -0.081 -0.070 -0.103 -0.053 -0.055 -0.065  0.000 -0.103  0.101
X        0.215  0.000  0.101 -0.073  0.000  0.000  0.000  0.143  0.084  0.136  0.000 -0.074  0.130  0.049  0.002  0.114  0.193  0.081  0.000  0.120  0.224
