i-1/i     A      C      D      E      F      G      H      I      K      L      M      N      P      Q      R      S      T      V      W      Y      X
A       -0.008  0.000  0.004 -0.033 -0.015  0.000  0.038 -0.065 -0.040 -0.049  0.123  0.005 -0.005  0.010 -0.004 -0.039  0.027 -0.011  0.126 -0.235  0.110
C       -0.026  0.000 -0.059  0.050  0.000  0.000  0.000  0.022 -0.142  0.034  0.000  0.139  0.131  0.053 -0.123  0.071  0.000  0.000  0.000  0.000  0.000
D       -0.002  0.091 -0.037  0.019 -0.085  0.000 -0.003 -0.066  0.006 -0.031  0.012 -0.026 -0.013 -0.020  0.021 -0.023 -0.033  0.049  0.043 -0.046  0.028
E        0.002 -0.021 -0.022  0.000 -0.034  0.000 -0.019 -0.013 -0.004  0.057  0.081 -0.016  0.005  0.043 -0.044 -0.008 -0.020 -0.026  0.000 -0.007 -0.157
F       -0.003  0.208 -0.045  0.053 -0.027  0.000  0.035 -0.051 -0.008 -0.009  0.009 -0.045  0.035 -0.024 -0.008 -0.019 -0.004 -0.096  0.040  0.036 -0.100
G        0.001  0.039  0.045  0.078  0.063  0.000  0.091  0.024  0.041  0.018  0.043  0.063  0.046  0.036  0.082  0.039  0.024  0.003  0.062  0.031  0.021
H       -0.025  0.077 -0.023 -0.002 -0.152  0.000 -0.052 -0.029  0.061  0.009 -0.036 -0.038  0.030 -0.080 -0.035 -0.006 -0.053 -0.024  0.000 -0.027  0.000
I        0.052  0.000  0.031 -0.043  0.103  0.000  0.121  0.042  0.045 -0.024  0.114  0.004 -0.055  0.007  0.112 -0.005 -0.027  0.001 -0.195  0.124  0.143
K       -0.010  0.040 -0.043 -0.025  0.066  0.000 -0.002 -0.065 -0.004  0.010  0.015 -0.078 -0.015  0.037 -0.023  0.008 -0.007  0.031  0.047  0.001 -0.063
L       -0.049 -0.005 -0.049 -0.041 -0.048  0.000 -0.069 -0.039 -0.015  0.011 -0.118 -0.060  0.059 -0.071 -0.011 -0.017  0.018  0.005  0.149  0.045 -0.035
M       -0.028  0.000 -0.007 -0.025 -0.131  0.000 -0.080 -0.044  0.022  0.026 -0.048  0.059 -0.051 -0.047  0.024 -0.034 -0.118  0.001  0.000  0.011 -0.033
N       -0.002  0.000 -0.035  0.011  0.296  0.000 -0.024  0.120 -0.005  0.026  0.016 -0.175  0.042  0.056  0.060 -0.005 -0.077 -0.041 -0.099 -0.059 -0.085
P        0.012 -0.181 -0.080 -0.027  0.033  0.000  0.007 -0.016 -0.019  0.008  0.122  0.043 -0.018  0.043  0.011  0.008 -0.028  0.014 -0.127  0.033 -0.089
Q       -0.023  0.000 -0.031 -0.009  0.040  0.000 -0.050 -0.031  0.033  0.010 -0.027  0.015  0.005  0.029 -0.015 -0.027  0.037  0.038 -0.050  0.147 -0.126
R        0.030  0.028  0.041  0.003  0.022  0.000  0.048  0.011 -0.018  0.008  0.013 -0.019 -0.008  0.039 -0.027 -0.014  0.043  0.027 -0.009  0.120 -0.098
S        0.023  0.027 -0.008  0.040  0.041  0.000  0.029  0.087  0.099  0.011  0.010  0.037  0.071  0.029  0.080  0.015  0.018  0.034  0.048  0.069  0.010
T       -0.038 -0.005  0.067  0.017 -0.086  0.000  0.027 -0.002  0.025  0.058  0.118  0.000 -0.007  0.053  0.034  0.020  0.022  0.045  0.060 -0.006  0.005
V        0.032  0.000  0.038  0.015  0.035  0.000 -0.001  0.034  0.024  0.028  0.033  0.019  0.038  0.058  0.031  0.017  0.052 -0.036 -0.059 -0.020  0.097
W        0.059  0.000  0.102  0.130 -0.022  0.000  0.000 -0.008 -0.049 -0.024 -0.218  0.097  0.001  0.159  0.000 -0.125  0.043 -0.058  0.000  0.000  0.000
Y        0.046  0.000 -0.051 -0.030 -0.040  0.000 -0.087  0.026 -0.021  0.056  0.014  0.012  0.002  0.088  0.050 -0.018 -0.007 -0.034 -0.184 -0.257  0.124
X       -0.029  0.000  0.014 -0.077  0.049  0.000  0.064 -0.190  0.200  0.051  0.040  0.031 -0.017  0.070  0.182  0.028  0.012  0.137  0.000  0.124  0.236
