i-1/i     A      C      D      E      F      G      H      I      K      L      M      N      P      Q      R      S      T      V      W      Y      X
A        0.021 -0.015 -0.109  0.004 -0.386  0.043 -0.348 -0.016  0.016 -0.005  0.012  0.018  0.000  0.051  0.006 -0.043 -0.004 -0.005  0.000 -0.329  0.078
C       -0.089  0.000  0.000  0.037  0.000  0.000  0.000 -0.248 -0.125 -0.513  0.000  0.000  0.000  0.003  0.000 -0.054 -0.317 -0.303  0.000 -0.501  0.000
D        0.027  0.000  0.030 -0.018 -0.083  0.160  0.027 -0.030  0.185  0.117  0.001  0.100  0.000  0.141 -0.082  0.057  0.134 -0.087  0.082 -0.005  0.000
E        0.015 -0.237  0.116  0.031  0.203  0.037  0.100 -0.079  0.076  0.100 -0.064  0.227  0.000 -0.053 -0.003  0.028  0.024  0.134  0.123 -0.090  0.111
F        0.028 -0.399  0.074  0.051 -0.132 -0.236  0.000  0.011  0.043 -0.051 -0.229  0.080  0.000  0.170 -0.002  0.030 -0.070  0.056  0.142  0.126 -0.374
G        0.129  0.316  0.110  0.176  0.056  0.170  0.283  0.033  0.131  0.044  0.212  0.190  0.000  0.146  0.176  0.182  0.063  0.068  0.132  0.139 -0.031
H        0.165  0.000  0.194  0.162 -0.013  0.345  0.184  0.119 -0.022  0.076  0.137  0.092  0.000  0.289  0.178  0.127  0.008 -0.134  0.000 -0.004  0.000
I       -0.049 -0.245 -0.073 -0.025 -0.083  0.069  0.231 -0.052 -0.023  0.122 -0.132  0.029  0.000 -0.209  0.040 -0.095 -0.061 -0.102  0.024  0.241 -0.323
K        0.117  0.000 -0.033  0.022 -0.235  0.055  0.153 -0.006  0.003  0.151  0.079  0.054  0.000  0.004  0.105 -0.016 -0.009 -0.022 -0.059 -0.028  0.007
L        0.065  0.214 -0.005 -0.009 -0.142  0.115  0.055  0.018  0.046 -0.070  0.015 -0.089  0.000 -0.036 -0.095 -0.090 -0.120 -0.139 -0.137 -0.155 -0.041
M        0.102  0.000 -0.096  0.162 -0.223  0.178  0.083  0.205  0.029  0.243  0.219  0.184  0.000  0.173  0.248  0.005  0.035  0.020  0.000  0.126  0.101
N       -0.076  0.000  0.040 -0.016 -0.082  0.035  0.142 -0.019  0.173  0.026 -0.104  0.049  0.000  0.117 -0.158  0.060 -0.042  0.181 -0.232  0.054 -0.084
P        0.072  0.132 -0.038 -0.054 -0.225  0.072  0.418 -0.305  0.075  0.020 -0.230  0.176  0.000 -0.192 -0.006  0.016 -0.091 -0.111  0.000  0.009  0.153
Q        0.074  0.000  0.050  0.020  0.041  0.135  0.140 -0.206  0.119  0.026  0.103  0.110  0.000 -0.002  0.188 -0.022  0.007 -0.033  0.119 -0.027 -0.463
R        0.127  0.000  0.185  0.078 -0.070  0.129 -0.259  0.172 -0.008  0.249  0.179  0.020  0.000 -0.077  0.108 -0.035 -0.050  0.059 -0.028  0.092  0.244
S       -0.005 -0.184 -0.084 -0.017 -0.098  0.053  0.105 -0.006  0.040  0.017  0.167  0.037  0.000  0.069 -0.025 -0.002  0.031  0.028  0.025  0.016  0.133
T       -0.016 -0.237 -0.022  0.089 -0.093  0.077  0.026  0.139  0.070  0.093  0.183  0.192  0.000  0.223 -0.055  0.060  0.046 -0.168 -0.065  0.238  0.018
V        0.118  0.000  0.055  0.011 -0.075  0.106  0.045 -0.015 -0.006  0.092  0.242  0.254  0.000 -0.064 -0.041 -0.081 -0.086  0.058 -0.045 -0.124 -0.154
W        0.059  0.000 -0.312  0.177  0.000 -0.071  0.292  0.255 -0.012 -0.042  0.000  0.000  0.000  0.084 -0.025 -0.110  0.000 -0.199  0.000  0.000  0.000
Y       -0.065  0.000  0.013  0.105 -0.486 -0.213 -0.214 -0.141 -0.052  0.015  0.000  0.150  0.000  0.084 -0.260 -0.093 -0.131  0.044  0.000 -0.198 -0.083
X        0.028  0.000 -0.001  0.057  0.030  0.340  0.000  0.000  0.189  0.021  0.406 -0.247  0.000  0.335  0.068 -0.019  0.041  0.036  0.000  0.008 -0.263
