i-1/i     A      C      D      E      F      G      H      I      K      L      M      N      P      Q      R      S      T      V      W      Y      X
A       -0.013  0.232 -0.004  0.104  0.077  0.124  0.034 -0.036  0.022  0.082 -0.040  0.048  0.000  0.154  0.025 -0.063 -0.130 -0.082 -0.226  0.304 -0.198
C        0.169  0.000  0.000  0.086 -0.160 -0.089  0.000 -0.386  0.000 -0.219  0.000  0.000  0.000  0.000  0.000 -0.022 -0.298  0.000  0.000  0.000  0.000
D        0.048  0.000  0.004  0.082 -0.188  0.026  0.011  0.075  0.123 -0.033 -0.083  0.152  0.000  0.080 -0.086  0.048  0.150  0.015  0.096  0.180  0.234
E       -0.009  0.349  0.063  0.059 -0.106  0.066  0.346  0.111  0.056  0.015  0.038 -0.049  0.000  0.116 -0.025 -0.151  0.155 -0.019 -0.121  0.087 -0.290
F        0.051  0.000 -0.032 -0.078  0.081  0.005 -0.241  0.000 -0.255 -0.004 -0.398 -0.152  0.000 -0.119 -0.067 -0.009 -0.024 -0.198  0.000 -0.253 -0.150
G        0.039  0.515 -0.008  0.070 -0.038  0.073  0.033  0.262  0.052  0.127  0.042 -0.038  0.000  0.084  0.046  0.137 -0.080  0.118 -0.122  0.095  0.375
H       -0.396  0.000 -0.014 -0.088  0.315  0.074  0.134  0.311 -0.017  0.073  0.062  0.098  0.000  0.132  0.023 -0.053 -0.053  0.207  0.285  0.394 -0.299
I       -0.061 -0.343 -0.019  0.184 -0.287 -0.039 -0.195 -0.260 -0.210 -0.237 -0.218 -0.173  0.000 -0.019  0.083 -0.156 -0.189 -0.200  0.161 -0.284 -0.204
K       -0.175  0.422 -0.123 -0.078  0.084 -0.032  0.125  0.068 -0.057  0.044  0.020 -0.086  0.000 -0.083  0.001 -0.111 -0.017  0.021  0.140  0.105  0.210
L       -0.055 -0.401  0.014 -0.120 -0.268 -0.032 -0.066 -0.118 -0.064 -0.265 -0.192 -0.239  0.000 -0.176  0.109 -0.108 -0.009 -0.021  0.224 -0.146  0.118
M       -0.125  0.000  0.065 -0.201  0.156  0.047  0.000 -0.149 -0.125 -0.120  0.214 -0.216  0.000  0.067  0.132  0.182 -0.168  0.032  0.000  0.000 -0.002
N       -0.049  0.000  0.097  0.053 -0.242 -0.001 -0.003  0.256 -0.019  0.059  0.108  0.137  0.000 -0.003  0.055  0.171  0.043  0.119 -0.586 -0.336 -0.348
P       -0.056 -0.106 -0.040 -0.042  0.120  0.080 -0.045 -0.073 -0.052 -0.028 -0.076  0.039  0.000 -0.100 -0.075 -0.025  0.019  0.081 -0.081  0.139  0.081
Q       -0.006  0.000 -0.042  0.077 -0.052  0.069  0.209  0.038 -0.073 -0.063 -0.139  0.035  0.000 -0.002  0.037 -0.049 -0.004 -0.023  0.254 -0.060  0.000
R        0.041  0.360  0.014 -0.025 -0.262  0.046 -0.101 -0.000  0.042  0.075  0.372  0.120  0.000 -0.034  0.036 -0.075  0.138 -0.014  0.245  0.320  0.382
S        0.135  0.227  0.022  0.165  0.180  0.069  0.173  0.273  0.022  0.053  0.182  0.170  0.000 -0.055  0.035  0.069  0.040  0.113  0.026  0.138  0.117
T        0.178 -0.106  0.102 -0.017  0.055 -0.041  0.145 -0.103  0.096 -0.035  0.079 -0.077  0.000  0.075 -0.007 -0.032 -0.054  0.052  0.000  0.027  0.152
V       -0.033  0.242 -0.010  0.067 -0.302  0.050 -0.361 -0.155 -0.238 -0.042 -0.104 -0.137  0.000 -0.082 -0.070 -0.047 -0.135 -0.048  0.000 -0.158  0.186
W        0.321  0.000  0.097 -0.071 -0.052  0.039  0.000 -0.173 -0.062 -0.122  0.000  0.189  0.000 -0.314 -0.206 -0.170  0.000  0.087  0.000 -0.097  0.000
Y        0.392 -0.408 -0.116 -0.129 -0.179 -0.127 -0.372 -0.127 -0.326 -0.131 -0.007 -0.213  0.000  0.056 -0.363 -0.051  0.047 -0.054  0.000 -0.186 -0.486
X        0.216  0.000  0.000  0.210  0.459 -0.051  0.000 -0.078  0.139  0.167  0.000  0.137  0.000  0.000 -0.280  0.086  0.285  0.000  0.000  0.529  0.447
