i-1/i     A      C      D      E      F      G      H      I      K      L      M      N      P      Q      R      S      T      V      W      Y      X
A        0.055  0.267 -0.063  0.018  0.106 -0.027  0.249  0.152 -0.076 -0.006 -0.006 -0.075  0.000 -0.021  0.002 -0.010  0.049 -0.035 -0.472  0.135 -0.102
C       -0.168  0.000 -0.133 -0.092  0.196  0.052 -0.323  0.000  0.008 -0.101  0.000  0.000  0.000  0.000  0.011 -0.203 -0.153 -0.025  0.000  0.000  0.000
D        0.148  0.140  0.037  0.022 -0.088  0.110 -0.025 -0.120  0.104  0.013  0.132  0.047  0.000 -0.071  0.071 -0.107  0.002  0.016  0.216  0.088 -0.216
E        0.057  0.258  0.011  0.048  0.036  0.041 -0.185  0.134  0.066  0.026 -0.076  0.122  0.000  0.047  0.044  0.023 -0.009 -0.136  0.579  0.246  0.126
F       -0.170  0.000 -0.141 -0.020  0.049 -0.247  0.048 -0.261  0.062  0.026  0.264  0.143  0.000  0.109 -0.083 -0.061 -0.277 -0.078  0.000  0.002  0.053
G       -0.151 -0.173  0.002  0.040 -0.117  0.042 -0.198 -0.226 -0.129 -0.107 -0.203 -0.260  0.000 -0.180 -0.097  0.051 -0.026  0.013  0.072  0.020 -0.137
H       -0.053 -0.093  0.047 -0.024  0.091 -0.049  0.171  0.000 -0.119 -0.157 -0.142  0.248  0.000 -0.078 -0.138  0.032 -0.099 -0.044  0.291  0.211 -0.346
I        0.042  0.152 -0.044  0.056 -0.322 -0.182  0.119  0.226 -0.037  0.305  0.220 -0.063  0.000  0.141  0.045 -0.053  0.065  0.007  0.323  0.265  0.082
K       -0.031 -0.063 -0.042 -0.017 -0.119  0.076  0.209  0.110 -0.038 -0.019 -0.101 -0.083  0.000 -0.076 -0.038 -0.047 -0.206  0.063  0.111 -0.171  0.117
L        0.110  0.290 -0.063  0.059 -0.095 -0.133 -0.010  0.049 -0.037 -0.014 -0.011  0.011  0.000 -0.006 -0.083 -0.057  0.073  0.063  0.135  0.268 -0.289
M        0.326  0.000 -0.086 -0.167 -0.046  0.051  0.274  0.292 -0.051  0.199 -0.066  0.089  0.000  0.113  0.121 -0.018  0.110  0.241 -0.085  0.226  0.388
N       -0.048  0.322  0.015 -0.042 -0.032  0.031 -0.304  0.007 -0.109  0.004 -0.112  0.009  0.000 -0.036  0.037  0.012 -0.053  0.029 -0.143  0.020 -0.349
P       -0.040 -0.066  0.037 -0.053 -0.028  0.028 -0.094  0.059 -0.001 -0.036 -0.011  0.096  0.000  0.043  0.074 -0.090 -0.063  0.005 -0.001 -0.188  0.188
Q       -0.056  0.006  0.091 -0.013 -0.064  0.114 -0.217  0.030 -0.006 -0.065 -0.205  0.116  0.000  0.046  0.060 -0.051  0.107  0.054  0.325  0.173 -0.408
R       -0.043 -0.155  0.081 -0.001 -0.092  0.093 -0.111  0.070  0.015  0.120 -0.022  0.110  0.000  0.124  0.086  0.047  0.016 -0.005  0.000  0.018  0.141
S        0.071  0.218  0.061  0.091  0.127  0.214  0.136  0.083  0.097  0.049  0.152  0.046  0.000 -0.137  0.014  0.142  0.079  0.011 -0.103  0.063 -0.018
T        0.096  0.000  0.067  0.097 -0.041  0.052  0.038  0.097  0.072  0.176  0.219  0.120  0.000  0.195  0.093 -0.128  0.167  0.195  0.050  0.261  0.149
V        0.128  0.000  0.016  0.030 -0.126 -0.132  0.206  0.122  0.079  0.067  0.343  0.001  0.000 -0.011 -0.046 -0.064  0.039  0.106 -0.149  0.064  0.065
W       -0.175  0.000  0.038  0.099 -0.467 -0.121  0.000 -0.370  0.047  0.174  0.000 -0.199  0.000  0.343 -0.110  0.115  0.079 -0.138  0.000  0.014  0.000
Y       -0.109  0.000  0.186 -0.025  0.105 -0.262 -0.233  0.065 -0.059  0.346  0.365 -0.030  0.000  0.009 -0.192 -0.199 -0.232 -0.141  0.000  0.296  0.353
X        0.346  0.000  0.062  0.345 -0.085  0.424  0.000  0.019  0.063  0.072  0.405  0.269  0.000  0.020  0.070 -0.273  0.096  0.196  0.000  0.281  0.328
