i-1/i     A      C      D      E      F      G      H      I      K      L      M      N      P      Q      R      S      T      V      W      Y      X
A        0.010 -0.505 -0.088  0.044 -0.148 -0.071  0.044  0.198  0.033  0.279  0.324 -0.094  0.000 -0.002  0.017 -0.070 -0.017  0.008  0.035  0.276  0.013
C        0.265  0.392 -0.264  0.310  0.000 -0.071  0.000 -0.270 -0.237  0.120  0.000  0.038  0.000  0.184  0.106  0.406  0.000 -0.118  0.000  0.000  0.000
D       -0.055  0.238  0.053 -0.048  0.018  0.014 -0.045 -0.105 -0.022  0.059 -0.011  0.059  0.000  0.197 -0.105 -0.087 -0.046 -0.090  0.067  0.046 -0.130
E        0.003  0.271  0.040  0.023 -0.142  0.101  0.111  0.185  0.062  0.015  0.114  0.132  0.000  0.046  0.075 -0.012 -0.081  0.059  0.421  0.084 -0.087
F        0.149 -0.182 -0.005 -0.020  0.048  0.047  0.359  0.017 -0.062 -0.168  0.000 -0.014  0.000  0.124 -0.165 -0.177  0.004 -0.128 -0.539  0.085  0.207
G       -0.104 -0.102 -0.050 -0.079 -0.362 -0.001 -0.183 -0.200 -0.126 -0.154 -0.089  0.011  0.000 -0.105 -0.114 -0.079 -0.104 -0.236 -0.233 -0.144 -0.171
H        0.037 -0.026 -0.134  0.192  0.270 -0.112  0.186  0.016  0.098 -0.003  0.132 -0.138  0.000  0.054 -0.010 -0.102 -0.136  0.083  0.000  0.210  0.000
I        0.049  0.000  0.051  0.144 -0.108 -0.108 -0.121 -0.252  0.208  0.087  0.099  0.115  0.000 -0.005  0.036  0.123  0.057  0.348 -0.112 -0.133  0.003
K       -0.044 -0.028  0.037  0.002 -0.161 -0.030 -0.001  0.153  0.044  0.013  0.021 -0.059  0.000 -0.036 -0.010  0.005 -0.004 -0.038 -0.195  0.011 -0.071
L       -0.007 -0.319 -0.080 -0.044 -0.231 -0.120  0.249 -0.177 -0.061  0.006 -0.131 -0.090  0.000 -0.010 -0.060 -0.046 -0.092  0.012  0.074 -0.400 -0.421
M        0.069  0.000 -0.083  0.079 -0.623 -0.022  0.000 -0.041 -0.051  0.039  0.004  0.029  0.000  0.008  0.048  0.059 -0.127  0.217 -0.108 -0.063  0.000
N       -0.119  0.000 -0.121 -0.039  0.212 -0.096  0.023 -0.070 -0.093 -0.087 -0.154 -0.066  0.000 -0.205 -0.117 -0.163 -0.234 -0.078 -0.153 -0.009 -0.060
P        0.175  0.044  0.075  0.157  0.106  0.212  0.160  0.144  0.222  0.242  0.309  0.126  0.000  0.231  0.219  0.200  0.123  0.103 -0.029  0.075 -0.157
Q       -0.050  0.000 -0.030  0.087  0.134 -0.010  0.056  0.173  0.060  0.021 -0.027  0.167  0.000  0.087 -0.038 -0.087  0.009 -0.016  0.246  0.209 -0.034
R        0.134  0.093  0.037  0.113  0.029  0.001 -0.213 -0.006  0.049  0.043  0.160  0.073  0.000  0.081  0.062 -0.000  0.057  0.037  0.112 -0.090  0.022
S        0.146 -0.053  0.090  0.154 -0.118  0.052  0.172  0.024  0.026  0.122  0.162  0.116  0.000  0.073  0.127  0.099  0.033  0.077 -0.217  0.184  0.072
T        0.047  0.098  0.056  0.078 -0.061  0.051  0.104  0.245  0.019  0.128  0.003  0.013  0.000 -0.026  0.053 -0.071 -0.054  0.118  0.103  0.116  0.138
V        0.131 -0.035  0.131  0.065  0.178  0.028  0.400  0.136  0.202  0.139  0.099  0.340  0.000  0.221  0.030  0.120  0.158  0.231  0.304  0.300  0.114
W        0.261  0.000 -0.025 -0.222 -0.455  0.005 -0.266  0.106 -0.437  0.075 -0.199 -0.088  0.000  0.382  0.000  0.141 -0.166 -0.095  0.000  0.000  0.000
Y        0.062  0.000  0.083 -0.145  0.042 -0.104 -0.084 -0.210 -0.038 -0.085  0.000 -0.143  0.000 -0.036 -0.008 -0.082  0.134 -0.360 -0.158  0.324 -0.248
X        0.304  0.000  0.000  0.141  0.178  0.467  0.515 -0.005  0.264  0.407  0.000  0.000  0.000  0.000  0.257  0.269  0.350  0.391  0.000  0.176  0.000
