i-1/i     A      C      D      E      F      G      H      I      K      L      M      N      P      Q      R      S      T      V      W      Y      X
A        0.004 -2.960 -0.460 -0.103 -2.113 -0.558 -1.280 -0.509  0.480  0.412  1.464 -0.080  2.112 -0.342  0.071 -0.007 -0.431 -0.055  0.000 -2.526  2.459
C        0.447  0.000  0.000 -0.499  0.000  0.934  0.000 -0.106  0.890 -1.561  0.000  0.000  0.000 -1.589  1.536 -0.547  0.682 -2.257  0.000 -1.754  0.000
D       -0.652  0.000  1.181  0.092 -0.522 -0.310  1.660  0.472  1.675  0.655  1.483  0.619  0.000  1.899 -0.167  0.721  1.197  0.282  1.682  0.014  0.000
E        0.951 -0.078  0.295  0.329  0.724  0.004  1.567 -0.380  1.301  1.206 -0.227  2.074  3.051  0.486  1.136  0.731  0.765  0.807  0.109  0.909  0.558
F       -0.284 -0.675 -0.208 -1.521  0.108 -0.734 -2.132  1.282  0.141  0.690  0.000 -0.218  0.000 -0.297 -0.905  0.209 -0.583 -0.601  1.719 -0.238  0.000
G        0.701  0.893  0.487  0.881  0.634 -0.051  1.090  0.567  1.155  0.865  0.915  0.653  3.165  0.924  1.464  0.407  0.442 -0.036  1.076  0.613 -0.142
H        1.211  0.000  0.015  0.400  0.115 -0.644  1.568  0.085 -0.528  0.209  0.000  0.039  0.000 -0.500 -0.075  1.455  0.812 -0.481  0.000  0.381  0.000
I        0.274  3.132  0.416  0.810  2.631 -0.518  1.383  0.825  1.011  0.724  0.338  1.773  0.000  1.900 -0.351  0.472  1.734  0.000  2.445  1.846 -0.176
K        0.896  0.000  0.615  1.183  0.192  0.128  0.051  1.262  0.394  2.033  1.000  0.815  0.000  1.505  1.308  0.698  0.779  0.221  0.883 -0.216  0.000
L       -0.023 -1.039  0.316  0.066  0.636 -0.615  0.094  0.390 -0.128 -0.540 -1.396  0.023  0.000  0.999 -0.649 -0.618  0.219 -2.626 -1.823 -0.054  0.000
M       -0.320  0.000 -0.713  1.089  1.585 -0.923  0.033  0.971  0.250  0.680  1.348  1.344  0.000  1.465  2.414  0.028 -0.070 -0.541  0.000  0.371 -0.657
N       -0.168  0.000  0.526 -1.139  0.706 -0.012  0.595  0.003 -0.572 -0.119  0.500  1.258  0.000  1.763  1.082  0.135 -0.899  0.436  0.597  0.408  0.467
P        0.685  1.503 -0.079  1.056  0.446 -0.359  0.652  1.650  0.305  2.057  1.722  0.658  3.702 -1.274  0.892  0.768  0.837 -0.231  0.000  3.132  1.572
Q        1.007  0.000  0.383  1.060 -1.869 -0.349 -0.579 -0.313  0.655  0.015  2.066  0.187  0.000  0.440  0.277  0.008  0.940  1.456 -1.228  0.415  0.000
R       -0.089  0.000  0.773 -0.515  1.303  0.774  1.315  1.448  1.501  1.485  1.056  1.268  0.000  0.425  1.023  0.928 -0.626  1.414  0.043  1.632  0.880
S        0.208 -1.489  0.430  0.080  0.157  2.793  0.580  0.046  0.565  0.660  0.236  0.754 -3.973  0.213  0.383 -0.161 -0.045  0.737 -0.211  1.158 -0.044
T        0.092  0.918 -0.004  0.328  1.699 -0.271  0.840  0.247  1.253  0.376  0.371  1.606  0.000  1.041 -0.460  0.385  0.895 -1.042  0.777 -0.010 -0.718
V        0.789  0.000  0.771  0.705 -0.265  0.191  0.012  0.983  1.502  1.834  1.526  0.161  0.000  0.332  0.609  0.279 -0.264  1.715 -0.058 -0.244  0.000
W        0.010  0.000 -0.699  0.695  0.000 -0.751  1.071  0.834  1.012 -0.590  0.000  0.000  0.000 -1.851  2.783 -0.525  0.000  0.280  0.000  0.000  0.000
Y        1.403  0.000  0.997  0.874  0.731 -0.859  1.773 -1.593 -0.653  0.129  0.000 -1.805  0.000 -0.949 -1.371 -0.335  0.159  0.531  0.000 -0.040  0.000
X        0.000  0.000 -0.648 -0.970  0.000 -0.033  0.000  1.055  0.000 -0.778  0.000  2.049  0.000  0.252 -0.328 -1.481 -2.344  1.774  0.000  0.000 -2.683
