i-1/i     A      C      D      E      F      G      H      I      K      L      M      N      P      Q      R      S      T      V      W      Y      X
A       -0.204  0.407 -0.124  0.033  0.284 -0.210 -1.380 -0.999 -0.119  0.712 -0.279 -0.681  3.111 -0.290  0.467  0.227 -0.882  1.695 -0.650  0.411 -0.183
C       -2.024  0.000  0.000 -2.448  0.000 -1.728  0.000 -1.422  0.000 -1.228  0.000  0.000  0.000  0.000  0.000 -1.060  1.770  0.000  0.000  0.000  0.000
D        0.253  0.000 -0.339  0.207 -1.417 -0.726  0.164  0.375  0.301 -0.261  0.071  0.417  0.000  0.449 -0.683 -0.355 -0.227  1.473  0.098  1.617 -0.504
E       -0.268  2.341 -0.002 -0.146  0.496 -0.506 -0.253  1.380  0.295 -0.128  2.159  0.087  0.000  0.454 -0.468 -0.470  0.707  0.197 -0.435  0.183  1.547
F       -0.590  0.000 -0.542 -0.965 -1.559 -1.199 -1.240  1.425 -2.617 -1.131 -0.160 -1.219  0.000 -0.804 -0.820 -0.645  0.591 -1.039  0.000 -1.309  1.765
G        0.258  2.869 -0.421 -0.079  0.530 -0.439  0.243  1.237  0.593  1.007  0.320  0.094  0.000  0.052  0.237 -0.375 -0.333  0.276 -1.836  1.712  3.066
H       -1.903  0.000 -0.595 -0.690 -1.931 -0.680  0.846  1.550  0.660 -0.190 -0.498 -0.316  0.000  0.867 -0.476 -0.317 -1.534 -0.394  0.367  2.178  0.000
I       -1.052 -3.373 -0.281  0.385 -1.969 -1.069 -2.196  0.000 -2.024 -2.227 -1.857 -1.136  0.000 -1.658  0.559 -1.422 -1.771 -1.714 -0.366  0.000  1.401
K       -0.393  3.664 -0.482 -0.766  0.420 -1.074 -0.093  0.750 -0.830 -0.497 -0.689 -1.447 -3.825 -1.033  0.117 -0.599  0.404 -0.091  0.652  0.290  2.274
L       -0.992 -1.597 -0.587 -1.011 -2.924 -0.791 -1.995 -0.653 -0.103 -2.620 -1.540 -1.505  0.000 -1.801  0.153 -0.561 -1.151 -1.306  0.346 -0.465 -0.191
M       -1.696  0.000  0.798  0.180 -3.058 -1.216  0.000 -2.685 -0.725 -1.285  0.254  0.053  0.000 -0.292  1.727 -1.131 -1.826 -1.037  0.000  0.000 -0.831
N       -0.406  0.000  1.254 -0.240 -2.812 -0.608 -1.249  1.505 -0.074  0.820  0.305  1.095  0.000 -1.028 -0.663  0.709  0.756  0.736 -1.331 -0.774  0.000
P       -0.197  0.130 -0.345 -0.060  0.756 -0.473 -2.068  0.320 -0.104 -0.077 -0.944 -0.166  3.562 -0.454 -0.830 -0.048 -0.806  1.237 -1.544 -0.577 -1.880
Q       -0.730 -1.029 -0.791  0.264  1.479 -0.242  0.947  0.886  0.095 -0.335 -2.289  0.506  0.000  0.341 -0.307  0.256  0.135 -0.445  2.853 -0.656  0.000
R       -0.174  1.119  0.011 -0.692 -2.564 -1.169  1.235 -0.284 -0.551 -0.520  0.577  0.119  0.000 -0.605  0.205 -0.028  0.042 -0.309  0.025 -0.018  0.000
S       -0.063  1.710 -0.034 -0.003  1.281  0.335  1.336  1.210 -0.284  0.208  1.309  1.288  0.000 -0.094  0.220  0.133 -0.071  0.206 -0.315  0.571 -0.180
T        0.154 -2.708  0.111 -0.465  0.123 -1.368 -1.005  0.156  0.101 -0.295 -0.682 -0.752  0.684  0.544 -0.866 -0.870 -0.083 -0.399  0.000  0.756  0.000
V       -1.721 -0.076 -0.852 -0.675 -2.521 -1.235 -2.828 -1.284 -1.293 -1.581 -0.295 -0.949  0.000 -0.565 -0.528 -1.049 -1.136  0.014  0.000 -2.480  0.338
W        2.762  0.000  1.737 -1.410 -0.008 -1.260  0.000 -0.105  0.324 -1.512  0.000 -0.041  0.000  0.000 -0.255 -0.547  0.000  1.841  0.000 -1.475  0.000
Y        1.745  0.000 -0.687 -1.022 -2.141 -1.483 -2.096 -3.328  0.000 -1.819 -0.989 -1.097  0.000 -0.022 -2.045 -0.614  0.326 -1.045  0.000 -1.125  0.000
X        1.542  0.000  0.000 -1.249  3.849 -1.378  0.000  1.524  0.301  0.000 -0.026 -2.090  0.000  0.000 -2.865  1.559 -0.868  0.000  0.000  0.000 -0.009
