i-1/i     A      C      D      E      F      G      H      I      K      L      M      N      P      Q      R      S      T      V      W      Y      X
A       -0.301  2.472 -0.366 -0.260 -0.196 -1.029 -0.511  0.995 -0.696  0.083 -0.120 -0.609  0.625  0.462  0.047 -1.037 -0.303 -0.473 -2.481  0.935  2.972
C        0.104  0.000 -1.195 -1.335 -1.888 -1.028  0.000  0.000 -0.715 -1.224  0.000  0.000  0.000  0.000 -1.382  0.105 -1.344  0.000  0.000  0.000  0.000
D        0.470  1.201  0.236 -0.474 -0.263 -0.271 -0.826 -1.315  0.031  0.034 -0.099 -0.470  0.000  0.087  0.228 -0.447 -0.422 -0.631  1.777  0.478 -0.559
E       -0.557  2.504 -0.244 -0.021  0.462 -0.563  0.495  0.801  0.379  0.341 -1.210  0.395  0.000  0.131  0.031 -0.126 -0.468 -0.146  1.185  1.232  0.901
F        0.130  0.000 -0.932 -0.930 -0.026 -2.839  0.130  0.269  0.284 -2.526 -0.269 -0.042  0.000  0.331  0.382 -1.129 -0.741  0.408  0.000  0.746  0.000
G       -2.069 -3.742 -0.360 -0.417 -1.194 -0.622 -2.127 -3.945 -1.038 -2.326 -2.216 -0.787  0.000 -1.382 -1.656  0.421 -2.319 -1.296 -1.451  0.000 -1.708
H       -0.749 -0.399 -1.249 -0.755  1.198 -1.242  1.118  1.671 -1.411 -0.619  1.794 -0.082  0.000 -0.076 -1.017 -0.112 -0.684 -0.016  1.417  3.115  0.000
I       -0.054  0.000 -0.563 -0.115 -1.604 -1.172 -2.079  0.710 -0.549  0.050  1.272 -1.028  0.000  0.381 -1.133  0.019  2.143 -0.612  1.456  2.414  0.000
K        0.057 -0.643  0.248 -0.526 -0.890 -0.334 -1.915  1.867  0.327 -0.471  0.230  0.174  0.000 -0.249 -0.476 -0.345 -0.130  1.139  0.306 -1.188 -0.549
L        0.441  1.595 -0.573 -0.679 -0.551 -1.260 -0.937  0.515 -0.900  0.045 -0.019 -0.827  0.000 -1.044 -1.291 -0.437  0.974  0.012  0.645  1.040 -0.715
M        0.298  0.000  0.260 -0.452  1.211 -0.491 -0.162  1.308 -1.512 -0.804 -0.092 -1.942  0.000  0.454 -0.874 -0.822  0.105  1.343 -1.842  1.249  0.711
N       -0.464  1.608 -0.054 -0.391 -1.961 -0.719 -3.144 -0.860 -1.965 -1.527 -0.444 -0.630  2.803 -0.223 -0.330 -0.059 -1.257 -0.664 -1.059 -0.718  0.000
P        0.914  0.601  0.972  1.237  1.433  0.344 -0.401  2.247  1.256  1.350  2.044  1.081  2.450  0.635  1.298  0.820  2.960  1.084  1.904  0.564  0.793
Q       -0.499  1.394 -0.388 -0.497  0.277 -0.232  0.210 -0.960 -0.588 -0.240 -1.232 -0.658  0.000 -0.095  0.182 -0.524  0.037  0.385  2.296 -0.048  0.000
R       -0.150 -1.194 -0.162 -0.535 -1.528 -0.908  0.514 -0.166  0.148 -0.037 -1.435 -0.038  0.000  0.079  0.731 -0.602 -0.138 -0.182  0.000 -1.077  0.000
S       -0.125  0.323  0.118  0.117 -0.239  0.511 -0.673 -0.102  0.371  0.004  0.123  0.014  2.675 -1.161 -0.089 -0.250 -0.520 -0.607 -0.677 -0.269  0.340
T        0.301  0.000  0.274  0.043  1.058 -0.716  0.222  1.055 -0.552  1.141 -0.405  0.586  0.000  0.783  0.621 -0.762 -0.189  1.390  1.534  1.549  0.235
V        0.289  0.713 -0.880 -0.630 -0.981 -1.016  1.235  1.075  0.048  0.537  1.962  0.006  3.438 -0.239 -0.616 -0.387  0.598  1.886 -1.617  0.852 -0.096
W       -1.114  0.000  0.617 -0.408 -1.901 -1.834  0.000 -2.752 -0.128 -0.305  0.000 -0.690  0.000  0.771 -0.365 -2.022 -0.293  0.268  0.000  0.691  0.000
Y       -0.507  0.000  0.374 -0.209 -0.265 -2.636 -1.216 -0.989 -0.603  0.894  0.232 -1.214  0.000 -1.655 -1.630 -0.803 -1.625  0.487  0.000  1.708  0.000
X       -2.078  0.000 -1.763 -1.343  0.000 -0.782  0.000  0.000 -1.477 -0.278 -0.104  0.807  0.000  0.053 -0.989  0.000 -1.730  0.000  0.000  0.000  2.686
