i-1/i     A      C      D      E      F      G      H      I      K      L      M      N      P      Q      R      S      T      V      W      Y      X
A       -0.882 -1.520 -1.680 -1.493 -0.278 -2.460 -2.087 -0.798 -1.154  0.100 -0.347 -1.124  0.000 -0.880 -0.952 -1.278 -0.327 -1.067 -1.474 -0.070 -0.764
C        2.126  3.186  2.087  0.000  0.000 -0.459  0.000  0.000  0.000  1.508  0.000  0.000  0.000  3.263 -0.224  2.095  0.000  0.065  0.000  0.000  0.000
D       -0.417  0.615 -0.202 -0.499  0.532 -1.276 -0.820 -0.766 -0.475  0.367  0.185 -0.206  0.000 -0.485 -0.851 -0.704  0.057 -1.533 -1.198  0.706 -1.472
E        0.421  0.459  0.667  0.661 -0.479 -0.352 -0.183  1.214 -0.081  0.531  0.669  0.052  0.000  0.672  0.674 -0.123  0.286  0.914  2.745  1.061  0.190
F        0.052  0.606  1.307  1.718  1.195 -0.994  1.062 -0.926  0.851 -0.066 -0.110  1.231  0.000  1.824 -0.039  0.639  1.662  1.506 -1.813  0.075  1.841
G       -1.347 -0.133 -0.855 -1.308 -0.764 -1.231 -1.379 -1.137 -2.039 -1.336 -1.243 -0.616  0.000 -1.111 -1.476 -0.789 -1.442 -2.081 -1.945 -0.134 -2.095
H        0.420 -2.079  0.832  1.213  3.147 -1.377  2.590  2.060 -0.449  0.203  1.071 -0.476  0.000 -0.379  0.944 -0.267  1.428  2.608  0.000  0.000  0.000
I        3.063  0.000  2.714  0.000  3.047  0.454  2.457  3.292  0.000  3.600  0.000  0.000  0.000  0.000  3.273  0.000  3.627  0.000  3.338  0.621  0.000
K       -0.346  0.164  0.212  0.758 -0.990 -0.710 -1.239  1.253  1.377  0.823  0.815 -0.223  2.851  0.856  0.424  0.172  0.471 -0.096 -0.985  0.761  1.977
L        0.527 -1.369 -0.924 -0.415  0.164 -1.521  0.879  0.225 -0.003 -0.083 -1.499 -1.151  0.000 -0.434 -0.430 -0.636 -0.342  0.681  1.943 -2.863  0.355
M        0.716  0.000  0.386 -0.750 -1.361 -1.710  0.000  1.620  0.720  1.485  2.276  1.306  0.000 -0.864  1.277  0.014  2.231  1.406  1.847  0.052  0.000
N       -0.252  0.000 -1.100 -0.969  0.660 -1.125  0.460 -2.209 -0.442 -0.761 -2.022  0.143  0.000 -1.296 -0.708 -1.361 -0.667 -1.233 -1.067 -0.325 -2.014
P       -0.256 -2.531 -1.328 -0.513  0.399 -0.825 -0.939 -0.294  0.107  0.662  0.380 -1.629  1.786 -0.259  0.341 -0.228 -1.148 -0.225 -0.556 -0.155  0.228
Q        0.672  0.000 -0.078  0.482  0.303 -0.912 -0.149  0.870 -0.028  1.135  0.042  0.177  0.000  1.012  1.032  0.028 -0.555 -0.016  0.172 -1.277  1.225
R        0.245  2.369  0.329  0.384  0.997 -0.733 -0.612  0.293 -0.477  0.447  0.777 -0.620  0.000  0.471  0.805  0.032  0.946 -0.304  0.584  1.646  0.287
S        1.409  2.545  1.081  0.607  0.761  2.237  0.769  0.117  1.000  1.642  1.459  1.930  0.000  0.625  1.963  1.299  1.041  1.392  0.203  2.344 -0.318
T        1.968  1.007  0.659  1.435  1.834  0.507  1.158  2.547  0.945  2.380  2.772  1.761  0.000  0.919  0.396  1.092  0.788  2.303  1.055  2.490  1.329
V        0.000  2.515  2.583  2.874  2.569  1.525  3.393  3.742  0.000  2.998  0.000  3.157  0.000  0.000  2.577  2.243  3.284  0.000  0.000  3.006  0.000
W       -0.054  0.000  0.072  0.013  2.260  0.349  0.000  2.724  0.273  0.733  1.940 -0.163  0.000  0.000  0.000  1.512  1.203  3.596  0.000  0.000  0.000
Y        0.870  0.000  0.846  1.184  0.933 -1.724  3.072  3.189  0.530  1.692  1.111  0.557  0.000  1.959  2.389  0.449  0.817  1.574 -1.016  0.000  0.000
X       -0.172  0.000  0.964  1.890  0.000 -0.684  0.000  0.000  0.720  0.748  0.000  1.869  0.000  0.000 -0.379  1.775  1.733  0.030  0.000  0.000  0.000
