i-1/i     A      C      D      E      F      G      H      I      K      L      M      N      P      Q      R      S      T      V      W      Y      X
A        0.238  0.063 -0.123 -0.407 -0.672 -0.074 -0.041 -0.271 -0.219  0.040  0.334  0.205 -0.211  0.002 -0.241 -0.245 -0.006 -0.207  0.633  0.292  0.387
C        0.544  0.510  0.447  0.746  0.814  0.169  0.099  0.948  0.766  0.797 -0.714  1.724  0.025 -0.114  0.864  0.617  0.930  2.172 -2.465  1.538  0.000
D        0.261  0.170  0.756  0.646  0.317  0.390  0.135  0.386  0.743  0.209  0.490  0.914  0.504  0.026  0.893  0.653  0.163  0.262  0.571  0.589  0.402
E        0.372  0.078  0.313  0.316  0.668 -0.035  0.003  0.423  0.193  0.232  0.516  0.348  0.215  0.453  0.884  0.086  0.217 -0.027  1.001  0.168 -0.386
F        0.362  0.617 -0.223  0.002  1.130  0.000 -0.369  1.135 -0.136  0.249 -0.356  0.452 -0.172  0.023  0.139  0.203  0.035 -0.019 -2.067  1.525 -0.569
G        0.305  0.324 -0.096  0.152  1.076  0.024  0.374  0.983  0.333  0.135 -0.405  0.024  0.139  0.222  0.309  0.075  0.248  1.413  0.967  0.254  0.307
H        0.356 -0.095  0.291 -0.026  0.618 -0.032 -0.300  0.022  0.734  0.468  0.090  0.168  0.303  0.852  0.295  0.038  0.481  0.179  1.322 -0.308  0.825
I       -0.128  0.695 -0.002 -0.068  0.001 -0.013 -0.152  0.233 -0.170  0.423  1.311  0.345 -0.266 -0.073  0.169 -0.176 -0.198 -0.275 -0.818  0.344  0.000
K        0.205  0.282  0.171  0.116  0.470  0.155  0.156  0.204  0.212 -0.103 -0.110  0.120  0.036 -0.009 -0.221  0.386  0.145  0.214 -0.372 -0.212  1.971
L        0.150  0.190  0.089  0.359  0.681  0.054  0.268  0.950 -0.150  0.686  1.136 -0.023  0.000  0.137  0.646  0.181  0.115  0.406 -0.228  0.931 -0.301
M        0.457  0.000  0.143  0.224  0.386  0.076  0.380  0.232 -0.236  0.567  0.626  0.816  0.538  0.316  0.645 -0.186 -0.790  1.049  0.700  1.705  0.000
N        0.454  0.376  0.251  0.548  0.651  0.161  0.966  0.168  0.815  0.406  0.296  0.287  0.065  0.534  0.498  0.719  0.343  0.630  0.413  0.127  0.565
P       -2.153 -1.572 -2.550 -2.593 -2.134 -0.826 -2.048 -2.387 -2.550 -2.367 -2.352 -2.212 -1.652 -2.363 -2.393 -2.573 -2.498 -2.855 -2.624 -2.208 -2.593
Q        0.406  1.139  0.778  0.376  0.062 -0.105  1.799  0.445  0.744  0.101  0.072 -0.226  0.307  0.184  0.314  0.457  0.392 -0.067 -0.862  0.182 -0.567
R        0.140  0.343 -0.196  0.270 -0.763  0.323  0.348  0.373  0.149  0.032  0.506  0.070  0.358  0.059 -0.006  0.445  0.292 -0.336  1.576  0.329  0.102
S        0.299  0.012  0.293  0.503  0.155  0.103  0.118  0.135  0.195  0.222 -0.288  0.022  0.327  0.671  0.144  0.295  0.053  0.367  1.328  0.027 -0.195
T        0.455 -0.829  0.605  0.259 -0.087 -0.028  0.607  0.070  0.421  0.423  0.250  0.438  0.166  0.680  0.618  0.273  0.726  0.214  0.316  0.238  1.226
V       -0.416  0.424 -0.019 -0.373 -0.160 -0.072 -0.880 -0.077 -0.382  0.188  0.459  0.226 -0.163 -0.086 -0.346 -0.074 -0.047  0.497 -0.975  0.342  0.000
W        0.402  1.041  0.219  0.062  1.200  0.181  0.593  2.830  0.918  0.472  0.000 -0.054  0.633 -0.712  0.264  1.314  0.297  1.175 -0.139  0.923  0.000
Y        0.505  2.043  0.330 -0.206  1.163 -0.179  0.940  0.588  0.676  0.645  2.128  0.042  0.144  0.393  0.776  0.385  0.883 -1.835  1.548  1.015  0.000
X       -0.028  0.000  0.371  2.170  0.108  0.276 -0.708 -0.388 -0.320  0.936  0.984  0.460  0.038 -0.630 -0.736 -0.635 -0.569  0.000 -2.214  0.000  0.000
