i-1/i     A      C      D      E      F      G      H      I      K      L      M      N      P      Q      R      S      T      V      W      Y      X
A        0.043  0.464  0.095 -0.025 -0.625  0.028  0.039  0.165  0.142  0.114  0.283 -0.089 -0.184  0.085 -0.050  0.003 -0.185  0.332 -0.570  0.304 -0.311
C        0.882 -0.098  1.406  0.993 -0.143  0.295  0.838 -2.714  1.184  1.052  0.000  1.678  0.459  1.013  1.025  0.760  0.626  0.704  2.224  1.137  0.000
D        0.298  0.003  0.498 -0.064  0.718  0.282  0.023  0.473  0.100  0.127  0.191  0.196  0.165 -0.030  0.178  0.382  0.585 -0.161  0.121  0.706 -0.300
E       -0.384  0.401  0.190  0.117  0.135 -0.029 -0.265  0.154 -0.148  0.213 -0.509 -0.061  0.127 -0.015 -0.250  0.548  0.038  0.001 -0.215 -0.119  0.195
F       -0.368 -0.391  0.502  0.310 -0.691  0.300 -0.368 -1.211 -0.428  0.297  0.271  0.513 -0.023  0.269  0.021 -0.052  1.061 -0.347 -0.040 -0.086  1.576
G       -0.274 -0.106  0.176 -0.368  0.187 -0.276 -0.237 -0.057 -0.629 -0.212 -0.355 -0.271  0.144 -0.312 -0.263 -0.087  0.143 -0.179  0.182 -0.282  0.234
H       -0.019  0.284  0.538  0.126  0.506 -0.026 -0.450  0.122 -0.088 -0.107 -0.493  0.963  0.668  0.524  0.269  0.104  0.367 -0.133 -0.396  1.113  0.501
I       -0.356  0.570  0.011  0.127  0.035 -0.029  0.064  0.714  0.575 -0.333 -0.544  0.325 -0.276  0.084  0.290  0.184 -0.310  0.481  0.109 -1.227 -1.237
K       -0.321  0.669  0.013  0.100 -0.226 -0.129  0.001 -0.227  0.135  0.139  0.322  0.062 -0.107  0.379 -0.185  0.062  0.321  0.808 -0.568  0.052 -0.260
L        0.385 -0.333  0.245  0.044 -0.170  0.107  0.305  0.178  0.299 -0.131 -0.410  0.605  0.157  0.235  0.291  0.548  0.149 -0.059 -1.071 -0.798  0.059
M        0.090 -0.734  0.235  0.398 -0.348  0.023  0.169  0.553  0.053  0.876  0.370 -0.061 -0.799  0.530  0.851 -0.134 -0.442 -0.330  0.000  0.180  0.909
N        0.262  0.398  0.724  0.331 -0.179  0.146  1.229 -0.333  0.136 -0.093 -0.159  0.427  0.383  0.128  0.147  0.465  0.309 -0.307  1.038  0.442 -0.044
P        0.467  0.621  0.238  0.286  0.349 -0.089  0.501  0.535  0.057  0.314  0.538  0.112  0.167  0.654  0.162  0.328  0.224  0.533  0.002 -0.081 -0.085
Q       -0.319  1.734  0.234 -0.298  0.002 -0.057 -0.039  0.391  0.081 -0.013  0.127  0.230  0.401  0.095  0.356  0.090 -0.004 -0.190  1.586 -0.445  0.135
R        0.251  0.144 -0.200  0.462 -0.484  0.032  0.431 -0.304  0.053  0.000 -0.364  0.145 -0.126 -0.170 -0.099 -0.324  0.238  0.287 -0.141 -0.334  0.148
S        0.356  0.605  0.161  0.024 -0.038 -0.015  0.426  0.083  0.086  0.218  0.336  0.045  0.232 -0.091  0.421  0.271  0.039  0.061 -0.513  0.645  1.335
T        0.062 -1.656  0.378  0.291  0.213 -0.063 -0.076  0.193  0.129  0.365  1.601  0.076  0.429  0.161  0.009  0.348  0.487  0.387 -1.059 -0.045  0.113
V       -0.180  0.690 -0.064  0.460 -0.170 -0.188 -1.611  0.108 -0.095  0.180 -0.027 -0.085 -0.125  0.514  0.754 -0.354  0.484  0.703 -0.576 -0.665  0.000
W        0.148 -1.785 -0.159  0.283 -1.421  0.397 -0.288  0.226  1.335  0.202  1.140  0.608 -0.854  0.693  0.332 -0.157 -0.164 -0.754  1.029  1.565 -0.616
Y        1.239  0.506 -0.539  0.133 -0.602  0.407  1.274 -0.397  0.819  0.391 -0.155 -0.207  0.306  0.501  0.023 -0.013 -0.067  0.598  1.328  0.148  0.000
X        1.409  0.000  0.488  0.328  2.172  0.460  0.236  0.000  0.257  1.675  0.000  0.319  0.221  0.734  1.320  1.301  0.065  0.000  0.000  0.000  0.000
