i-1/i     A      C      D      E      F      G      H      I      K      L      M      N      P      Q      R      S      T      V      W      Y      X
A       -0.011 -0.233 -0.052 -0.373  0.534  0.000 -1.035 -0.051  0.265  0.197 -1.171 -0.159  0.195  0.013  0.148  0.295  0.408 -0.133  0.448  0.149  1.062
C        0.319 -1.975  0.489  0.211  0.046  0.000  0.826 -0.851  0.277  0.291 -1.671  0.949 -0.782 -0.119  0.159 -0.216 -0.515  0.374 -0.809 -0.429  0.443
D        0.178  2.960 -0.170  0.175  0.085  0.000 -0.368  0.236  0.010  0.285 -0.182 -0.091  0.390  0.192  0.056 -0.062 -0.440  0.217 -0.152  0.449 -0.143
E        0.147  1.344 -0.069  0.215 -0.158  0.000  0.172  0.064 -0.501  0.349 -0.110  0.046  0.477 -0.234 -0.505  0.110 -0.296  0.507 -0.012  0.057 -0.516
F       -0.147  0.430 -0.374  0.073 -0.419  0.000 -1.099 -0.693  0.117  0.150  0.104  0.064  0.092 -0.173 -0.060  0.000  0.024 -0.425  0.000 -0.294 -1.475
G       -0.088 -2.382 -0.170 -0.163  0.390  0.000  0.171  0.215  0.016  0.235 -0.178  0.071  0.343  0.221  0.361  0.057  0.201  0.243 -0.153  0.321  2.812
H        1.287  0.544  0.085 -0.503 -0.863  0.000  0.173  0.150  0.109  0.155  0.300  0.498 -0.439 -0.492 -1.083  0.209  0.152 -0.030  0.000 -1.648  5.066
I       -0.180 -0.113 -0.041 -0.163  0.282  0.000 -0.866 -0.042 -0.500 -0.174 -0.045 -0.237  0.360 -0.431 -0.284 -0.192 -0.736 -0.051  2.436 -0.203 -5.190
K        0.081 -0.183  0.066 -0.132  0.359  0.000 -0.387  0.013 -0.056  0.186  1.026 -0.097  0.344 -0.309 -0.350  0.130  0.056 -0.095  0.161  0.114 -1.322
L        0.140  1.916 -0.092 -0.099 -0.030  0.000  0.234 -0.100 -0.412 -0.399  1.215 -0.232 -0.218 -0.100  0.152 -0.064  0.328 -0.425 -1.614 -0.447  0.000
M       -0.160 -0.457  0.631  0.128  0.000  0.000  0.075  0.687  0.608 -1.006  1.539  0.137 -0.032 -0.099 -0.014 -0.397  0.593 -0.374  0.000  0.342  0.000
N       -0.006  0.683 -0.183 -0.149  0.240  0.000 -0.577  0.196 -0.070 -0.256 -0.963  0.254 -0.019  0.328 -0.048 -0.035  0.166  0.202 -0.536 -0.641  0.349
P        0.454 -0.420 -0.057  0.186  0.264  0.000 -0.335  0.092 -0.650  0.101  0.425 -0.071  0.744  0.171  0.364 -0.051  0.205  0.046 -0.372  0.165 -0.292
Q       -0.349  0.702 -0.075 -0.457 -0.686  0.000 -0.326 -0.263  0.292  0.345  0.144 -0.132  0.140 -0.159  0.356  0.107  0.640  0.012 -1.318  0.693 -3.886
R        0.026 -0.634 -0.380  0.094 -0.071  0.000  1.396  0.120 -0.089  0.037 -0.421  0.130  0.149 -0.237  0.240  0.151  0.439 -0.078  1.417 -0.739  2.481
S        0.119  0.884  0.023  0.140  0.093  0.000 -0.550 -0.101 -0.123  0.046  0.347  0.156  0.235 -0.233 -0.172 -0.135  0.293  0.313 -0.384  0.271  0.638
T       -0.016 -0.174  0.220  0.101  0.084  0.000 -0.580 -0.131  0.248 -0.154 -0.235  0.347  0.374  0.226  0.326  0.342  0.023 -0.068  0.795  0.119  5.124
V        0.203  1.809  0.356  0.398  0.040  0.000 -0.795  0.366 -0.224 -0.025 -1.434  0.196 -0.191 -0.420 -0.273 -0.375 -0.081  0.023  0.378  0.098 -4.183
W        0.455  1.642 -0.595  0.008 -1.811  0.000  0.000  0.768 -0.069 -0.099  0.527  0.290 -0.045 -0.271 -0.056  0.075  0.356 -0.534  0.000  0.377 -1.511
Y       -0.599  3.259 -0.139 -0.198 -0.401  0.000 -0.596 -1.233 -0.117 -0.528 -0.433 -0.251  0.175 -0.302  0.163 -0.357 -2.495  0.728 -0.204 -1.358 -2.137
X       -1.445  0.000  0.091  1.046 -0.255  0.000  0.000  0.000 -1.229  0.208  0.000 -0.918 -0.010  0.020  0.000 -0.009 -0.812  0.265  0.000  0.137  1.464
