i-1/i     A      C      D      E      F      G      H      I      K      L      M      N      P      Q      R      S      T      V      W      Y      X
A       -0.104  0.426  0.096 -0.125 -0.119  0.000 -0.144  0.292  0.250  0.066 -0.278 -0.179  0.141 -0.527  0.070  0.259 -0.029 -0.127 -0.782  0.010  0.281
C        0.347 -1.434 -0.145 -0.187  1.487  0.000  0.332 -0.020  0.327 -0.055  0.596  0.328  0.276  0.346 -0.778  0.194 -0.462  0.030 -0.218 -0.608  0.000
D       -0.139 -1.288  0.023 -0.104  0.606  0.000 -0.201 -0.208 -0.128  0.031  0.269  0.069 -0.169  0.355 -0.202 -0.159 -0.057 -0.097 -1.257  0.115 -1.326
E        0.045 -0.172 -0.034 -0.026  0.448  0.000  0.456 -0.361  0.306  0.038 -0.073  0.165  0.122  0.082  0.341  0.120 -0.124  0.016 -0.643 -0.163 -1.238
F        0.083  1.444 -0.310 -0.034  0.587  0.000 -0.101  0.162  0.111  0.215 -1.775 -0.263 -0.093 -0.545 -0.180 -0.488  0.083  0.123 -0.424 -0.384  0.000
G       -0.469  0.698 -0.175 -0.214 -0.413  0.000 -0.325 -0.765 -0.374 -0.334 -0.702 -0.073 -0.430 -0.264 -0.093  0.023 -0.144 -0.577 -0.473  0.006  0.070
H       -0.035  1.186 -0.400  0.049 -0.550  0.000 -0.423  0.234 -0.085  0.294 -0.348  0.310  0.022 -0.374 -0.033 -0.016 -0.242 -0.673 -0.149  1.172  4.394
I        0.216 -2.111  0.196  0.813 -0.085  0.000  0.862  0.369 -0.259  0.196  0.337 -0.035  0.148  0.714  0.440  0.313  0.297  0.328  0.220  0.400  0.000
K       -0.062 -0.292 -0.222  0.076  0.126  0.000  0.471  0.081 -0.006 -0.037 -0.266 -0.371  0.090  0.376 -0.102 -0.028  0.282 -0.014  0.229 -0.546 -0.296
L        0.395 -0.959 -0.033  0.206  0.013  0.000 -0.605 -0.325  0.071 -0.258 -0.108 -0.181 -0.107 -0.281  0.102 -0.072  0.181 -0.054 -0.129 -0.076  0.776
M       -0.259  0.000  0.107 -0.245  0.244  0.000  0.067 -1.066  0.427 -0.001 -1.027  0.314 -0.296  0.367  0.102  0.125  0.002 -0.341  1.767  1.735  0.000
N       -0.023  0.999 -0.243  0.006  0.021  0.000 -0.164  0.391  0.274 -0.266 -0.095 -0.327 -0.046 -0.022 -0.309 -0.367 -0.110 -0.177  0.385 -0.233  0.739
P       -0.601 -0.859  0.719 -0.091 -0.083  0.000  0.498  0.017 -0.011 -0.206 -0.220  0.455 -0.849  0.319 -0.315 -0.448  0.104  0.305 -0.465 -0.084  1.606
Q       -0.253 -1.397 -0.323 -0.273 -1.095  0.000 -0.124 -0.162  0.214 -0.340  0.243  0.224  0.041 -0.374 -0.214 -0.120  0.049 -0.708  0.614 -0.531 -1.066
R       -0.350  1.350 -0.058 -0.280  0.298  0.000  0.659  0.837  0.122  0.019 -0.190  0.007  0.041  0.124  0.141  0.085  0.299  0.091 -1.825 -0.140  0.824
S        0.117  0.502 -0.037 -0.040 -0.606  0.000 -0.075 -0.228 -0.064 -0.077  1.180  0.207 -0.022 -0.038 -0.192 -0.036  0.036 -0.036  0.494 -0.063  0.018
T        0.027 -1.794 -0.340  0.095 -0.328  0.000 -0.063  0.270  0.192 -0.258 -0.103 -0.337  0.321  0.037  0.071 -0.173 -0.299  0.181 -1.069  0.171 -2.902
V        0.651 -0.132 -0.174  0.214 -0.144  0.000  0.549  0.043  0.745  0.128 -0.549 -0.012  0.013  0.970  0.730 -0.051 -0.499  0.089 -0.178  0.379  0.000
W       -1.208  1.603 -0.334  0.254 -0.385  0.000  0.500 -0.765 -0.134 -0.001  0.000 -0.232 -0.730 -0.565 -0.247 -0.869 -0.429 -0.061  1.099  0.813  0.000
Y       -0.639 -2.014 -0.347 -0.025 -1.007  0.000  0.149  0.538 -0.125  0.515 -1.773 -0.675 -0.121 -0.358 -0.113  0.101 -0.028  0.556  0.125  0.005  0.000
X       -0.150  0.000  0.901 -0.934 -0.686  0.000 -0.734  0.389  0.492  0.242  0.685 -0.588  0.280  4.179  0.545 -0.757 -1.162  0.000 -0.115  0.000  0.000
