i-1/i     A      C      D      E      F      G      H      I      K      L      M      N      P      Q      R      S      T      V      W      Y      X
A        0.194  0.788 -0.075  0.399  0.995  0.091  0.963  1.088  0.463  0.310  1.657  0.206  0.321  0.043  0.094  0.196  0.201  0.315 -0.238  0.052 -0.675
C       -0.625  1.173  0.750  0.236  0.702  0.100  1.555  0.198  0.200  0.569  0.000  0.045 -0.058  1.304 -0.099  0.196  1.214 -0.075  0.672  1.391  0.000
D        0.110 -0.008  0.295  0.114  0.229  0.228  0.176  0.190  0.257  0.840 -0.098  0.317  0.318 -0.178  0.354  0.312  0.065  0.727  0.241  0.384  0.504
E        0.207 -0.091  0.213  0.326  0.152  0.302 -0.445 -0.071  0.254  0.111 -0.404 -0.044  0.373  0.161 -0.234  0.069  0.045  0.320  0.081  0.580 -0.813
F       -0.169  1.394 -0.158  0.373  0.388  0.098  0.193  0.000  0.374  0.340  0.000  0.315 -0.439  0.911  0.394  0.034  0.549  0.892  0.000 -0.213  0.532
G        0.037  0.216  0.433  0.217  0.392  0.244  0.181  0.300  0.182  0.181 -0.337  0.332 -0.024  0.031  0.174  0.240  0.198  0.162 -0.345 -0.055 -1.107
H       -0.205  1.133  0.742  0.006  0.351  0.593 -0.556  0.385  0.983  0.485  0.104  0.247  0.165  0.105  0.540  0.621  0.688  0.543  0.000 -0.594  0.000
I        0.933  0.254  0.132  0.362  0.203 -0.357 -0.242  0.122  0.770 -0.997 -1.379 -0.118 -0.501  0.060 -0.190  0.185  0.098 -0.681 -1.167 -0.855  0.000
K        0.660 -0.805  0.424  0.328  0.485  0.099  1.048  0.296 -0.012  0.129  0.491  0.078  0.211  0.380  0.412  0.334  0.604  0.277  0.777  0.433  0.819
L        0.416  0.635  0.487  0.064 -0.137 -0.161  0.512  0.138  0.528  0.212 -0.547 -0.208  0.203  0.521  0.202  0.555  0.296  0.222  0.484  0.293  0.000
M        0.716 -1.462  0.165  0.646  0.110  0.334  0.347  0.838 -0.678  0.355 -0.359  0.988  0.609  0.133  1.009  0.137  0.208 -0.094  0.580 -1.011  0.000
N       -0.278 -0.443  0.167  0.006  0.270  0.348  0.502 -0.079  0.498  0.163 -0.326  0.541  0.243  0.605  0.217  0.053  0.074 -0.132  1.078  0.194  1.423
P       -0.754 -1.289 -0.693 -0.732  0.061 -0.798  0.270 -0.815 -0.579 -0.740 -0.088 -0.635 -0.353 -0.645 -0.435 -0.924 -0.451 -0.718  0.106 -0.717 -1.548
Q        0.872  0.614  0.311 -0.079  1.565  0.368  1.155  0.784  0.793  0.853  0.469 -0.046 -0.112  0.315  0.738 -0.099  0.194 -0.061  0.049  0.199  2.401
R        0.116  0.079  0.319  0.190  0.511 -0.070  0.084 -0.108  0.205  0.340  0.537  0.520  0.460  0.455  0.317  0.125 -0.289  0.190 -0.584  0.287  0.000
S        0.627 -0.014  0.026  0.406  0.034 -0.294  0.826  0.196  0.517  0.218  0.823  0.587  0.399  0.043  0.295  0.244  0.216 -0.049  0.260  0.857  1.881
T       -0.088 -0.431 -0.006  0.829  0.496  0.351  0.148  0.492  0.256  0.151 -0.129  0.399 -0.094 -0.368  0.219 -0.036  0.486  0.655 -0.205  0.386  0.402
V        0.418  1.485  0.019 -0.065 -0.904 -0.472  0.516 -0.555  0.055 -0.220 -0.572 -0.195  0.188  0.162  0.160 -0.061 -0.221  0.519  0.468  0.033 -0.314
W        0.459  0.584  0.376  0.092  0.000  0.079  0.000  0.000 -0.270  0.605  0.000  0.137  0.477  0.723  0.645 -0.232  0.655  0.314  0.000  0.863  0.000
Y        0.553  0.562  0.923 -0.252 -0.238  0.816  0.000 -0.203 -0.246  1.081  1.551  0.347  0.451  1.008 -0.256  0.722  0.896 -0.013  0.000  1.036  0.320
X        0.254  0.000  0.657 -0.655  0.928  0.600 -2.347  1.669  0.167  0.000  0.000  1.753  0.334  0.000 -0.118 -0.016 -0.244  1.518  0.000  0.000  0.000
