i-1/i     A      C      D      E      F      G      H      I      K      L      M      N      P      Q      R      S      T      V      W      Y      X
A        0.075 -0.078  0.017 -0.112  0.071  0.009 -0.293 -0.214  0.007 -0.040 -0.005  0.083  0.000  0.008 -0.072 -0.029  0.042 -0.191  0.099 -0.156 -0.016
C        0.024  0.046  0.243  0.394  0.701  0.227  0.054  0.581  0.575  0.401 -0.275  0.669  0.000  0.372  0.327  0.169  0.320  0.458 -0.678  0.396  0.000
D        0.178  0.082  0.129  0.170  0.029  0.047 -0.046  0.158  0.109  0.026  0.009  0.167  0.000  0.005 -0.065  0.127  0.018  0.153 -0.181  0.089  0.013
E        0.067  0.046  0.191  0.104  0.046 -0.011 -0.011 -0.006  0.159  0.059  0.161  0.047  0.000  0.112  0.160  0.093  0.067  0.172  0.366  0.114  0.202
F       -0.085  0.029 -0.086 -0.150  0.127 -0.166  0.124  0.037  0.053 -0.024 -0.204 -0.025  0.000  0.114  0.045  0.073 -0.183  0.080 -0.841  0.007  0.152
G        0.142  0.138 -0.056  0.034  0.317  0.106  0.139  0.044  0.075  0.180  0.182 -0.046  0.000  0.116  0.056  0.025  0.039  0.177  0.387  0.131 -0.124
H        0.161  0.115  0.113 -0.083 -0.217  0.119  0.126  0.430 -0.199  0.355 -0.270 -0.174  0.000  0.227 -0.035 -0.166  0.009  0.099  0.183  0.062  0.302
I       -0.004  0.256 -0.120 -0.062 -0.185  0.111 -0.108 -0.224 -0.228 -0.130 -0.157  0.004  0.000  0.039 -0.079 -0.097 -0.024 -0.146 -0.846 -0.013  0.092
K       -0.039  0.130  0.038  0.004 -0.009  0.028  0.175  0.025  0.093  0.008 -0.003  0.008  0.000  0.047  0.205  0.084 -0.048 -0.098  0.414  0.216  0.454
L        0.019  0.048 -0.061  0.007 -0.189 -0.002 -0.008  0.222 -0.066 -0.057 -0.036 -0.028  0.000 -0.077 -0.016 -0.061  0.215 -0.105 -0.054 -0.039  0.280
M        0.044  0.179  0.086  0.169  0.215  0.110  0.138  0.079  0.019  0.058  0.077  0.597  0.000 -0.035 -0.117  0.047 -0.389  0.444  0.611  0.125  0.000
N        0.120  0.193 -0.050  0.171  0.022 -0.023  0.141  0.122  0.011  0.075  0.096  0.207  0.000 -0.268  0.066  0.023  0.019  0.422  0.425  0.279  0.292
P       -0.064  0.225 -0.165 -0.021 -0.002 -0.255 -0.106 -0.082 -0.122 -0.042 -0.142 -0.165  0.000 -0.011  0.006 -0.132  0.030 -0.102  0.091 -0.085 -0.002
Q       -0.006 -0.086  0.064 -0.078  0.074  0.161 -0.359 -0.056  0.263  0.025 -0.114 -0.173  0.000  0.010  0.113  0.141  0.033  0.135 -0.441 -0.210 -0.062
R        0.125  0.203  0.016  0.067  0.005  0.030 -0.142 -0.059 -0.044  0.012  0.172  0.078  0.000 -0.007 -0.029  0.178 -0.026 -0.015  0.010 -0.155  0.292
S        0.051  0.064  0.127  0.010  0.087  0.095  0.198  0.243 -0.023  0.168  0.344 -0.022  0.000 -0.011  0.116  0.070  0.157 -0.019  0.156  0.255 -0.004
T        0.210 -0.031  0.186  0.155 -0.012  0.126 -0.009  0.104  0.178  0.133  0.194  0.112  0.000  0.276  0.125  0.167  0.126  0.212  0.152  0.219  0.368
V        0.067  0.212  0.049 -0.074 -0.027  0.003 -0.082  0.153  0.031  0.060  0.338 -0.008  0.000  0.049  0.106  0.076 -0.106 -0.117 -0.594  0.085 -0.155
W        0.145  0.489 -0.126  0.163 -0.074  0.186  0.099  0.558  0.290 -0.115  0.000 -0.684  0.000  0.167  0.055  0.397  0.004  0.415 -0.645 -0.023  0.141
Y        0.120  0.767  0.118  0.274  0.159  0.044 -0.273 -0.197  0.066  0.070 -0.324 -0.045  0.000  0.110  0.026 -0.204  0.102  0.019 -0.413 -0.337  0.000
X       -0.138  0.000  0.196 -0.013  0.126  0.219  0.176 -0.368  0.359  0.338  0.142  0.080  0.000  0.103  0.352 -0.076 -0.304 -0.051 -0.644  0.404  0.287
