i-1/i     A      C      D      E      F      G      H      I      K      L      M      N      P      Q      R      S      T      V      W      Y      X
A       -0.047 -0.280 -0.126 -0.022 -0.136  0.078  0.002 -0.248  0.027 -0.177  0.213 -0.107  0.000 -0.017 -0.034 -0.098 -0.230  0.108 -0.118  0.042  0.046
C        0.334  0.206  0.154  0.265 -0.342 -0.220 -0.031  0.270  0.074  0.094  0.075 -0.028  0.000 -0.125  0.066  0.361 -0.138  0.173  1.087  0.375  0.000
D       -0.052 -0.002 -0.076 -0.053 -0.148 -0.109 -0.149 -0.184 -0.027 -0.038 -0.020 -0.079  0.000  0.037  0.027 -0.083 -0.144 -0.283 -0.090  0.076 -0.305
E       -0.123 -0.084 -0.052 -0.113 -0.075  0.130 -0.169 -0.014 -0.021 -0.045 -0.076 -0.040  0.000 -0.037 -0.149 -0.031 -0.091  0.013 -0.439 -0.094  0.091
F        0.029  0.205 -0.111  0.035 -0.028 -0.013 -0.177 -0.326  0.208  0.065 -0.732  0.125  0.000 -0.115 -0.104 -0.047  0.096 -0.134  0.161  0.134  0.094
G       -0.133 -0.409 -0.113 -0.153 -0.132 -0.192 -0.307  0.016 -0.204 -0.146 -0.133 -0.130  0.000 -0.130 -0.163 -0.087 -0.119 -0.207  0.095 -0.163 -0.415
H       -0.206 -0.676  0.069  0.004  0.471 -0.062  0.094 -0.142 -0.085 -0.183  0.009  0.094  0.000 -0.025 -0.217 -0.129 -0.251 -0.301  0.415 -0.087 -0.159
I        0.177  0.226  0.062  0.244 -0.096  0.245  0.292  0.109  0.042  0.046  0.124  0.100  0.000  0.221  0.063  0.150  0.076  0.239 -0.552  0.065 -0.449
K       -0.029 -0.015 -0.075  0.031 -0.029  0.098 -0.020 -0.002 -0.005 -0.158 -0.091  0.018  0.000 -0.040 -0.016 -0.023  0.031  0.044  0.580  0.038 -0.104
L       -0.014 -0.082 -0.119 -0.172 -0.151 -0.004  0.042 -0.156 -0.100 -0.080 -0.017 -0.119  0.000 -0.073  0.033 -0.000  0.057 -0.061 -0.209  0.068  0.007
M        0.016 -0.128  0.016 -0.023 -0.102 -0.009  0.115 -0.187 -0.189 -0.211 -0.154  0.144  0.000  0.178 -0.054  0.111  0.095 -0.072  0.000 -0.338  0.264
N       -0.200 -0.075 -0.034  0.012 -0.187 -0.112 -0.288 -0.272 -0.120 -0.155 -0.101 -0.175  0.000 -0.134 -0.179 -0.114 -0.070 -0.142  0.088 -0.200 -0.289
P        0.128  0.176  0.099  0.208 -0.006  0.283  0.074  0.294  0.234  0.005 -0.027  0.166  0.000  0.362  0.209 -0.054 -0.053  0.125 -0.821 -0.182 -0.059
Q       -0.148  0.099 -0.027 -0.118 -0.081  0.040  0.102 -0.096 -0.074 -0.161 -0.093  0.076  0.000 -0.019  0.021 -0.092 -0.070 -0.041 -0.062 -0.132 -0.174
R       -0.088 -0.061 -0.032  0.019 -0.251  0.136  0.221  0.064  0.056  0.051 -0.085  0.016  0.000  0.094 -0.009 -0.027 -0.058  0.052  0.031 -0.022 -0.114
S        0.063  0.041  0.015  0.028  0.076  0.095  0.177  0.069 -0.073  0.006  0.049 -0.116  0.000  0.117  0.126  0.035 -0.179 -0.135 -0.403  0.050 -0.063
T        0.084 -0.122  0.007  0.015  0.090 -0.020 -0.046 -0.065 -0.023  0.006 -0.174 -0.052  0.000 -0.034  0.010 -0.020 -0.065 -0.098 -0.324  0.237  0.144
V        0.005  0.052  0.085 -0.023  0.129  0.217  0.273 -0.029  0.006  0.221  0.071  0.129  0.000 -0.150  0.174 -0.036  0.196  0.098  0.505  0.296  0.229
W       -0.236 -1.059 -0.519 -0.046 -0.610 -0.444 -0.025 -0.535  0.264 -0.567  0.053  0.040  0.000 -0.209 -0.244 -0.126 -0.356 -0.673 -0.490 -0.451 -0.999
Y        0.207 -0.257 -0.134 -0.070 -0.240 -0.222 -0.240 -0.598 -0.022  0.074 -0.738  0.046  0.000  0.000 -0.082 -0.242  0.041  0.263 -0.232 -0.288  0.574
X       -0.004  0.000  0.559 -0.064  0.511 -0.040 -0.049  1.347  0.120  0.466  0.000  0.321  0.000  0.581  0.034  0.458  0.385  0.566  0.677  0.000  0.245
