i-1/i     A      C      D      E      F      G      H      I      K      L      M      N      P      Q      R      S      T      V      W      Y      X
A        0.051 -1.174 -1.744 -1.329 -1.770 -0.414 -0.427 -2.750 -0.405 -0.159 -1.837 -0.547  0.730 -0.220 -0.464 -0.890 -0.165  0.951 -2.477 -1.490 -1.324
C       -0.597  0.200  0.266  0.244  0.656 -0.594  1.344 -0.373  0.787 -0.553  2.715  1.506  0.000  1.100  1.510 -0.464  2.427  0.446 -3.672  0.936 -2.859
D       -1.238 -1.478 -1.176 -0.973 -1.037 -1.153 -1.734 -0.210 -1.653 -0.669 -0.236 -0.967  0.000 -1.100 -0.825  0.063 -0.702 -0.923  0.072 -0.935 -2.656
E       -0.752 -1.447  0.462 -0.586 -1.037 -0.464  0.604 -0.539 -0.978 -0.886  0.106 -0.129  5.538  0.455 -1.039 -1.072  0.411  0.168 -0.187 -0.249 -2.524
F        0.077 -1.461 -1.151 -1.343 -2.554 -0.562 -4.361  0.228 -1.166 -1.974 -0.188 -0.101  0.000 -1.399 -3.004 -0.738  0.354 -3.427  0.000 -1.231 -5.522
G        0.036 -0.880 -0.353 -0.127 -1.743 -0.153 -1.504 -1.612 -0.588  0.341 -0.675 -0.431  0.000 -0.133 -0.729 -0.365  0.429 -1.023 -0.013 -0.848 -1.675
H        1.448  2.428 -0.276 -0.767 -1.622  0.638 -0.200 -3.210 -0.818 -0.447 -1.052 -0.075  0.000 -0.305 -0.276 -0.182 -2.583 -0.679  0.000  1.395 -5.525
I       -0.962 -3.969 -0.295 -0.983  3.301 -0.001 -1.112 -0.034 -1.271 -1.080  0.108 -0.365  0.000 -1.518 -0.296 -0.615 -0.139  0.021  1.909 -1.081  5.464
K       -0.340 -2.056 -0.270 -1.228  0.400  0.690 -1.299 -0.942 -0.546 -0.810  0.318 -0.946  0.000 -1.134 -0.845 -0.333  0.423 -0.399  1.490 -0.533 -0.764
L       -0.452 -2.676 -1.613 -0.782 -0.897  0.457 -0.160 -0.633 -0.390 -0.097 -1.130 -1.254  0.228 -0.963 -0.684 -0.916 -2.240 -1.203 -4.521  0.034  0.000
M       -0.462 -4.966  0.374 -0.174  0.000  0.307 -1.419 -3.288  0.707 -0.080 -0.497  0.978  0.000  1.828 -0.351  0.208  0.580 -0.478  0.000 -4.203  0.000
N       -1.382 -1.911 -1.103 -0.906 -0.983  0.058 -0.967  0.153 -1.036 -1.482 -2.216 -0.430  0.000 -1.787 -0.874 -0.382 -0.362  0.778 -2.786 -2.707 -2.805
P       -0.999 -0.730 -1.230 -1.835 -0.634 -0.170 -3.676  0.075 -1.564 -0.713 -1.235 -0.298  4.605 -1.012 -1.849 -1.342 -2.025 -0.220 -2.190 -0.508 -0.284
Q        0.266 -2.359 -0.540 -0.747 -1.630  0.312 -0.781 -1.323 -0.829 -0.890  1.478 -0.511  0.000 -0.331 -0.895  0.409 -0.327 -0.496 -2.798 -0.161 -1.900
R        0.073 -2.000 -0.910 -1.041 -1.141  0.318 -0.197  0.388  0.226 -0.142 -0.474  0.264  0.000 -0.268  0.747 -1.007 -2.361  0.950 -2.134 -2.632  0.447
S       -0.472 -0.434 -1.030 -0.957 -1.227 -0.501 -1.173 -0.312 -1.342 -1.112  0.591 -1.246 -4.433 -1.246 -0.180 -1.099 -0.184 -1.307  0.315 -1.523 -0.650
T       -0.257  0.684 -0.978 -0.479 -1.091 -0.282 -1.160  0.590 -1.383 -0.869 -0.124 -0.242  3.035 -1.148 -0.838 -1.381 -1.239 -2.142  1.370 -0.390 -3.572
V       -1.003 -0.354  0.087 -0.409  2.084  0.098  1.061  0.136  0.319 -0.046  1.753 -0.489  0.931 -0.072  0.152  0.707 -2.349 -0.315 -0.995  2.256 -0.884
W       -2.504 -2.998 -0.970  0.435 -5.953  0.566  0.000  0.884 -1.663 -2.142 -1.280 -2.631  0.000 -0.060  1.461 -2.184 -1.378  1.831  0.000  5.119  0.457
Y       -0.686 -0.711  0.209 -0.573  1.646  0.001 -1.805  0.236  0.223  0.501 -2.224 -0.724  0.000  0.811  0.493  0.966 -2.385 -1.262 -4.581  0.858 -0.783
X       -1.403  0.000 -1.204  1.013 -2.577  2.942 -3.192 -1.333 -2.290 -1.001  0.000 -1.360  0.000  0.157  0.744 -2.625  1.355  3.027  0.000  2.055 -2.515
