i-1/i     A      C      D      E      F      G      H      I      K      L      M      N      P      Q      R      S      T      V      W      Y      X
A        0.777  1.759  0.449 -0.499 -0.514  0.331 -0.872 -2.044 -0.671  0.230 -0.957 -0.557 -3.228  0.070 -1.269 -0.258  0.499 -2.021  0.456  0.485  2.145
C       -1.234  2.077 -0.556 -1.502  3.321  0.091  0.446 -0.849  0.119 -1.044 -2.827  0.484  0.000 -2.008 -0.949 -1.115  1.725  2.029 -3.323 -1.003  0.000
D        0.093  0.029  0.542  0.618 -0.359  0.528  0.084  0.167  0.424  0.493  0.091  0.744  2.999  0.373 -0.267  0.069  0.008 -0.625 -2.058  0.304  1.563
E       -0.052  1.520  0.772  0.213 -0.037  0.314  0.116  0.637  1.206  0.398  0.626  0.703  4.079 -0.071  1.028  0.544  0.185 -0.590  1.293  1.022  0.325
F       -1.105 -0.955  0.009 -0.667  1.848 -1.016 -0.676 -1.490 -0.002 -0.504 -1.389  0.078  0.000 -1.431 -0.348 -0.667 -0.684 -1.484 -4.374 -1.897 -1.304
G        0.647 -2.187 -0.972  0.884  0.392  0.409  0.987  0.976  0.741 -0.648 -1.029 -0.597  0.272  0.897  0.528 -0.468 -1.202  1.176  1.277  0.051 -0.386
H       -0.339 -3.733  0.039  0.207  0.207 -0.464  1.845  1.660 -0.292  0.277 -2.195 -0.752  0.000  0.484  0.286 -0.892  0.110 -1.356  0.793 -1.355 -4.330
I       -1.176  1.265 -0.878 -0.543 -0.206 -0.810 -0.922 -1.059  0.032 -0.606  0.972  0.445  2.178  0.196  0.390 -0.784 -0.229 -1.071 -4.821 -1.231  0.000
K       -0.350  0.813  0.311 -0.250  0.936 -0.469  1.033 -0.006  0.661 -0.463 -0.075 -0.578  0.000  0.703  0.987  0.582 -0.119  0.109  4.453  0.921  0.006
L       -1.102 -0.442 -0.319 -0.648 -0.051 -0.557 -1.337  0.229 -1.670 -0.102 -2.407 -0.510 -11.797 -0.263 -0.753 -0.210 -0.728 -0.897 -2.094 -0.061 -0.695
M       -0.255 -0.483 -0.116  0.455 -0.661 -0.137  1.055 -0.054  0.023  0.303  0.240  1.170  0.000  1.085 -0.664 -1.364 -1.466  2.357  1.892  1.124  0.000
N        0.384 -0.208 -0.651  0.579  1.381 -0.345  0.186  1.879  0.749  0.309  0.336  1.095 -5.524 -0.375  0.766 -0.017 -0.400  0.159  2.213  0.432  3.318
P        1.912  4.483  1.615  1.921  1.189 -0.357  1.986  0.651  1.398  0.706  1.685  0.876 -10.942  1.711  1.097  1.568  2.555  0.863  4.361  1.577  1.400
Q       -0.074 -0.414 -1.011 -0.467 -0.553  0.802 -1.610 -1.357 -1.229 -1.014  1.241 -0.526  0.000  0.174  0.088  0.707 -0.894 -0.709 -2.597 -0.665 -2.164
R        0.833  1.486  0.549  0.163 -1.761 -0.719 -1.145 -0.221  0.424 -0.036  0.442 -0.148  0.000  0.301  0.859  1.232  0.116  0.145 -1.334  0.188  3.356
S        0.067  0.172  0.773  0.128 -0.252  0.425  0.051  0.242  0.193  0.832  0.112  0.180  3.008  0.498  0.632 -0.106  0.601 -0.368  2.499  0.232 -1.246
T       -1.124 -0.889 -0.877 -0.850 -0.179  0.537 -0.703 -0.054 -0.071  0.391 -0.344  0.194  3.211  0.156  0.363 -0.267  0.302  0.858  1.564 -0.101  2.699
V       -0.145  1.833 -0.459 -0.868 -0.948  0.283 -1.743  1.466  0.787  0.711  0.573  0.500  5.880 -0.016  0.015  0.128 -0.742 -1.118 -2.381  0.925  0.000
W        0.525  3.465 -0.361 -0.889 -1.631  0.737  0.130  0.046 -1.239  0.849  0.000 -1.734  0.000 -0.675 -0.183  1.467 -1.255  0.881 -2.909 -4.570  0.000
Y       -0.008  1.395  0.941 -0.081  0.309  0.488 -0.646 -1.462 -0.290  0.351 -2.278 -1.247  0.000 -0.349 -0.437 -0.224  0.875 -0.284 -1.521 -0.510  0.000
X       -1.697  0.000  0.504  1.395 -0.593  0.236 -1.745 -7.054 -0.261 -1.327  0.841  1.778  0.000 -0.309 -0.914 -0.873 -1.729  5.940 -4.287  3.272 -0.539
