i-1/i     A      C      D      E      F      G      H      I      K      L      M      N      P      Q      R      S      T      V      W      Y      X
A       -0.164 -0.642  0.113  0.205 -0.255 -0.214  0.208  0.210  0.111  0.367  0.557 -0.047 -0.033 -0.383 -0.081 -0.327 -0.291  0.930  0.326 -1.304  1.018
C       -0.081  0.000  0.000  0.000  0.251  0.000  0.000  0.000  0.000  0.000 -0.181  0.000  0.581  0.581  0.000  0.473 -1.090  0.000 -0.703  0.000  0.000
D        0.214  0.275  0.210 -0.234  0.073 -0.131 -0.715  1.172  0.098  0.245  0.035 -0.145 -0.075  0.187  0.236  0.343  0.137 -0.141  0.280  0.057  0.000
E        0.016  0.000  0.183 -0.188 -0.168 -0.082  0.087  0.424 -0.135 -0.092  0.027 -0.628  0.169 -0.230 -0.208  0.085 -0.420  0.132 -0.185  0.402  1.374
F       -0.116  0.000 -0.928 -0.134  0.140 -0.176  0.000 -0.914  0.267  0.107  0.000 -0.402 -0.656  0.660 -1.104 -1.034 -0.368 -0.750  0.746  0.781  0.000
G       -0.231  0.004 -0.207 -0.049 -0.129 -0.091 -0.560  0.359 -0.219 -0.321  0.176 -0.581 -0.126 -0.405 -0.175 -0.142  0.183  0.393  1.266  0.213  0.534
H        0.332  0.000  0.857 -0.245  0.286  0.214  0.045 -0.377 -1.036  0.350 -1.029  0.488  0.010  0.650  0.043 -0.646  0.435  0.401  0.000  0.000  0.000
I       -0.708  1.156 -0.065  0.194  1.454 -0.194 -0.146 -0.510  0.555  0.180  0.003  0.091  0.035 -0.755 -0.844 -0.680  0.339 -0.368  0.000  0.257  0.000
K       -0.157 -0.610  0.021 -0.107  0.423 -0.216 -0.165  0.615  0.045 -0.190 -0.113 -0.235 -0.533 -0.440 -0.132  0.525 -0.217  0.210  0.625 -0.259  0.000
L       -0.380 -1.074 -0.252 -0.027 -1.152  0.146 -0.412 -0.669 -0.035 -0.609  0.372  0.994 -0.001  0.200  0.029 -0.155 -0.931  0.264 -0.278 -1.210  0.000
M       -0.704  0.000  0.017  0.211  0.402 -0.060 -0.133  0.710  0.399 -0.184  0.297  0.760 -0.192  0.000 -0.214 -0.626  0.468 -0.481  0.000  0.344  0.000
N       -0.198  0.000  0.165  0.001 -0.144 -0.046  0.599 -0.093 -0.549 -0.718 -0.004  0.408  0.206  0.295  0.725  0.077 -0.478 -0.935  0.000  0.426 -0.105
P       -0.372 -0.624 -0.386 -0.061 -0.369 -0.084  0.091 -0.530 -0.330 -0.218 -0.741 -0.264 -0.108 -0.431 -0.330 -0.373 -0.403 -0.338 -0.287  0.318 -0.303
Q       -0.171  0.000 -0.315 -0.041 -0.216 -0.072  0.000 -0.554 -0.654  0.404  0.598  0.162  0.115  0.376 -0.129 -0.422  0.455  0.022 -0.114  0.312 -0.300
R       -0.241  0.494 -0.204 -0.377 -0.759 -0.101  0.299  0.266  0.131 -0.269  0.527 -0.088 -0.042  0.190 -0.071 -0.233  0.218 -0.126  0.000  0.128  0.000
S        0.427 -0.636 -0.049 -0.065 -0.274 -0.098  0.515 -0.062 -0.185  0.160 -0.242 -0.351 -0.020  0.051  0.119  0.201 -0.381 -0.045 -0.780  1.347  0.340
T        0.164  0.408 -0.359 -0.178  0.256  0.215 -0.156  0.702 -0.410 -0.050  0.000  0.546  0.179 -0.517 -0.611 -0.441  0.411 -0.078  0.000 -0.003 -0.382
V       -0.416  0.194 -0.192 -0.538 -1.138 -0.037  0.015 -0.748 -0.344 -0.355 -0.299 -0.055 -0.239  0.190 -0.307 -0.358 -0.163 -0.382 -0.546 -0.874 -1.070
W       -0.116  0.000 -1.003  0.897 -0.332  0.000 -0.609  0.000  0.206  0.000  0.000  0.000 -0.763 -1.068  0.000 -0.129 -0.993  0.000  0.000  0.000  0.000
Y       -0.282 -1.002 -0.129  0.662 -0.178  0.419 -0.420 -0.530 -0.179  0.250 -0.542 -0.594 -0.106  0.258  0.046 -0.398 -0.000 -0.771  0.000  0.901  0.000
X        0.000  0.000  1.205  0.238  0.000  0.000  0.000  0.000  0.000  0.000  0.264  0.000  0.000  0.000  0.000  0.075  0.000 -0.802  0.000  0.000  0.000
