i-1/i     A      C      D      E      F      G      H      I      K      L      M      N      P      Q      R      S      T      V      W      Y      X
A        0.124 -0.253 -0.166 -0.063 -0.252  0.000  0.056  0.474  0.283  0.486 -0.189 -0.258 -0.092 -0.034 -0.098 -0.102 -0.027 -0.035  0.000  0.257  0.000
C        0.000  0.000 -0.353  0.000  0.284  0.000  0.000  0.000  0.420  0.471  0.000 -0.435 -0.047 -1.095  1.121  0.000  0.315 -0.327  0.000  0.000  0.000
D        0.025 -0.028 -0.168  0.518  0.144  0.000  0.609  0.587  0.507  0.288  0.718  0.376 -0.091  0.605  0.210  0.270 -0.096  0.396 -0.120  0.212  0.000
E        0.037 -0.637  0.086  0.237  0.387  0.000  0.676 -0.079  0.483  0.284 -0.175  0.205  0.072  0.193  0.578  0.152 -0.001 -0.143 -0.072  0.316 -1.693
F       -0.114  0.000 -0.285  0.056  0.360  0.000 -0.605  0.000  0.768  0.458  0.031  0.682 -0.031  0.105  0.829  0.184 -0.368 -0.042 -0.015  0.586  0.000
G        0.006  0.833 -0.081  0.129  0.187  0.000 -0.098  0.156  0.328  0.083  0.172  0.247 -0.037  0.187  0.567  0.034  0.105 -0.327  0.087 -0.376  2.043
H       -0.116  0.000 -0.136  0.018  0.163  0.000 -0.258  0.721  0.168 -0.327  0.528  0.000  0.323  0.931  0.321  0.198 -0.064  0.151  0.000  0.479  0.000
I       -0.200 -1.051 -0.467  0.227  0.860  0.000 -0.179 -0.292  0.246 -0.817  0.000 -0.901 -0.015 -0.207  0.286  0.035 -0.315 -0.290  0.291  0.673  0.000
K        0.285  0.249 -0.278  0.075  0.111  0.000 -0.283 -0.434 -0.000  0.313 -0.151  0.377 -0.068  0.633  0.036 -0.165 -0.095  0.135  0.145  0.106  0.000
L        0.032 -1.212 -0.588 -0.390 -0.141  0.000 -0.202  0.377  0.120 -0.414 -0.570 -0.637 -0.035 -0.160  0.205 -0.409 -0.131 -0.392 -0.294  0.520  0.000
M       -0.883  0.000 -0.172 -0.288 -0.844  0.000 -0.482 -0.739  0.393 -0.116 -0.764 -0.514  0.182 -0.675  0.000 -0.297 -0.184 -0.448  0.000  0.000  0.000
N        0.217  0.514 -0.245 -0.147  0.637  0.000  0.309  0.578  0.838  0.052 -0.241  0.107 -0.072  0.296  0.656  0.024 -0.040  0.338  0.607  0.767 -1.338
P       -0.976  0.883 -0.005 -0.206 -0.595  0.000 -0.094  0.447  0.049 -0.239  0.397 -0.164  0.000 -0.746 -0.826 -0.193 -0.492  0.163  0.599 -0.057 -0.345
Q       -0.017  1.297 -0.063 -0.063  0.565  0.000 -0.364 -0.270 -0.025 -0.090 -0.141 -0.606  0.066 -0.017  0.118 -0.166 -0.241  0.229  0.650  0.530  0.000
R        0.209  0.560 -0.299  0.134  0.056  0.000  0.012 -0.815  0.085  0.040 -0.259 -0.211  0.226  0.282 -0.025 -0.190  0.111 -0.054  0.364 -0.700  0.000
S        0.273  0.453 -0.167  0.012  0.186  0.000  0.102  0.271  0.482  0.285  0.284  0.477  0.103 -0.116  0.522  0.031 -0.148  0.202  0.287  0.596 -1.773
T        0.511  1.311  0.336  0.220  0.254  0.000  0.520  0.195 -0.065  0.357  0.545  0.141  0.120  0.171  0.213  0.015 -0.175  0.110 -0.563 -0.245 -0.406
V        0.012  0.000 -0.353 -0.025 -0.079  0.000 -0.007 -0.008 -0.414  0.122 -0.349 -0.153 -0.197  0.219  0.107 -0.047  0.239  0.009 -0.041  0.103  0.000
W        0.000  0.000 -0.701  0.369  0.000  0.000  0.000  0.000  0.697  0.000 -0.855  0.000  0.114 -0.226  0.949 -0.085 -0.217  0.328  0.000  0.269  0.000
Y        0.773  0.000 -0.435 -0.103 -0.125  0.000  0.000 -0.561  0.065  0.252  0.000  0.001  0.024 -0.546  0.295 -0.350  0.401 -0.160  0.000  0.563  0.000
X        0.600  0.000  0.169  0.000  0.000  0.000  0.000  0.000  0.600  1.090  0.000  0.774  0.060  0.000  0.000 -0.733 -0.034  0.000  0.000  0.000 -1.550
