i-1/i     A      C      D      E      F      G      H      I      K      L      M      N      P      Q      R      S      T      V      W      Y      X
A        0.535  0.000 -0.000  0.281 -0.106 -0.588 -1.223  0.109  0.791  0.256 -0.094  0.476 -0.051 -0.560 -0.687 -0.250  0.153  0.092  0.995  1.248  0.000
C        0.000  0.000  0.000  0.000 -0.429  0.000  0.000  0.000  0.000  0.000 -0.630  0.000  0.650  0.993  0.000  0.350 -0.260  0.000  0.584  0.000  0.000
D        0.548 -0.211  0.003 -0.048 -0.693 -0.077 -0.094 -0.402  0.715  0.054 -0.296  0.083 -0.149  0.403  0.225  0.121  0.071 -0.582  0.302 -0.154  0.000
E        0.567  0.000  0.322 -0.001  0.861 -0.437  0.816  0.210 -0.217 -0.250  0.272  0.083 -0.036 -0.334  0.035  0.072 -0.021 -0.131  0.019  0.406  0.000
F        0.228  0.000 -0.246  0.497  0.000  0.027  0.000 -0.162  0.273 -0.668  0.000  0.128  0.235 -0.070 -0.162  0.047  0.402 -0.361  0.000 -0.472  0.000
G       -0.309 -0.251 -0.203  0.093  0.524  0.224  0.103 -0.087 -0.063  0.105 -0.504 -0.142  0.220 -0.064 -0.108  0.179  0.539  0.194 -0.409 -0.291  0.230
H       -0.071  0.000 -0.928 -0.299 -0.103 -0.245 -0.664  0.396  0.031 -0.226  0.000 -0.465  0.296 -0.137 -0.325 -0.571  0.534 -0.760  0.000  1.222  0.000
I        0.308 -0.540  0.008  0.438  0.617 -0.970  0.458 -0.416  0.518 -0.720 -0.094  0.218 -0.560 -1.204 -1.095  0.244  0.106 -0.690  0.000  0.725  0.000
K       -0.061  0.000 -0.255  0.058  0.256 -0.275 -0.193 -0.253 -0.130  0.156 -1.026  0.509  0.091 -0.395  0.479 -0.017  0.336 -0.017  0.778 -0.052  0.000
L        0.047 -1.491 -0.036  0.288  0.004 -0.130 -0.477 -0.431  0.502  0.164 -0.075  0.251  0.045 -0.456  0.175 -0.066 -0.922  0.239  0.000  0.367  0.000
M       -0.329  0.000  0.467  0.309  0.090  0.730  0.000  0.299  0.465  0.208  0.000  0.015  0.113  0.614  0.529 -0.337 -0.417 -0.014  0.000 -0.788  0.000
N       -0.019  0.000 -0.107  0.006  0.629 -0.123  0.861 -0.705 -0.407 -0.565 -0.496  0.278 -0.458  0.266  0.346 -0.294 -0.148  0.092  0.000  0.549  0.080
P       -0.524  0.082 -0.314 -0.182 -0.928  0.169  0.558 -0.094 -0.369  0.204  0.898 -0.256 -0.314  0.429 -0.167 -0.154  0.350 -0.282 -0.815 -0.032  0.000
Q        0.256  0.000  0.044  0.196  0.626  0.306  0.192 -0.572 -0.619  0.335  0.018  0.669  0.432 -0.021  0.085  0.132 -0.291 -0.383  0.000  0.528  0.000
R       -0.710 -0.720 -0.245 -0.202 -0.048 -0.184  0.157  0.038  0.479  0.209  0.000 -0.062  0.217  0.199 -0.012 -0.125  0.530 -0.300  0.000  0.245  0.000
S        0.354  0.000 -0.063 -0.155  0.847 -0.308  1.097  0.479  0.511  0.039  0.240 -0.023  0.369  0.009 -0.242  0.217  0.019  0.172 -0.398  0.062  0.000
T        0.269  1.230  0.049  0.034  0.719 -0.242 -0.083  0.699  0.271 -0.128  0.000  0.480 -0.437  0.272  0.023 -0.088 -0.210  0.021  0.000  0.734  0.000
V       -0.432  0.000  0.333 -0.378  0.000 -0.490 -0.461 -0.855 -0.193  0.203  0.000 -0.159  0.484  0.346 -0.012 -0.369 -0.297 -0.415  0.000 -0.799  0.000
W        0.774  0.000  0.000  0.000  0.000  0.000  1.305  0.000 -0.877 -0.671  0.000  0.602 -0.905  0.000  0.000  0.130 -0.950  0.000  0.000  0.000  0.000
Y        0.028 -0.266  0.796 -0.472 -0.461 -0.696  0.796 -0.049 -0.320 -0.035 -0.453  0.000  0.117  0.704  0.258 -0.163  0.125  0.031  0.000  0.378  0.000
X        0.000  0.000  0.000 -0.223  0.000  0.796  0.000  0.000  0.000  0.000  0.000  0.427  0.000  0.000  0.000  0.000  0.000  1.012  0.000  0.000  0.000
