i-1/i     A      C      D      E      F      G      H      I      K      L      M      N      P      Q      R      S      T      V      W      Y      X
A        0.236  0.000  0.481  0.238  0.674  0.047  0.095 -0.072  0.648 -0.164  0.201 -0.276 -0.056  0.281  0.213  0.051 -0.447 -0.185  1.046 -0.045  0.000
C       -0.204  0.000 -0.825 -0.588  0.000 -1.217 -0.197 -0.449  0.285 -0.248  0.000  0.000  0.945  0.067  0.111  0.122  0.000  0.000  0.000  0.000  0.000
D        0.268  0.699 -0.175 -0.064 -0.084 -0.444 -0.092  0.396  0.823  0.167 -0.565  0.608  0.478 -0.158  0.094 -0.185  0.782 -0.114 -0.309  0.005  0.000
E        0.446 -0.342  0.321  0.155  0.222 -0.069 -0.405 -0.099 -0.041 -0.289  0.272  0.059  0.115 -0.014 -0.367 -0.195 -0.653 -0.069 -0.190  0.334  0.000
F       -0.225  0.000 -0.251 -0.644 -0.480 -0.763  0.165 -0.267 -0.246 -0.357  0.000  0.000 -0.757 -0.128 -0.432 -0.416  0.463  0.240  0.000  0.562  0.000
G       -0.255 -0.101 -0.255 -0.085 -0.322 -0.043 -0.004 -0.418 -0.283 -0.604 -0.721  0.370  0.025 -0.142  0.025  0.066 -0.326 -0.077  0.320 -0.189  0.000
H       -0.146  0.000  0.300 -0.389  0.317 -0.101 -0.292 -0.383 -0.049  0.241 -0.576  0.317  0.764 -0.615  0.755  0.270 -0.494 -0.459  0.000  0.000  0.000
I        0.623 -0.662 -0.193 -0.309 -0.707 -0.427  0.659 -0.081 -0.197 -0.514  0.165  0.377  0.196 -0.175 -0.373 -0.125  0.299 -0.059  0.000 -1.150  0.000
K       -0.304 -0.006  0.041  0.195 -0.120 -0.020  0.041 -0.240  0.233 -0.069 -0.333 -0.202  0.017 -0.306 -0.063  0.181 -0.320 -0.347 -0.932  0.076 -0.610
L       -0.071 -1.313 -0.190  0.114 -0.906 -0.020 -0.215 -0.223  0.011  0.309  0.056 -0.375  0.081  0.000 -0.123 -0.189  0.470  0.048  0.316  0.062  0.000
M        0.316  0.000  0.239  0.150  0.000  0.477  0.000  0.000  0.476  0.923 -0.709 -0.726  0.111  0.135 -0.163 -0.206  0.238  0.257  0.000  0.000  0.000
N        0.423 -0.739 -0.110 -0.192  0.173 -0.463  0.000  0.048  0.132 -0.284 -0.185  0.539  0.157  0.134 -0.696 -0.689 -0.186 -0.460  0.000  0.155 -0.001
P        0.680 -0.449  0.326 -0.030 -0.624 -0.216 -0.022  0.082  0.293  0.149  0.241  0.113 -0.520  0.069  0.375 -0.041 -0.131  0.017 -0.466  0.139  0.000
Q        0.572  1.320 -0.203  0.100  0.170 -0.068  0.660 -0.704 -0.665  0.135  0.213 -0.484 -0.117  0.527 -0.203  0.246 -0.222  0.177 -0.200  0.790  0.000
R       -0.004  0.676  0.476 -0.424  0.230 -0.425  0.505  0.044 -0.120  0.073  0.000  0.345 -0.051  0.515 -0.097 -0.047 -0.144 -0.119 -0.451  0.136  0.000
S        0.341  0.000  0.243  0.004 -0.247 -0.043  0.627 -0.371  0.268  0.088 -0.744  0.221 -0.099 -0.016 -0.086  0.074 -0.109 -0.011  1.199  0.920  0.000
T       -0.524  0.152 -0.029  0.148 -0.203 -0.057  0.726 -0.281  0.045 -0.271  0.494 -0.186 -0.235 -0.762 -0.215  0.085  0.153 -0.353 -0.234  0.342  0.441
V        0.205 -1.173 -0.251 -0.223 -0.006 -0.151 -0.518 -0.055 -0.197  0.101 -0.499 -0.340  0.166  0.189  0.208 -0.086 -0.000 -0.111  0.001  0.161  0.000
W        0.000  0.000 -0.586  0.073  0.000  0.436  0.000 -1.205  0.331  1.035  0.000  0.049  0.499 -0.152  0.000 -0.518 -0.882 -0.316  0.000  0.000  0.000
Y       -1.049  0.000 -0.611 -0.615  0.887 -0.991  0.000 -0.142 -0.918 -0.633  0.000  0.121  0.147  0.178 -0.488 -0.441 -0.385 -1.143  0.141  0.000  0.000
X        0.000  0.000  0.000  0.181  0.000 -1.112  0.000  0.000  0.000  0.000  0.000  0.850 -0.013 -0.387  0.000 -1.003  0.159  0.000  0.000  0.000  0.000
