i-1/i     A      C      D      E      F      G      H      I      K      L      M      N      P      Q      R      S      T      V      W      Y      X
A        0.022 -0.032 -0.023  0.036  0.039  0.000 -0.005  0.125  0.033 -0.037 -0.067  0.083 -0.007  0.092  0.121  0.052  0.064 -0.115  0.012  0.175 -0.065
C       -0.114 -0.190  0.000  0.000  0.112  0.000  0.000  0.000  0.065  0.000  0.000  0.000  0.003  0.044  0.000 -0.093  0.214  0.000  0.012  0.000  0.000
D       -0.058  0.176  0.008  0.097  0.249  0.000  0.137 -0.020  0.046  0.023  0.096  0.043 -0.041 -0.044  0.112 -0.026 -0.003 -0.099  0.101  0.126  0.000
E        0.042  0.000 -0.054  0.009  0.000  0.000  0.173  0.088  0.067 -0.003 -0.032  0.066 -0.038 -0.019  0.064 -0.002  0.112  0.010  0.011  0.011 -0.249
F        0.020  0.000 -0.039  0.001 -0.021  0.000  0.000  0.000  0.016 -0.074  0.000  0.144 -0.039 -0.011  0.000  0.140  0.131  0.092 -0.160  0.134  0.000
G        0.112  0.060  0.047  0.018  0.066  0.000  0.003  0.049  0.070  0.132  0.097  0.067  0.037  0.057  0.066  0.032  0.045  0.006 -0.188 -0.032 -0.012
H        0.039  0.000 -0.070  0.073 -0.023  0.000  0.030  0.212  0.148 -0.014  0.000 -0.043  0.004 -0.082  0.086  0.107 -0.095  0.055  0.000  0.119  0.000
I        0.042  0.296  0.018  0.024 -0.230  0.000 -0.057  0.116 -0.006  0.075 -0.034 -0.058  0.007  0.081  0.092  0.107  0.046  0.065  0.000  0.042  0.000
K       -0.006  0.293  0.030  0.015  0.019  0.000 -0.010 -0.135  0.036  0.043  0.137  0.080  0.014 -0.035 -0.026 -0.031  0.051 -0.118  0.085  0.216  0.000
L        0.007  0.000 -0.011 -0.094  0.190  0.000  0.159 -0.022  0.045  0.104 -0.050 -0.021  0.068  0.008  0.049 -0.016  0.169 -0.019 -0.115  0.043  0.000
M       -0.080  0.000  0.037  0.029  0.226  0.000  0.180  0.087  0.171  0.043  0.000 -0.086  0.053 -0.049  0.105  0.050 -0.088  0.220  0.000 -0.002  0.000
N        0.072  0.000 -0.036 -0.022  0.016  0.000 -0.006 -0.076  0.123  0.076 -0.068 -0.027  0.010  0.073 -0.004 -0.037  0.134  0.081  0.000  0.022  0.363
P        0.032  0.200  0.050 -0.021  0.134  0.000  0.027  0.009  0.023  0.028  0.136 -0.050  0.010  0.135  0.057 -0.004  0.087  0.064 -0.094  0.042  0.116
Q        0.098  0.000 -0.022  0.039  0.139  0.000 -0.131  0.221  0.000 -0.028 -0.042  0.036  0.054  0.001  0.056 -0.054 -0.060  0.035 -0.128 -0.028  0.000
R        0.010 -0.081 -0.016  0.040  0.201  0.000  0.020  0.006  0.052  0.084 -0.071 -0.004 -0.018 -0.005  0.057  0.029 -0.094  0.023  0.000  0.037  0.000
S        0.073  0.111  0.041  0.007  0.111  0.000  0.016 -0.015  0.069  0.036 -0.002  0.060  0.027  0.015 -0.005  0.013  0.162  0.071  0.000 -0.146  0.178
T        0.007  0.000  0.086  0.091  0.154  0.000  0.034  0.152  0.094  0.157  0.000 -0.049 -0.005  0.060  0.056  0.003  0.015 -0.007  0.054 -0.085  0.281
V        0.024 -0.240  0.025  0.095  0.105  0.000 -0.131  0.085  0.055  0.074 -0.032  0.016 -0.019  0.032  0.090 -0.018  0.023  0.066  0.146  0.184 -0.042
W        0.000  0.000  0.000  0.006  0.113  0.000  0.000  0.000 -0.091  0.180  0.000 -0.021 -0.021  0.000  0.156 -0.075  0.207  0.000  0.000  0.000  0.000
Y        0.153  0.158 -0.055  0.000 -0.040  0.000 -0.167  0.253  0.214  0.000  0.006  0.077 -0.172 -0.028  0.006  0.033  0.013  0.023  0.000 -0.174  0.000
X        0.000  0.000 -0.113  0.107  0.000  0.000  0.000  0.000  0.000  0.201 -0.068 -0.212  0.000  0.000  0.000 -0.162  0.000  0.060  0.000  0.000  0.000
