i-1/i     A      C      D      E      F      G      H      I      K      L      M      N      P      Q      R      S      T      V      W      Y      X
A       -0.004 -0.125 -0.032 -0.052 -0.105  0.000  0.021  0.123 -0.012 -0.038 -0.045  0.039 -0.035  0.068 -0.026 -0.045 -0.043 -0.009  0.000  0.097  0.000
C       -0.146  0.000 -0.013  0.173  0.000  0.000  0.000  0.000 -0.041  0.000  0.000  0.018  0.133  0.168  0.122  0.146 -0.070  0.093  0.000  0.000  0.000
D       -0.084  0.000 -0.001  0.022  0.029  0.000  0.013 -0.004 -0.006 -0.012  0.031 -0.042 -0.061  0.004 -0.036  0.005  0.074 -0.045 -0.096 -0.066  0.178
E       -0.008  0.245 -0.017  0.017  0.022  0.000  0.038 -0.052  0.106  0.017 -0.064 -0.048  0.004  0.026  0.053 -0.098 -0.016 -0.051  0.210 -0.070  0.056
F       -0.042  0.000 -0.047 -0.068 -0.041  0.000  0.155  0.088 -0.109 -0.011  0.087  0.000  0.022 -0.004  0.047  0.015 -0.069  0.014 -0.126 -0.202  0.000
G        0.030  0.037  0.040  0.060 -0.102  0.000 -0.048  0.011  0.091 -0.048 -0.072  0.054 -0.023  0.019  0.121 -0.023  0.051  0.079  0.045 -0.058 -0.028
H       -0.081  0.069 -0.020 -0.167 -0.131  0.000 -0.061 -0.131  0.011 -0.014 -0.084  0.000  0.032  0.044 -0.088 -0.089 -0.086 -0.007 -0.201 -0.063  0.000
I       -0.006  0.000  0.011  0.036  0.034  0.000  0.098 -0.039  0.061 -0.005  0.000 -0.151 -0.001  0.000 -0.034  0.061 -0.057 -0.052  0.000  0.001  0.000
K       -0.037  0.000 -0.008  0.001 -0.242  0.000 -0.018  0.008  0.002 -0.015 -0.058 -0.038 -0.009  0.009  0.016 -0.038  0.022 -0.020  0.099 -0.079  0.000
L        0.027 -0.002 -0.034 -0.084  0.097  0.000  0.033 -0.063 -0.019 -0.112 -0.098 -0.073  0.011 -0.002  0.008 -0.115 -0.020 -0.051 -0.162  0.139  0.000
M        0.008  0.000 -0.116  0.066  0.000  0.000 -0.012 -0.048  0.033  0.044  0.089 -0.128  0.003 -0.067  0.102 -0.036  0.038 -0.181  0.000  0.000  0.000
N       -0.008  0.082  0.021 -0.024  0.138  0.000  0.110  0.182  0.019 -0.041 -0.014 -0.017 -0.040  0.060  0.037  0.019 -0.082 -0.078  0.066  0.204 -0.012
P        0.180 -0.206  0.155  0.000  0.081  0.000  0.250  0.188  0.000  0.155  0.119  0.000  0.186  0.000  0.213  0.000  0.150  0.000  0.115  0.197  0.104
Q       -0.022 -0.055 -0.008 -0.007 -0.066  0.000  0.010  0.008 -0.018 -0.086 -0.125  0.009  0.069 -0.036 -0.144 -0.071 -0.048 -0.011  0.176  0.042  0.261
R        0.039 -0.230 -0.084 -0.029  0.057  0.000 -0.067  0.027 -0.036  0.008 -0.043 -0.029  0.041 -0.020 -0.048 -0.026 -0.059 -0.062  0.000 -0.064  0.052
S        0.048  0.166 -0.029  0.030  0.014  0.000  0.155  0.124  0.092  0.098  0.050  0.079  0.038  0.026  0.068  0.015  0.011  0.072  0.130  0.059 -0.302
T        0.115  0.065  0.052  0.050  0.000  0.000  0.068  0.115  0.070  0.141  0.086  0.122  0.056  0.077  0.089  0.040  0.074  0.034 -0.047  0.212  0.081
V        0.004  0.000 -0.010  0.024 -0.034  0.000  0.163 -0.046 -0.116  0.088  0.023 -0.002  0.029  0.068  0.002 -0.036  0.051  0.001  0.080 -0.169  0.000
W       -0.101  0.000  0.031 -0.049  0.000  0.000 -0.130  0.000 -0.159  0.000 -0.113  0.014 -0.080 -0.011  0.100  0.000 -0.059  0.121  0.002 -0.012  0.000
Y        0.100  0.000 -0.069  0.083  0.003  0.000  0.086  0.000 -0.141 -0.110  0.000 -0.001 -0.016 -0.061 -0.094 -0.166 -0.079 -0.231  0.000 -0.084  0.000
X        0.162  0.000  0.090  0.000  0.000  0.000  0.000  0.000  0.178  0.000  0.000 -0.121 -0.012  0.000  0.000 -0.132  0.107  0.000  0.000  0.000  0.327
