i-1/i     A      C      D      E      F      G      H      I      K      L      M      N      P      Q      R      S      T      V      W      Y      X
A        0.057  0.127 -0.154  0.092 -0.261 -0.024  0.396  0.251  0.036  0.049 -0.103 -0.022  0.000  0.036 -0.022 -0.058  0.084  0.150  0.350 -0.261 -0.000
C       -0.193  0.000  0.000  0.000  0.000  0.000  0.000  0.000  0.464  0.000  0.000  0.000  0.000  0.115  0.000 -0.139 -0.250  0.000 -0.347  0.000  0.000
D        0.012  0.142 -0.053 -0.015 -0.003  0.105  0.297  0.217  0.126  0.191  0.138  0.195  0.000  0.068  0.028  0.091 -0.261  0.088  0.290 -0.080  0.000
E       -0.020  0.000  0.094 -0.012  0.448  0.123 -0.143  0.266  0.207  0.097  0.263 -0.042  0.000 -0.092  0.175  0.026  0.082  0.188  0.396  0.048  0.075
F       -0.049  0.000 -0.028  0.136 -0.344 -0.146  0.000  0.352 -0.157  0.278  0.000 -0.321  0.000 -0.117 -0.173 -0.210  0.245  0.113 -0.616  0.588  0.000
G        0.142 -0.204  0.160  0.126  0.258  0.147  0.095  0.256  0.117  0.033  0.220  0.136  0.000  0.050  0.099  0.191  0.198  0.235  0.328  0.039  0.024
H        0.149  0.000  0.288  0.274  0.194  0.359  0.425  0.142 -0.235  0.284  0.226  0.134  0.000  0.342  0.058  0.029 -0.022  0.040  0.000  0.000  0.000
I       -0.009  0.163 -0.172 -0.067  0.000  0.063  0.186  0.322  0.114  0.106 -0.222 -0.040  0.000  0.039  0.083 -0.083  0.133  0.056  0.000  0.172  0.000
K       -0.015  0.070  0.137  0.106 -0.179  0.030 -0.087  0.253  0.099  0.286 -0.115  0.179  0.000  0.032  0.019  0.038  0.137  0.024  0.238  0.383  0.000
L       -0.031 -0.056 -0.098  0.073  0.011  0.129  0.091 -0.046  0.091  0.065 -0.054  0.035  0.000  0.173  0.092  0.007 -0.129  0.085 -0.222  0.146  0.000
M       -0.005  0.000 -0.129  0.086  0.096  0.263 -0.059  0.119  0.195  0.222 -0.293 -0.091  0.000  0.017  0.315  0.015  0.089  0.279  0.000  0.246  0.000
N       -0.218  0.000  0.249 -0.046 -0.042  0.105  0.503  0.153  0.022  0.116 -0.026  0.093  0.000  0.099  0.035  0.125  0.000  0.311  0.000 -0.002  0.000
P       -0.066  0.133 -0.135 -0.106 -0.288  0.069 -0.092 -0.234  0.086 -0.098 -0.110 -0.092  0.000 -0.171  0.144  0.059 -0.036 -0.065  0.248  0.265  0.275
Q        0.212  0.000  0.224  0.210  0.140  0.239  0.619  0.005  0.036  0.482 -0.018 -0.040  0.000  0.023  0.281  0.176  0.341  0.000 -0.297  0.283 -0.309
R        0.128  0.203  0.104  0.069  0.132  0.183  0.229  0.297  0.134  0.410  0.095  0.164  0.000  0.069  0.123  0.141  0.163  0.024  0.000  0.368  0.000
S        0.083 -0.165  0.042  0.023 -0.146  0.173  0.294 -0.002  0.033  0.014  0.122  0.120  0.000 -0.084  0.100  0.035  0.087  0.034  0.357  0.384  0.057
T        0.076  0.407  0.009 -0.057  0.167  0.101  0.016  0.363  0.044  0.141  0.154  0.118  0.000  0.127 -0.144  0.147  0.134 -0.003  0.578  0.218  0.400
V       -0.120  0.221  0.110 -0.273 -0.406  0.084  0.026  0.178 -0.089  0.224  0.000 -0.043  0.000  0.036  0.088 -0.212  0.058  0.179 -0.113 -0.347  0.000
W        0.008  0.000  0.315  0.392 -0.205  0.000  0.000  0.038 -0.121  0.000  0.000 -0.373  0.000 -0.217  0.315  0.002 -0.087  0.000  0.000  0.000  0.000
Y        0.219  0.103 -0.271 -0.310  0.035 -0.014  0.370  0.095  0.196  0.455  0.000 -0.030  0.000  0.012 -0.208 -0.054 -0.385  0.290  0.000 -0.039  0.000
X        0.000  0.000 -0.063  0.037  0.000  0.546  0.000  0.000  0.000  0.000  0.296  0.197  0.000  0.000  0.000 -0.363  0.000 -0.075  0.000  0.000  0.000
