i-1/i     A      C      D      E      F      G      H      I      K      L      M      N      P      Q      R      S      T      V      W      Y      X
A       -1.418  0.000 -1.408 -1.907 -0.555 -1.294 -1.640 -0.456 -2.050 -0.314 -1.636 -1.772  0.000 -1.057 -1.147 -1.258  0.401 -1.632 -3.228  0.472 -1.042
C        1.789  0.000  0.883  0.159  0.000  0.441  2.630  0.000  0.000 -0.284  0.000  2.480  0.000 -0.139  2.449  1.898 -2.305  0.000  0.000  0.000  0.000
D       -1.274 -1.422 -0.347 -1.890 -0.903  0.274 -1.737 -0.407 -0.779 -0.488  0.182 -0.241  0.000 -0.972 -2.424 -1.310 -0.759 -1.312 -0.437 -0.731 -0.692
E        1.006  0.000  0.489  0.210 -0.263  0.115 -0.551  1.037 -0.431  0.751  0.340 -0.187  0.000  0.279  0.841  0.498  0.653  1.152  1.436  0.580  0.000
F       -0.965  3.284 -0.060  1.148 -2.538 -0.465  0.000 -0.722  1.827 -1.802  2.721  0.284  0.000  0.603 -0.235  0.465  0.341 -0.120  0.000  1.958  0.000
G       -1.423 -2.017 -0.949 -1.439 -0.949 -0.994 -1.250 -0.958 -2.357 -1.558 -1.885 -1.737  0.000 -2.131 -1.704 -1.217 -1.984 -1.988 -0.952 -1.365 -2.451
H        0.711  0.000 -1.003  0.743  3.563 -0.642  0.907  1.307 -0.299  0.962 -0.846  0.292  0.000 -2.133  0.072 -0.447 -0.020  3.187 -0.923  2.242  0.000
I        0.000  0.000  0.000  2.474  1.591  2.319  0.000  0.000  1.994  2.619  0.000  2.282  0.000  0.000  0.000  0.000  2.299  2.810  0.000  0.000  0.000
K        0.138 -1.354 -0.514 -0.338 -0.960  0.220 -2.031  1.576  0.195  1.636  0.554 -0.275  0.000  0.055 -0.253  0.089 -0.261  0.216  0.360 -1.132  2.203
L       -0.704  0.398  0.008  0.173 -0.351 -1.145  1.712  0.317  0.074  0.255  0.521  0.061  0.000 -0.088  1.896 -0.181 -0.393  0.378 -0.323 -1.610 -0.564
M       -0.269  0.000 -0.090 -0.039  2.223 -0.453  1.263 -0.157  0.143  1.429  1.126  2.480  0.000  0.464  2.290  0.250  0.187  1.122 -0.392  0.000  0.000
N       -1.021  0.000 -0.270 -1.178  1.769  0.160  0.000 -1.383 -1.248 -1.374 -1.734 -0.166  0.000 -1.382 -0.769 -1.261 -0.377 -1.447 -0.752 -0.671 -0.055
P       -0.932 -2.478 -2.539 -1.091 -0.664 -0.588 -0.393 -0.728 -0.130 -0.262 -1.982 -1.300  1.070  0.180 -0.306 -0.167 -1.191 -0.212  0.966 -0.028  1.065
Q        0.534  0.414  0.150  0.251  1.655 -0.306 -0.741  1.611  0.364  0.077 -0.659 -0.149  0.000 -0.161 -0.048 -1.233 -0.983 -1.466  1.064 -0.755  0.000
R        0.104  1.997 -0.035  0.496  1.523 -0.711  1.565  0.696  0.560  0.266  1.516  0.390  0.000 -0.210  0.730 -0.289  0.121 -0.531  1.260 -0.011  0.000
S        1.091  0.069  1.539  0.234 -0.042  1.460  0.042 -0.282  1.801  0.678  1.154  1.551  0.000  0.742  1.759  0.879  0.636  1.041  0.911  1.291 -0.022
T        1.078  1.633  0.172  1.857  3.127  0.686  1.920  3.164  1.444  1.390  1.067  0.771  0.000  1.663  1.592  0.828  0.913  2.820  2.966  1.746 -0.066
V        1.793  0.609  0.000  2.202  3.580  2.226  1.371  0.000  0.000  0.000  0.000  0.000  0.000  0.000  0.000  2.018  2.498  3.650  0.000  0.000  0.000
W        0.000  0.000  0.713 -2.397  2.409 -1.760  0.000  3.202 -0.677  1.413  0.000  0.000  0.000  1.186  2.909  1.916  2.501  2.608 -1.947  0.000  0.000
Y        0.128  0.000 -0.204 -0.101 -0.387 -0.307  2.299  0.762  1.317  1.551  0.000 -0.639  0.000 -0.006  0.288  0.618  0.706  3.305  2.321  2.513  0.000
X        0.000  0.000  0.305  0.000  0.000  0.199  0.000  0.000  0.000  0.000  0.000  0.000  0.000  0.000 -1.665  0.000  2.920  0.000  0.000  0.000  1.620
