i-1/i     A      C      D      E      F      G      H      I      K      L      M      N      P      Q      R      S      T      V      W      Y      X
A       -0.086  0.231 -0.156 -0.117 -0.236 -0.151 -0.258 -0.027  0.060  0.004 -0.674 -0.158  0.069 -0.178  0.048  0.066  0.105 -0.053 -0.521 -0.018 -2.193
C       -0.061  0.351  0.243  0.140  0.041  0.000 -0.351 -0.344 -0.265  0.342  0.634 -0.206 -0.366 -0.053 -0.126  0.009  0.529  0.240  1.530  0.608  0.000
D        0.174 -1.196  0.088  0.172  0.045  0.076  0.621  0.049  0.363  0.156 -0.128  0.468  0.169  0.316  0.220 -0.017  0.330  0.242 -0.333  0.169 -1.488
E        0.195  0.790  0.197  0.406  0.393  0.122  0.346  0.021  0.347  0.230  0.200  0.171 -0.113  0.362  0.261  0.045  0.046  0.263 -0.123  0.399 -0.390
F       -0.042 -1.005  0.054 -0.269  0.190 -0.247 -0.133 -0.216 -0.270  0.096  0.338  0.176  0.073 -0.153 -0.295 -0.090 -0.232 -0.294  0.622  0.238  1.031
G       -0.004 -0.701 -0.184  0.058  0.509 -0.117 -0.409 -0.015 -0.004  0.006 -0.748 -0.018  0.214  0.171  0.306 -0.303 -0.266 -0.240  0.000 -0.550  0.000
H        0.223 -0.920 -0.164  0.117  0.699  0.181 -0.379  0.051 -0.256  0.082  0.592  0.194 -0.007  0.001  0.044  0.095 -0.283  0.285 -1.029  0.155  0.000
I        0.067  0.025  0.093 -0.148 -0.023 -0.124  0.501  0.274 -0.223  0.232  0.352  0.119 -0.247  0.040 -0.143 -0.019  0.368  0.055 -0.058  0.066  1.377
K        0.071  0.282 -0.088  0.030  0.029 -0.054  0.061  0.098  0.212  0.097 -0.637 -0.121 -0.061  0.093  0.309  0.005 -0.132  0.246 -0.448  0.053  1.349
L       -0.048 -0.150 -0.040 -0.172 -0.007 -0.106 -0.047  0.005 -0.300  0.114  0.208  0.089  0.063 -0.099 -0.359 -0.030  0.096 -0.275  0.585 -0.225  0.441
M       -0.017 -0.262 -0.176 -0.268 -0.332 -0.159 -0.412 -0.125 -0.219  0.297  0.837  0.014 -0.380 -0.046 -0.087 -0.138 -0.094 -0.042  0.553 -0.206  1.282
N        0.020 -0.472 -0.227 -0.069  0.246  0.113  0.312 -0.012  0.044  0.089  0.067  0.177 -0.222  0.096  0.061  0.002  0.017  0.143 -0.124  0.159  1.007
P        0.000  1.047  0.000  0.000  0.000  0.000  0.000  0.000  0.000  0.000  0.694  0.000  0.000  0.000  0.000  0.000  0.000  0.000  0.000  0.760  0.000
Q        0.072  0.989 -0.025  0.256  0.216 -0.242  0.027 -0.060  0.290  0.086  0.180 -0.067 -0.111  0.098  0.077 -0.073  0.004  0.071 -0.457  0.064  0.038
R        0.137 -0.463  0.171  0.168  0.043  0.015  0.258  0.021 -0.038  0.072 -0.181 -0.127 -0.429  0.108  0.075 -0.127  0.044  0.076  0.433  0.183  1.545
S       -0.005 -0.031 -0.078 -0.013 -0.090 -0.053 -0.584 -0.014  0.134  0.020 -0.625 -0.123  0.079  0.006  0.187 -0.142 -0.485  0.253  0.074  0.194  0.956
T        0.133 -0.456 -0.208  0.143 -0.396 -0.232 -0.222 -0.434  0.138  0.127 -0.240 -0.073 -0.601  0.097  0.113 -0.081 -1.279 -0.103 -0.513  0.669  1.254
V        0.051  0.297 -0.002 -0.039  0.001 -0.119 -0.166  0.025 -0.160  0.162  0.139 -0.027 -0.141 -0.067 -0.081 -0.052  0.113 -0.189  0.145 -0.081  0.358
W        0.167  0.094  0.360 -0.011  0.140  0.310  0.731 -0.010 -0.074  0.251  0.851  0.374 -0.344  0.197  0.360 -0.082 -0.418  0.040  0.000 -0.170  0.000
Y       -0.147  0.513  0.068 -0.071  0.382 -0.080  0.232 -0.275 -0.143  0.011  0.077  0.246  0.142 -0.098 -0.022  0.066 -0.130 -0.115 -0.784  0.042  0.000
X        0.217  0.000  0.039 -0.708  0.000  0.305  0.485  0.578 -0.533 -0.030  0.933  0.000  0.013  0.328  0.000 -0.295 -0.067 -0.246  0.000 -0.827  0.000
