i-1/i     A      C      D      E      F      G      H      I      K      L      M      N      P      Q      R      S      T      V      W      Y      X
A        0.060  0.501  0.139  0.196  0.182  0.167 -0.081 -0.092  0.206  0.169  0.311  0.306 -0.099  0.126  0.169  0.018  0.271  0.083  0.094 -0.051 -0.050
C        0.346  0.000  0.426  0.103  0.068  0.141  0.076  0.352 -0.037  0.147 -0.902  0.273 -0.345 -0.003  0.453  0.503  0.420 -0.215 -0.177  0.000  0.000
D        0.107 -0.333  0.086  0.181 -0.111 -0.071 -0.160  0.281  0.054  0.150  0.211 -0.078 -0.150  0.038  0.221  0.034  0.216  0.177  0.287  0.122 -0.628
E        0.192 -0.220  0.234  0.104  0.164 -0.116  0.354  0.093  0.236  0.200  0.162 -0.212 -0.076  0.185  0.193 -0.185  0.250  0.242  0.135  0.328  0.063
F        0.067  0.206  0.082  0.220  0.439 -0.157 -0.300 -0.086  0.390  0.273 -0.282  0.099  0.341  0.335  0.290  0.146 -0.019  0.084 -0.375  0.428  0.000
G        0.137 -0.341 -0.227 -0.105 -0.449 -0.007  0.141  0.091 -0.010  0.039  0.039  0.137 -0.065 -0.480  0.065 -0.072  0.828 -0.081  0.746 -0.309  0.000
H        0.330  1.509 -0.015  0.115 -0.071  0.235  0.150  0.272  0.304  0.359  0.350 -0.083  0.342  0.255  0.121  0.704 -0.187  0.196  0.360 -0.037  0.000
I        0.129 -0.045  0.014  0.008  0.595 -0.038  0.114  0.013  0.200  0.219  0.191  0.137 -0.040  0.118  0.122  0.128 -0.105 -0.018 -0.204  0.400 -1.264
K        0.084  0.801 -0.042 -0.103  0.034  0.111 -0.089  0.003  0.064  0.191 -0.394  0.119 -0.261  0.106  0.156  0.186  0.264  0.155 -0.303  0.045 -0.094
L        0.075  0.905  0.037  0.133  0.064 -0.042  0.109 -0.018  0.217  0.212  0.172  0.231  0.159  0.157  0.127  0.041  0.141  0.071  0.516  0.271 -0.671
M        0.209  0.168  0.166  0.349  0.175  0.045 -0.099  0.325  0.058 -0.002  0.031  0.410  0.042  0.100  0.262  0.120  0.122  0.039  0.471  0.528  0.000
N        0.108 -0.448 -0.169  0.050  0.175 -0.120  0.152 -0.104 -0.060  0.266 -0.015 -0.310 -0.033  0.305  0.154  0.110  0.336  0.044  0.283 -0.207  0.550
P       -0.560  0.000  0.000  0.000  0.259  0.000  0.000  0.000 -0.235 -0.709  0.000 -0.191  0.000  0.000  0.741  0.514  0.000 -0.275  0.000  0.128  0.000
Q        0.107  0.211 -0.021  0.023  0.303  0.387  0.356  0.174  0.377  0.280  0.124 -0.044 -0.027  0.171  0.215  0.138  0.192  0.350  0.077  0.387  0.852
R        0.159  0.502 -0.066  0.113  0.180  0.081  0.387  0.030  0.015  0.202  0.126 -0.232 -0.228  0.211  0.099  0.432  0.335 -0.001 -0.098  0.116 -0.380
S        0.098  0.219 -0.171 -0.040  0.113  0.221  0.136  0.264 -0.042  0.279  0.081 -0.038 -0.300  0.233 -0.014 -0.203  0.004  0.167 -0.325 -0.042  1.254
T        0.081  0.140  0.089  0.150  0.460 -0.184  0.296  0.228 -0.200  0.363  0.030  0.331 -0.139 -0.104  0.285  0.474 -0.750 -0.051 -0.055 -0.118  1.604
V        0.002 -0.234  0.005  0.112  0.069 -0.132 -0.189 -0.421  0.103  0.093 -0.031  0.163 -0.122  0.131  0.041  0.071 -0.029  0.021  0.227  0.409  0.431
W        0.015  0.000 -0.046  0.162 -0.654  0.025  0.557 -0.742  0.438  0.550 -0.313 -0.003  0.178  0.230  0.445  0.251  0.586  0.259  0.000  0.261  0.000
Y        0.227 -0.265  0.249  0.090  0.107 -0.123  0.779  0.637  0.232  0.390 -0.154  0.153 -0.206  0.087  0.200 -0.020  0.506  0.394 -0.911 -0.039  0.000
X        0.129  0.000 -0.224  0.149  0.000  0.000  0.015  1.194 -0.336  0.162  0.000 -0.430  0.364  0.271 -0.724  0.000  0.517  0.217  0.439 -0.846  0.000
