i-1/i     A      C      D      E      F      G      H      I      K      L      M      N      P      Q      R      S      T      V      W      Y      X
A       -0.024 -0.314 -0.342 -0.098 -0.348  0.000 -0.196  0.055  0.005 -0.003  0.141 -0.405  0.036 -0.157  0.157 -0.144 -0.157 -0.099 -0.169 -0.365 -2.878
C        0.156 -0.223 -0.248  0.222 -0.178  0.000 -0.448 -0.397 -0.286  0.055  0.993  0.031  0.629 -0.553  0.273  0.137 -0.003  0.252  0.277  0.691  0.000
D       -0.292  0.031 -0.480 -0.211 -0.224  0.000 -0.083  0.230 -0.102 -0.214 -0.271 -0.425 -0.071 -0.114 -0.273 -0.308 -0.098 -0.100  0.158 -0.851  0.000
E       -0.203 -0.600 -0.359 -0.252 -0.422  0.000 -0.256  0.067  0.131 -0.297 -0.344 -0.217  0.057 -0.305 -0.219 -0.355 -0.062  0.122 -0.523 -0.114 -0.914
F        0.026  0.378  0.216 -0.011 -0.017  0.000 -0.159 -0.053  0.021  0.199  0.340 -0.081  0.063  0.210  0.240  0.187 -0.279  0.088  0.057  0.257  0.832
G       -0.144  0.000 -0.152 -0.187 -0.124  0.000 -0.068 -0.211 -0.046 -0.191 -0.112 -0.232  0.093 -0.118  0.223  0.011 -0.239 -0.074  0.093  0.120  0.000
H       -0.060  0.000  0.200 -0.214 -0.384  0.000  0.124  0.255  0.079  0.185  0.000  0.335  0.167  0.030 -0.062 -0.150 -0.126 -0.031  0.586  0.288  0.000
I        0.062  0.720  0.190  0.104 -0.074  0.000  0.170 -0.014 -0.014  0.002 -0.288  0.165  0.191  0.240 -0.021  0.058 -0.041 -0.033  0.061  0.296  2.456
K       -0.171  0.287  0.243 -0.109 -0.011  0.000  0.171 -0.083 -0.067 -0.183 -0.307 -0.159 -0.126 -0.003  0.108 -0.202  0.000  0.033  0.318 -0.190 -1.022
L        0.155  0.172 -0.018  0.205  0.031  0.000  0.365 -0.067 -0.143 -0.043  0.171 -0.072  0.205  0.143 -0.063  0.177 -0.283 -0.070  0.298  0.023  0.540
M       -0.085  0.221  0.176  0.140  0.274  0.000  0.304 -0.053 -0.061  0.046 -0.688  0.352  0.160  0.045 -0.047 -0.244 -0.176  0.255 -0.564  0.053 -0.722
N       -0.082 -0.177 -0.237 -0.036 -0.379  0.000 -0.261  0.082 -0.030  0.079 -0.427  0.133 -0.027  0.122 -0.043 -0.119  0.108  0.187  0.521  0.085  0.000
P        0.463 -1.036  0.076  0.241  0.000  0.000  0.000  0.000 -0.054  0.000  0.000  0.000  0.000  0.000  0.595  0.642  0.377  0.136  0.000  0.000  0.000
Q       -0.121 -0.925 -0.001 -0.170  0.023  0.000 -0.373 -0.236  0.047 -0.251  0.285  0.032  0.023 -0.181 -0.069 -0.037 -0.014 -0.002  0.060 -0.204  0.000
R       -0.037 -0.474  0.410 -0.147  0.245  0.000  0.393 -0.091  0.067 -0.033 -0.688 -0.159  0.331 -0.101  0.104 -0.170 -0.059 -0.013  0.249 -0.130  0.334
S       -0.131 -0.917 -0.239 -0.209  0.124  0.000 -0.101 -0.059  0.008 -0.120 -0.032 -0.370 -0.138 -0.222 -0.161 -0.255 -0.115 -0.074 -0.422 -0.461  0.000
T        0.107 -0.651 -0.049 -0.159  0.120  0.000 -0.016  0.113 -0.203 -0.052 -0.289 -0.111  0.069 -0.238  0.064 -0.081 -0.022  0.107 -0.056 -0.011  1.146
V        0.152 -0.506  0.053  0.012  0.081  0.000 -0.047 -0.178  0.196  0.008  0.186  0.046  0.290  0.060  0.065 -0.019 -0.182 -0.014 -0.012 -0.070 -1.381
W        0.324  0.750  0.064 -0.090 -0.468  0.000  1.176  0.115 -0.424 -0.178 -0.587 -0.049  0.000  0.007  0.195  0.022  0.112 -0.044  0.679  0.695  0.000
Y        0.189 -0.485 -0.098  0.137 -0.367  0.000  0.517  0.033 -0.114  0.300 -0.434 -0.454  0.116  0.010 -0.043 -0.186 -0.215  0.043 -0.112  0.040  3.112
X        0.048  0.000  0.000  0.655  0.143  0.000  0.000  0.388 -0.316  0.000  0.000  0.865  0.671 -0.084  0.149  0.000  0.000 -0.040 -0.977 -0.381 -2.104
