i-1/i     A      C      D      E      F      G      H      I      K      L      M      N      P      Q      R      S      T      V      W      Y      X
A       -0.146  0.006 -0.201  0.001 -0.001  0.000  0.078  0.178  0.067 -0.093 -0.463 -0.138  0.115 -0.067  0.014 -0.075 -0.109  0.044  0.174 -0.169 -2.510
C        0.036  0.951  0.104 -0.029  0.271  0.000 -0.185 -0.147 -0.131  0.482  0.682  0.346  0.000  0.292 -0.040  0.014 -0.142 -0.125 -0.280  0.150  0.000
D        0.185 -0.719 -0.123 -0.178 -0.010  0.000 -0.626 -0.172 -0.122 -0.283 -0.335  0.124  0.088 -0.055 -0.156 -0.055 -0.050 -0.032 -0.122 -0.110 -2.102
E       -0.078 -0.652 -0.095 -0.198 -0.161  0.000 -0.203 -0.110 -0.021 -0.119 -0.153 -0.073  0.167 -0.064  0.036 -0.170  0.071  0.053  0.362 -0.133 -0.290
F       -0.060  0.138 -0.007  0.075 -0.093  0.000 -0.162  0.136  0.011  0.191  0.029 -0.040 -0.183 -0.010  0.039  0.049  0.095  0.053  0.109  0.118 -1.515
G       -0.065  0.399 -0.115 -0.188 -0.092  0.000 -0.227  0.120  0.022 -0.184  0.022  0.088 -0.042 -0.258  0.054  0.078  0.007 -0.136  0.676  0.294  0.000
H        0.041 -0.539 -0.134  0.008 -0.007  0.000 -0.465  0.068  0.044 -0.146  0.767 -0.137 -0.074 -0.292 -0.295 -0.091  0.174  0.190 -0.380  0.079  0.000
I        0.023 -0.360  0.155  0.148  0.028  0.000 -0.096  0.158  0.053  0.214  0.499  0.056 -0.369  0.173  0.057  0.011 -0.100  0.083 -0.060  0.125  1.869
K        0.017  0.134  0.012 -0.047  0.038  0.000  0.028 -0.024  0.012 -0.110 -0.570 -0.166  0.052 -0.138  0.145  0.075  0.011  0.043  0.008 -0.085 -1.575
L        0.100  0.043 -0.053  0.058  0.143  0.000  0.074  0.187  0.094  0.101  0.266  0.069 -0.046  0.090 -0.015  0.070 -0.028  0.077 -0.087  0.167  1.150
M        0.045 -0.015  0.020  0.097  0.142  0.000 -0.030  0.183  0.062  0.173  0.401 -0.005 -0.642 -0.398  0.052 -0.023 -0.066 -0.000 -0.256  0.489  0.773
N       -0.019  0.354 -0.192 -0.072 -0.050  0.000  0.025 -0.051 -0.024 -0.062  0.023 -0.188  0.124  0.175  0.175  0.044  0.229  0.129  0.298  0.133  0.071
P        0.000  0.000 -0.431  0.000  0.000  0.000  0.000  0.000  0.000  0.000  0.000  0.000  0.000  0.000  0.000 -0.160  0.000  0.000 -0.763  0.000  0.000
Q       -0.019 -0.141 -0.116 -0.104  0.007  0.000 -0.166 -0.020  0.107  0.023 -0.200 -0.135 -0.079 -0.041  0.057 -0.130  0.035 -0.024  0.029 -0.142 -0.531
R       -0.021  0.224  0.195 -0.032  0.034  0.000  0.800 -0.028  0.081  0.036 -0.297 -0.119  0.272  0.019  0.019  0.053 -0.094 -0.058 -0.196 -0.073 -1.325
S        0.037  0.206  0.062 -0.016 -0.006  0.000  0.337  0.101  0.022 -0.023 -0.563 -0.286  0.144  0.046 -0.014  0.052  0.250 -0.035 -0.109 -0.149  1.886
T        0.080 -0.184  0.404  0.034 -0.114  0.000 -0.003  0.130 -0.008  0.113 -0.165 -0.194  0.203  0.040  0.248  0.123  0.425  0.143  0.245  0.156  1.834
V        0.159 -0.050  0.034  0.103  0.093  0.000  0.412  0.005  0.025  0.152  0.355  0.135  0.173  0.074  0.015 -0.001  0.128  0.133 -0.391  0.015  0.961
W        0.088  0.000  0.270  0.045  0.261  0.000 -0.008  0.157  0.033 -0.055 -0.213  0.244 -0.062 -0.057 -0.093 -0.138 -0.196 -0.023  0.378  0.314  0.000
Y       -0.098  0.258  0.251  0.008 -0.052  0.000 -0.172 -0.090  0.147  0.014 -0.009 -0.258 -0.191 -0.212 -0.027  0.059  0.213  0.061  0.406  0.093  0.000
X        0.131  0.000  0.232 -0.224  0.000  0.000  0.169  0.081 -0.007  0.548  1.558 -0.427  0.492 -0.509  0.000  0.426 -0.409 -0.025  0.000  0.000  0.000
