i-1/i     A      C      D      E      F      G      H      I      K      L      M      N      P      Q      R      S      T      V      W      Y      X
A       -0.013 -0.045  0.066 -0.016 -0.065  0.000  0.102 -0.048 -0.013 -0.089 -0.103 -0.369  0.016  0.008  0.059 -0.114 -0.288 -0.024  0.119  0.031 -1.861
C        0.140 -0.373  0.020  0.101  0.355  0.000  0.000 -0.169  0.002 -0.234  0.427 -0.286  0.219 -0.137  0.120 -0.322 -0.067 -0.132  0.413  0.171  0.000
D       -0.046 -0.613 -0.093  0.178 -0.160  0.000 -0.626  0.298 -0.014  0.294  0.944  0.149 -0.320  0.082 -0.085  0.055  0.306  0.051 -0.529  0.329  0.000
E       -0.040 -0.044 -0.133 -0.012 -0.040  0.000 -0.425  0.191 -0.294  0.198  0.489 -0.166 -0.205  0.081  0.003  0.045  0.026  0.185 -0.202 -0.220 -0.134
F        0.024 -0.597 -0.081 -0.052  0.036  0.000  0.277  0.062 -0.100 -0.160 -0.752  0.006  0.151  0.227 -0.105  0.006 -0.156 -0.091  0.290 -0.168  0.000
G        0.107 -0.567 -0.148  0.078  0.221  0.000 -0.579  0.044 -0.081 -0.011  0.062  0.213  0.088  0.011 -0.072 -0.074  0.063 -0.051 -0.286 -0.075  0.000
H        0.281 -0.393 -0.098 -0.273 -0.074  0.000 -0.724  0.094  0.330 -0.121  0.266  0.332 -0.699 -0.394 -0.081 -0.009 -0.091  0.005  0.051  0.059  0.289
I       -0.107 -0.001  0.102 -0.016 -0.231  0.000  0.913 -0.222  0.096 -0.240 -1.066 -0.330  0.018 -0.252  0.049 -0.128 -0.136 -0.153  0.401  0.009  0.330
K        0.006  0.150 -0.176 -0.167  0.021  0.000  0.064  0.089  0.151  0.008 -0.015 -0.213  0.245 -0.136 -0.005 -0.222 -0.119  0.057 -0.100  0.096  1.146
L       -0.152 -0.163 -0.027 -0.140 -0.099  0.000  0.120 -0.270  0.034 -0.207 -0.610 -0.220 -0.015 -0.113  0.023 -0.029 -0.177 -0.105  0.208 -0.199  2.153
M        0.009  0.669  0.002 -0.085 -0.017  0.000 -0.379 -0.223 -0.146 -0.183 -0.263  0.154 -0.014 -0.119 -0.038 -0.444 -0.011 -0.084  0.046 -0.220 -3.103
N       -0.042  0.596  0.019 -0.026 -0.311  0.000  0.116  0.087  0.131 -0.045  0.459 -0.325  0.008  0.169 -0.042 -0.043 -0.259  0.002 -0.521  0.179  0.000
P        0.000  0.000  0.430  0.639  0.712  0.000  0.000  0.000  0.000  0.000  0.453  0.000  0.000  0.000  0.000  0.287  0.409  0.000  0.687  0.000  0.000
Q       -0.089 -0.495 -0.179 -0.119 -0.213  0.000 -0.007  0.094 -0.124  0.107  0.446  0.419  0.040  0.022 -0.215 -0.106  0.003  0.315  0.548 -0.053  2.584
R        0.032  0.229  0.116 -0.180 -0.042  0.000  0.450 -0.067  0.194 -0.049 -0.004 -0.161  0.111 -0.211 -0.087 -0.098 -0.128  0.061 -0.347  0.026 -1.500
S       -0.107 -0.508 -0.004 -0.040 -0.067  0.000  0.214  0.146 -0.101  0.094  0.083 -0.234 -0.116 -0.182  0.096 -0.104 -0.242  0.033 -0.669 -0.059 -1.279
T       -0.080 -1.071 -0.002  0.037  0.057  0.000  0.211 -0.089 -0.038  0.066  1.046 -0.091  0.036 -0.186 -0.138 -0.123  0.259  0.078 -0.453 -0.034  2.960
V        0.035 -0.555 -0.096 -0.085 -0.069  0.000 -0.082 -0.037  0.084 -0.272 -0.703  0.083  0.336 -0.233 -0.034 -0.185 -0.187 -0.116  0.367 -0.212  0.000
W       -0.149  0.000  0.236 -0.457  0.211  0.000  0.426 -0.113  0.055  0.121  1.083 -0.315 -0.080 -0.432 -0.100 -0.417 -0.277  0.255 -0.307 -0.069  0.000
Y        0.130 -0.318 -0.098 -0.120  0.281  0.000  0.040  0.123  0.026 -0.145 -0.461 -0.043  0.308  0.119  0.073 -0.247 -0.086  0.013  0.100  0.167  0.000
X       -0.266  0.000  0.074 -0.194  0.894  0.000 -0.105 -0.552  0.268  0.293  0.021  0.000  0.000 -0.102  0.200  0.124  0.000  0.306  0.000 -0.130 -1.587
