i-1/i     A      C      D      E      F      G      H      I      K      L      M      N      P      Q      R      S      T      V      W      Y      X
A        0.471  0.201  0.064  0.459  0.541 -0.034  0.468  0.383  0.500  0.342  0.174  0.108  0.058  0.278  0.154  0.235  0.437  0.165  0.246 -0.181 -0.091
C        0.209  0.000 -0.010  0.227 -0.375  0.060  0.535  0.230  0.187 -0.559  1.057  0.546  0.133  0.175  0.048  0.632  0.559  0.081 -0.015  0.000  0.000
D       -0.212 -0.068 -0.078  0.037 -0.089 -0.223  0.294 -0.108 -0.419 -0.020 -0.312 -0.547  0.154 -0.392 -0.539 -0.407  0.067 -0.209  0.130 -0.194 -1.188
E        0.013  0.536 -0.337 -0.175 -0.086 -0.186 -0.101  0.002  0.115 -0.029  0.007 -0.390 -0.157  0.079  0.101 -0.270 -0.150 -0.108 -0.516  0.008 -0.092
F        0.505  0.362  0.279  0.327  0.009  0.138 -0.355  0.144  0.192  0.562  0.091  0.223  0.517  0.299  0.154  0.257 -0.076  0.358  0.037  0.555 -0.920
G       -0.036  0.389 -0.469  0.341  0.335 -0.470 -0.157 -0.113  0.131  0.023  0.549  0.232  0.377 -0.199  0.085  0.222 -0.478 -0.009  0.478 -0.033  0.000
H        0.270 -0.026 -0.551  0.114  0.389 -0.605  0.719 -0.151  0.585 -0.033  0.697  0.102 -0.666  0.406 -0.394  0.087 -0.079  0.208 -0.204 -0.208  0.000
I        0.084 -1.069  0.183 -0.090  0.150 -0.080 -0.192 -0.032 -0.016  0.016  0.059  0.016 -0.015  0.079  0.058  0.009 -0.446  0.169 -0.144  0.213  0.572
K        0.151  0.347  0.359  0.171 -0.126 -0.167  0.113 -0.037  0.360  0.221  0.283 -0.185 -0.818  0.145 -0.102  0.145  0.048  0.111 -0.361  0.272 -0.200
L        0.614  0.610  0.117  0.191  0.104  0.245  0.303  0.085  0.274  0.246  0.294  0.296  0.120  0.283  0.370  0.356  0.244  0.115 -0.041  0.106  1.329
M        0.321  1.078 -0.032  0.322  0.109  0.274  0.478 -0.063  0.032  0.723  0.932  0.466  0.192  0.237  0.422  0.226  0.403 -0.080  0.558  0.357  0.738
N        0.008 -0.305  0.435 -0.142 -0.024 -0.191 -1.121  0.228 -0.097 -0.189  0.444 -0.491 -0.215  0.581 -0.021 -0.803 -0.319  0.005  0.944  0.076  0.867
P       -1.073  0.000  0.000 -0.509 -0.384  0.676  0.000 -0.771 -0.864 -0.994  0.000  0.000 -0.858  0.000 -0.877  0.000  0.000 -1.053  0.000  0.000  0.000
Q        0.088 -0.231 -0.119  0.078  0.067 -0.164  0.012 -0.055  0.086  0.172 -0.510 -0.504 -0.272  0.097  0.223 -0.016  0.073  0.123 -0.021 -0.052 -0.237
R       -0.040  0.404  0.233  0.223  0.116  0.079  0.310  0.041  0.120  0.246  0.077 -0.541 -1.001  0.199 -0.021 -0.013  0.065 -0.056  0.503  0.251  0.319
S        0.090  0.199 -0.288  0.259  0.236 -0.425 -0.054 -0.070  0.102  0.249  0.062  0.106  0.099  0.183  0.320  0.013  0.237 -0.107  0.450  0.404  0.408
T        0.428  0.002 -0.798 -0.001 -0.241 -0.022  0.344  0.093  0.076 -0.050  0.194  0.849 -0.235  0.054  0.193  0.224 -0.267  0.073 -0.006 -0.054  0.085
V        0.152  0.007 -0.177  0.026 -0.395 -0.343 -0.095 -0.082 -0.066 -0.084  0.275  0.111 -0.218 -0.123  0.162 -0.033 -0.182 -0.156 -0.237  0.344 -1.388
W        0.454  1.054 -0.043  0.220  0.519 -0.290  0.603  0.211  0.494  0.304  0.337 -0.531  0.124  0.392 -0.225  0.378 -0.286  0.271  0.000 -0.609  0.000
Y        0.593  0.130 -0.322  0.047 -0.052  0.210  0.360 -0.238  0.173 -0.042  0.252  0.367 -0.681  0.092 -0.133  0.165  0.056 -0.060 -0.231  0.175  0.000
X        0.834  0.000 -0.773  0.456  0.000  0.000  0.409 -0.743 -0.673 -0.050  0.000  0.172  1.069  0.673 -0.109  0.000  0.018  0.000  0.000  0.000  0.000
