i-1/i     A      C      D      E      F      G      H      I      K      L      M      N      P      Q      R      S      T      V      W      Y      X
A        0.168 -0.276 -0.265 -0.011 -0.060 -0.129  0.254 -0.019 -0.087  0.100 -0.078 -0.280  0.207 -0.085  0.158 -0.307 -0.174  0.151 -0.288 -0.128 -1.285
C       -0.296  0.331 -0.054  0.080 -0.454  0.058 -0.818 -0.210 -0.041 -0.188 -0.741 -0.218  0.000  0.285 -0.403 -0.452  0.001  0.292 -0.495 -0.628  0.000
D       -0.249 -0.558 -0.061  0.179  0.245 -0.198 -0.186  0.119 -0.209 -0.085  0.057 -0.787  0.128  0.027 -0.239 -0.088 -0.441  0.041 -0.232  0.321  1.095
E        0.177  0.457 -0.003  0.298 -0.246 -0.353 -0.116 -0.116  0.086 -0.041 -0.326 -0.327 -0.148  0.077 -0.277 -0.197  0.147 -0.085  0.320  0.168 -1.339
F       -0.259 -0.171 -0.229  0.254  0.287 -0.205 -0.116 -0.243 -0.029  0.118 -0.072  0.087 -0.208 -0.126 -0.210 -0.371 -0.236 -0.110  0.054  0.794  0.000
G       -0.418 -0.456 -0.085 -0.030  0.293 -0.332  0.214 -0.342  0.084 -0.149  0.036 -0.300 -0.241  0.007 -0.106 -0.118 -0.254 -0.350 -1.234 -0.227  0.679
H       -0.461  0.222 -0.624 -0.174 -0.575 -0.080  0.043  0.493 -0.332 -0.486  0.089 -0.106  0.000 -0.377  0.222 -0.003 -0.195 -0.251 -0.838 -0.443 -0.077
I        0.227  0.209 -0.000  0.097 -0.224 -0.590 -0.010 -0.023 -0.015 -0.009  0.552  0.108 -0.225 -0.154  0.198  0.085 -0.197 -0.014  0.250  0.347 -0.589
K        0.028  0.489 -0.309  0.010  0.025 -0.293 -0.574 -0.041 -0.134 -0.002 -0.088 -0.367  0.408 -0.052 -0.224 -0.270 -0.127  0.070 -0.786 -0.312  0.000
L        0.132 -0.438  0.032  0.109  0.254 -0.169  0.039  0.224  0.070  0.092  0.163 -0.074  0.243 -0.143  0.100 -0.190 -0.014 -0.063  0.350 -0.230  0.000
M       -0.042 -0.361 -0.217  0.027 -0.094 -0.997  0.434 -0.323  0.148 -0.173  0.175 -0.091  0.156  0.048  0.194  0.151 -0.415  0.090  0.437 -0.663  0.124
N       -0.149 -0.156 -0.281 -0.423 -0.281 -0.163 -0.503 -0.404 -0.402 -0.371 -0.641 -0.827  0.000 -0.249 -0.217 -0.468 -0.555 -0.261  0.436 -0.014  0.943
P        0.164  0.925  0.115  0.227  0.168 -0.025  0.400  0.155 -0.065  0.128  0.009 -0.011  0.000  0.055  0.470  0.367 -0.207 -0.056 -0.430  0.387  0.694
Q       -0.112 -0.744 -0.319 -0.094 -0.319 -0.241 -0.188  0.016  0.141 -0.095  0.133 -0.622  0.199 -0.075 -0.023 -0.111 -0.259 -0.157  0.236  0.010 -0.938
R        0.167 -0.280 -0.311 -0.174 -0.325 -0.117 -0.178  0.121 -0.051 -0.108 -0.275 -0.425 -0.329 -0.024  0.032 -0.080  0.169  0.054 -0.081 -0.007 -0.547
S       -0.270 -0.316 -0.141 -0.306 -0.285 -0.418 -0.266 -0.220 -0.312 -0.417 -0.580 -0.133 -0.397 -0.059 -0.248 -0.664 -0.487 -0.178 -0.030 -0.380 -0.365
T       -0.226  0.195  0.154 -0.461 -0.513 -0.375 -0.474 -0.261 -0.369 -0.137 -0.111 -1.199  0.484 -0.317  0.154 -0.638 -0.413 -0.380 -0.316 -0.339 -0.870
V        0.002  0.260  0.245  0.135 -0.121 -0.126 -0.115  0.245  0.091  0.112  0.106  0.191  0.390 -0.108 -0.120 -0.022  0.056 -0.128  0.258  0.060  0.211
W        0.049  0.742  0.329 -0.008  0.036  0.256  1.371  0.260  0.113  0.519 -0.119 -0.397  0.288 -0.109 -0.491 -0.312  0.095 -0.179  0.000  0.549  0.000
Y       -0.128  0.263  0.055 -0.072 -0.189  0.138 -0.670 -0.120 -0.042  0.192 -0.322  0.239  0.151 -0.207  0.007  0.218  0.116 -0.438  0.793 -0.248 -1.072
X        0.039  0.000 -0.066  0.076  0.000  0.000  0.000 -0.031  0.243 -0.787  0.730  0.000  0.000 -0.260 -0.478 -0.633 -1.154 -0.167  0.000  0.000  0.000
