i-1/i     A      C      D      E      F      G      H      I      K      L      M      N      P      Q      R      S      T      V      W      Y      X
A        0.047 -0.027 -0.022 -0.004  0.038  0.000 -0.003 -0.010 -0.021  0.006 -0.006  0.004  0.011 -0.021 -0.001 -0.012 -0.013  0.033 -0.031  0.002 -0.049
C       -0.043  0.000  0.011 -0.023  0.299  0.000 -0.096  0.010  0.025  0.034  0.233 -0.014  0.052 -0.014  0.046 -0.050 -0.017  0.063  0.032  0.000  0.000
D        0.002 -0.058 -0.020  0.041  0.052  0.000 -0.065 -0.035 -0.015  0.025  0.029  0.064  0.051  0.041  0.027  0.028  0.009 -0.004 -0.032  0.099  0.116
E       -0.022  0.037  0.017 -0.012 -0.048  0.000 -0.043 -0.008  0.004 -0.009  0.006  0.018 -0.022 -0.001 -0.015 -0.006 -0.030 -0.023 -0.016  0.001  0.026
F        0.113 -0.033  0.003  0.010 -0.058  0.000  0.066  0.067  0.052  0.014  0.146 -0.033  0.051 -0.002  0.035  0.013  0.010  0.041  0.176  0.101 -0.316
G        0.053 -0.006  0.057  0.016  0.188  0.000 -0.021  0.004  0.018  0.005  0.038  0.079  0.010  0.085  0.045  0.000 -0.061  0.101  0.013 -0.091  0.000
H       -0.034 -0.063  0.012  0.037  0.100  0.000  0.012 -0.061  0.033  0.008  0.133  0.117 -0.049  0.090  0.029  0.169  0.098 -0.003 -0.087  0.061  0.000
I        0.051 -0.139  0.010 -0.003 -0.030  0.000 -0.042 -0.002  0.019 -0.013  0.129 -0.015  0.098 -0.009  0.016 -0.010  0.040  0.079 -0.099 -0.118  0.104
K       -0.002 -0.037  0.065  0.053 -0.038  0.000  0.028 -0.008  0.028  0.005  0.064  0.066  0.003  0.031  0.020  0.020 -0.006 -0.032  0.004  0.050  0.156
L        0.061  0.005 -0.027  0.005 -0.098  0.000 -0.023  0.006  0.005  0.034  0.043 -0.006  0.043  0.018  0.021 -0.014 -0.009 -0.004 -0.048 -0.002  0.154
M        0.038 -0.044 -0.006 -0.047 -0.138  0.000 -0.045  0.060  0.005 -0.021  0.080 -0.007  0.098  0.007 -0.003  0.003  0.041 -0.013 -0.091 -0.085  0.013
N        0.038 -0.039  0.018 -0.003  0.057  0.000 -0.036 -0.025  0.013 -0.008  0.051  0.033  0.070 -0.050  0.019 -0.058 -0.050  0.056  0.016  0.011  0.293
P        0.137  0.000  0.069  0.183 -0.112  0.000  0.000  0.000  0.133  0.234  0.000  0.000  0.000  0.000  0.125  0.195  0.000  0.169  0.000  0.208  0.000
Q       -0.017  0.030  0.039  0.019  0.029  0.000 -0.036 -0.022 -0.035 -0.020  0.024  0.031 -0.008 -0.028 -0.053  0.027 -0.035 -0.050 -0.019 -0.008 -0.108
R       -0.002 -0.102  0.048 -0.006 -0.009  0.000 -0.034  0.018 -0.003 -0.008 -0.108 -0.041 -0.025 -0.008 -0.027  0.029  0.027 -0.029  0.026  0.001 -0.123
S       -0.015  0.036  0.028  0.006 -0.010  0.000  0.135 -0.007  0.032 -0.002 -0.043  0.019 -0.071  0.005 -0.003  0.051  0.020 -0.017  0.085  0.081 -0.206
T        0.010  0.028  0.034  0.000  0.046  0.000 -0.040 -0.034  0.039 -0.053  0.055 -0.016  0.065  0.056 -0.121 -0.067  0.170 -0.006  0.064  0.073  0.056
V        0.031  0.065  0.005 -0.013  0.074  0.000  0.186 -0.005  0.009  0.020 -0.021 -0.048  0.003  0.002  0.049 -0.014  0.006  0.047  0.020  0.048 -0.256
W        0.074  0.000 -0.009  0.016  0.126  0.000  0.040  0.061  0.047  0.036  0.058 -0.009  0.013 -0.064  0.053  0.073 -0.014 -0.028  0.000  0.086  0.000
Y        0.063  0.116  0.068  0.014  0.029  0.000  0.156 -0.061  0.033  0.024  0.018  0.012  0.102  0.044  0.035  0.046 -0.021 -0.013  0.068 -0.067  0.000
X        0.054  0.000 -0.094  0.044  0.000  0.000  0.107  0.154  0.029  0.038  0.000  0.035 -0.017  0.052  0.076  0.000  0.050 -0.053  0.106  0.299  0.000
