i-1/i     A      C      D      E      F      G      H      I      K      L      M      N      P      Q      R      S      T      V      W      Y      X
A        0.009  0.071  0.053  0.067  0.054 -0.042  0.186  0.015  0.112  0.030 -0.021 -0.041  0.000  0.081  0.082  0.019 -0.042  0.084  0.040 -0.080  0.246
C        0.052 -0.086 -0.097 -0.067  0.135  0.187  0.000  0.262  0.381  0.198  0.363  0.133  0.000  0.220  0.247  0.268  0.357  0.345 -0.107  0.349  0.000
D       -0.115 -0.085 -0.045 -0.191 -0.373  0.015 -0.112 -0.233 -0.150 -0.148  0.021 -0.224  0.000 -0.134 -0.100 -0.033 -0.122 -0.384 -0.005 -0.283  0.000
E       -0.082 -0.401 -0.003 -0.085 -0.129  0.088 -0.077 -0.072 -0.069 -0.025  0.022 -0.036  0.000 -0.038 -0.173 -0.067  0.004 -0.240 -0.177 -0.074 -0.205
F        0.184  0.106  0.090  0.265  0.276  0.212  0.245  0.039  0.241  0.142  0.022 -0.024  0.000  0.355  0.266  0.135  0.127  0.101  0.297  0.275  0.000
G       -0.090 -0.318  0.030  0.007 -0.010  0.102 -0.227  0.003 -0.141  0.126  0.181  0.147  0.000  0.013  0.133 -0.019 -0.060 -0.074 -0.026 -0.157  0.000
H        0.269  0.451  0.138  0.020  0.020  0.020  0.076  0.150 -0.084 -0.043  0.122  0.177  0.000 -0.067 -0.066 -0.002 -0.073  0.082 -0.087 -0.009 -0.106
I        0.174 -0.007  0.114  0.242  0.188  0.116  0.192  0.100  0.209  0.090  0.039  0.003  0.000  0.128  0.142  0.021  0.027  0.077  0.045  0.168 -0.088
K       -0.071 -0.005 -0.085 -0.083 -0.131  0.062 -0.103 -0.142 -0.080 -0.042 -0.059  0.063  0.000 -0.059 -0.076  0.063  0.008 -0.200 -0.096 -0.317 -0.273
L        0.166 -0.009  0.166  0.220  0.106  0.147  0.043  0.139  0.245  0.135  0.093  0.100  0.000  0.151  0.231  0.175  0.172  0.098  0.120  0.071  0.018
M        0.117 -0.059 -0.005  0.238  0.219  0.027  0.098  0.151  0.106  0.098  0.095  0.451  0.000  0.105  0.045  0.259  0.332  0.224  0.492  0.091 -0.330
N        0.018  0.301 -0.078 -0.088 -0.059 -0.167 -0.044 -0.006 -0.106 -0.124 -0.041  0.057  0.000 -0.047 -0.117 -0.023 -0.041 -0.121 -0.001  0.153  0.202
P        0.108 -0.312  0.236 -0.395  0.000 -0.242 -0.564 -0.159 -0.358  0.000 -0.405  0.000  0.000  0.000 -0.525  0.000 -0.400  0.000 -0.584  0.469  0.000
Q       -0.103  0.058 -0.078  0.011 -0.027  0.075 -0.155 -0.042 -0.030  0.026 -0.029  0.057  0.000 -0.043 -0.063 -0.013  0.014  0.126 -0.167 -0.025  0.000
R        0.052 -0.347 -0.099 -0.044 -0.089  0.042 -0.070  0.045 -0.015 -0.123 -0.086  0.096  0.000  0.094 -0.062 -0.024 -0.071 -0.061 -0.299 -0.045  0.024
S        0.067 -0.131 -0.017 -0.031 -0.063  0.023 -0.162 -0.002  0.020 -0.021 -0.162  0.038  0.000  0.086  0.107  0.098 -0.037 -0.103  0.122  0.059 -0.019
T        0.202  0.000  0.050  0.087  0.152 -0.091  0.023  0.160  0.117  0.118 -0.005  0.061  0.000 -0.059  0.007  0.018  0.126  0.312  0.186  0.128 -0.191
V        0.201  0.010  0.100  0.166  0.195  0.206  0.226  0.144  0.188  0.100  0.165  0.080  0.000  0.166  0.109  0.141  0.023  0.097 -0.031  0.235  0.235
W        0.134  0.000 -0.082  0.435 -0.091  0.222  0.439 -0.257  0.122  0.030  0.187  0.088  0.000 -0.150  0.100  0.000  0.044 -0.019  0.143  0.114  0.000
Y        0.005  0.083 -0.043  0.117 -0.063 -0.061  0.063  0.162  0.293  0.033  0.213  0.320  0.000  0.003  0.201  0.206  0.155  0.039  0.028  0.148  0.000
X        0.266  0.000 -0.305  0.160  0.469  0.000 -0.291  0.318  0.130  0.080  0.118 -0.333  0.000  0.120 -0.054 -0.118  0.000  0.000  0.000 -0.425  0.000
