i-1/i     A      C      D      E      F      G      H      I      K      L      M      N      P      Q      R      S      T      V      W      Y      X
A        0.085  0.037  0.023  0.051 -0.360 -0.306  0.015 -0.107  0.107 -0.115 -0.101  0.018 -0.185  0.077  0.005  0.004 -0.143 -0.025  0.005 -0.116  0.120
C       -0.032  0.802 -0.350 -0.061  0.900 -0.465  0.000  0.381  0.204  0.315  0.315 -0.978  0.320  0.243 -0.360 -1.140  0.227  0.099 -0.757  0.100  0.000
D        0.746  0.680  0.271  0.363  0.479  0.182 -0.157  0.325  0.276  0.227 -0.573 -0.574 -0.307  0.606  0.351  0.058  0.089 -0.258  0.500  0.516  0.000
E        0.574  0.772  0.142  0.267 -0.230  0.253  0.199  0.191  0.424  0.331  0.083 -0.385  0.525  0.564  0.411  0.051  0.394  0.155  0.479  0.049 -0.477
F       -0.170 -0.538  0.390  0.047 -0.416 -0.285 -0.100 -0.242 -0.212 -0.213  0.327 -0.019  0.045  0.137 -0.254  0.208 -0.259 -0.029 -0.147  0.116  0.000
G        0.348  0.894 -0.112  0.200 -0.002  0.135  0.468  0.395  0.448  0.395  0.507 -0.002 -1.224 -0.290  0.059  1.002  0.188  0.247 -0.170  0.342  0.000
H        0.087 -0.251  0.749  0.203  0.503  0.298 -0.643 -0.076  0.053  0.133  0.009 -0.283 -0.128  0.195  0.389  0.012  0.036 -0.136  0.112 -0.273  0.095
I       -0.281  0.277 -0.196 -0.190 -0.162  0.028  0.162 -0.363 -0.034 -0.025  0.356  0.504 -0.024 -0.073 -0.395  0.029 -0.223 -0.331 -0.048 -0.219  0.815
K        0.615  0.198  0.207  0.197  0.261  0.400  0.605 -0.238  0.250  0.025  0.188  0.079  0.032  0.004  0.559  0.220  0.057  0.096  0.239  0.342 -0.279
L       -0.049  0.169 -0.152 -0.182 -0.162 -0.368  0.116 -0.167  0.042  0.039  0.136  0.171 -0.123 -0.097 -0.009 -0.081  0.054 -0.206  0.066  0.038 -0.335
M       -0.125 -0.269  0.341  0.196 -0.095 -0.227 -0.374  0.500  0.092  0.103  0.205 -0.041 -0.128 -0.189 -0.125  0.551 -0.382 -0.038 -0.408  0.093  0.000
N        0.625  0.684  0.169  0.356  0.364 -0.161 -0.129  0.383  0.299  0.389  0.495  0.302 -0.666  0.418  0.094  0.156 -0.021  0.285  0.738 -0.119  0.000
P       -0.977 -0.764  0.000 -0.790 -1.139 -0.034 -0.797  0.000 -0.418  1.105  0.328  0.000  0.000  0.694  0.020  0.000 -0.293  0.000  0.000 -0.578  0.000
Q        0.593  0.896 -0.020  0.367  0.230  0.240 -0.014  0.027  0.165  0.258  0.375 -0.211  0.208  0.334  0.401  0.471  0.255  0.366 -0.742  0.422  0.789
R        0.490  0.626 -0.206 -0.046  0.126  0.164  0.262  0.030  0.278  0.245  0.475  0.252  0.124 -0.088 -0.014  0.316 -0.014 -0.140 -0.009  0.408 -1.194
S        0.419  0.296 -0.272  0.181  0.670  0.017  0.206  0.877  0.073  0.474  0.270  0.392 -0.346  0.368  0.718  0.316 -0.425  0.411  0.428  0.342  0.921
T        0.282  1.050 -0.325  0.419  0.365 -0.262  0.033  0.086  0.094  0.233 -0.160 -0.044 -0.094  0.091  0.170  0.099  0.049  0.041  1.195  0.219 -0.133
V        0.020  0.374 -0.007  0.226  0.250 -0.233  0.220 -0.036 -0.018 -0.070 -0.091 -0.054 -0.332 -0.081 -0.040 -0.272 -0.192 -0.016 -0.090 -0.112  0.000
W       -0.260  0.000 -0.408  0.489 -0.348 -0.411  0.686 -0.369 -0.435 -0.010 -0.623  0.779 -0.179 -0.043 -0.406  1.235 -0.720 -0.215 -1.194 -0.064  0.000
Y       -0.471 -0.265  0.309  0.085 -0.510 -0.919 -0.360 -0.109 -0.273 -0.472  0.102  0.148 -0.538  0.088 -0.075 -0.194  0.227  0.036  0.585 -0.648  0.000
X       -0.469  0.000 -0.506 -0.735 -0.902  0.000  0.000 -0.644  0.741 -0.343  0.523 -0.093  0.000 -0.672 -0.470 -0.127  0.000 -0.565  0.000 -1.311 -0.711
