i-1/i     A      C      D      E      F      G      H      I      K      L      M      N      P      Q      R      S      T      V      W      Y      X
A        0.029 -0.110 -0.014  0.008 -0.043  0.000  0.006 -0.026  0.007  0.026 -0.008  0.015  0.015  0.018 -0.035  0.031 -0.029 -0.002 -0.024 -0.002  0.022
C       -0.107 -0.166  0.021 -0.038 -0.186  0.000 -0.072 -0.122  0.009  0.030 -0.202 -0.011  0.181  0.135  0.071  0.067 -0.033  0.022  0.163  0.108  0.000
D        0.017  0.005 -0.071 -0.052  0.201  0.000 -0.054 -0.056 -0.008  0.010  0.031 -0.104  0.070 -0.129  0.020 -0.036 -0.026 -0.020  0.064 -0.190  0.000
E        0.065  0.028  0.004 -0.016  0.025  0.000 -0.024 -0.025  0.000  0.015  0.053 -0.033  0.088 -0.014 -0.003 -0.038  0.004 -0.016 -0.206 -0.064 -0.005
F        0.024  0.169  0.036  0.076  0.076  0.000  0.007  0.057  0.009  0.069  0.085  0.151 -0.046  0.010  0.040  0.060 -0.063 -0.037  0.095  0.151 -0.287
G        0.047  0.000  0.001  0.007 -0.022  0.000  0.114  0.016  0.043  0.011  0.080 -0.007 -0.052  0.026 -0.038 -0.043 -0.025  0.046  0.267 -0.015  0.000
H        0.046  0.000 -0.004 -0.019  0.057  0.000 -0.009 -0.038 -0.024  0.047  0.232 -0.026  0.050 -0.012 -0.036  0.045  0.068  0.044  0.127 -0.028  0.000
I       -0.009 -0.062  0.042  0.040  0.096  0.000  0.087 -0.014  0.019  0.055  0.033  0.158  0.071  0.134 -0.033  0.004 -0.004  0.014 -0.180  0.077 -0.000
K        0.039 -0.003 -0.027 -0.012 -0.018  0.000  0.088  0.026 -0.032 -0.055  0.082 -0.017  0.066  0.015 -0.032 -0.029  0.019 -0.068  0.013 -0.050 -0.059
L       -0.024  0.014  0.050  0.060  0.001  0.000  0.040 -0.043  0.006  0.006  0.003  0.067 -0.022  0.063  0.019  0.021 -0.025 -0.028  0.143  0.064 -0.354
M        0.051 -0.025  0.043  0.015 -0.063  0.000 -0.069 -0.000  0.042  0.031  0.180  0.083  0.067 -0.006 -0.029  0.033 -0.039  0.029 -0.037  0.035 -0.068
N        0.035  0.151 -0.053 -0.044  0.014  0.000 -0.049  0.027 -0.028 -0.032  0.036  0.033  0.017 -0.068 -0.023 -0.053 -0.004  0.007  0.046 -0.152  0.000
P        0.005 -0.115 -0.006  0.089  0.000  0.000  0.000 -0.092  0.020 -0.031  0.000  0.000  0.000  0.000  0.098  0.083  0.163  0.095  0.000  0.000  0.000
Q        0.032 -0.026  0.020  0.030  0.079  0.000  0.003 -0.020  0.010 -0.013  0.075 -0.042 -0.023  0.011  0.012  0.031  0.030 -0.054  0.094  0.043  0.000
R        0.035 -0.027  0.007 -0.020 -0.055  0.000  0.021  0.025 -0.016  0.010  0.024 -0.012  0.021 -0.017 -0.003 -0.022 -0.013 -0.031 -0.076  0.041  0.315
S        0.058 -0.046 -0.004 -0.031 -0.094  0.000  0.013 -0.051 -0.022 -0.017  0.065 -0.048  0.060  0.022  0.011 -0.033  0.025  0.029 -0.162 -0.101  0.000
T        0.059 -0.212  0.044  0.016 -0.073  0.000  0.113  0.102  0.023 -0.003  0.094 -0.021 -0.009  0.030  0.067 -0.037  0.114  0.094 -0.164 -0.062  0.415
V        0.018  0.026  0.050  0.033  0.024  0.000 -0.104  0.041  0.048 -0.026 -0.114  0.080 -0.000  0.034 -0.015 -0.044  0.012 -0.013 -0.020 -0.031  0.008
W        0.038  0.169  0.025  0.022  0.061  0.000  0.004 -0.011 -0.072  0.011  0.136  0.125  0.228  0.028  0.121  0.044 -0.104  0.040  0.124  0.178  0.000
Y        0.074  0.140  0.075 -0.059  0.034  0.000 -0.029  0.021  0.030  0.062  0.119  0.002  0.085  0.046  0.044 -0.001 -0.005  0.050  0.145  0.046  0.116
X        0.055  0.000  0.109  0.000  0.300  0.000  0.000  0.165  0.016  0.000  0.000  0.074 -0.186  0.059 -0.083  0.138  0.000  0.156 -0.166 -0.020  0.178
