i-1/i     A      C      D      E      F      G      H      I      K      L      M      N      P      Q      R      S      T      V      W      Y      X
A        0.009 -0.004  0.027 -0.026 -0.004 -0.021 -0.028  0.027  0.104  0.052  0.057  0.104  0.000  0.022  0.138  0.032  0.052  0.011  0.061  0.079  0.285
C       -0.034  0.158 -0.114  0.127  0.037  0.361  0.162 -0.045 -0.028  0.073 -0.192 -0.015  0.000  0.003  0.162  0.213  0.214  0.073 -0.007  0.084  0.000
D        0.177 -0.356  0.155  0.273  0.129  0.128  0.314  0.092  0.213  0.037  0.238  0.118  0.000  0.223  0.096  0.101  0.202  0.016 -0.045  0.082 -0.181
E        0.148 -0.047  0.097  0.239  0.105  0.104  0.142  0.019  0.186  0.093  0.184  0.092  0.000  0.191  0.113  0.167 -0.011  0.149  0.124  0.115  0.006
F       -0.112 -0.104 -0.049 -0.127 -0.103  0.019 -0.228 -0.149 -0.207 -0.182 -0.059 -0.036  0.000 -0.001 -0.231 -0.135 -0.073 -0.053 -0.121 -0.187 -0.152
G        0.177 -0.310  0.216  0.256  0.212  0.391  0.561  0.099  0.209  0.156  0.287  0.072  0.000  0.257  0.142  0.178 -0.003  0.311  0.255  0.147  0.000
H        0.174  0.059  0.182  0.088  0.008 -0.531  0.263  0.190 -0.027  0.075  0.123 -0.094  0.000  0.131 -0.001 -0.012 -0.029  0.185  0.481  0.025  0.000
I       -0.143 -0.061 -0.205 -0.260 -0.202 -0.106 -0.285 -0.184 -0.208 -0.207 -0.154 -0.218  0.000 -0.206 -0.157 -0.172 -0.152 -0.197 -0.127 -0.205  0.492
K        0.092  0.114  0.082  0.003  0.110  0.048  0.026  0.118  0.088  0.094  0.017  0.082  0.000  0.059  0.108 -0.016  0.013  0.006 -0.018  0.039  0.019
L       -0.127 -0.088 -0.126 -0.211 -0.089 -0.095 -0.132 -0.145 -0.189 -0.144 -0.199 -0.117  0.000 -0.146 -0.165 -0.120 -0.041 -0.240 -0.107 -0.144 -0.080
M       -0.082 -0.405 -0.138 -0.141  0.067 -0.052 -0.099 -0.194 -0.114 -0.147 -0.045 -0.079  0.000 -0.268 -0.032 -0.077 -0.123 -0.134 -0.051 -0.022 -0.247
N        0.173  0.218  0.268  0.171  0.107  0.175  0.095  0.118  0.114  0.126  0.210  0.198  0.000  0.166  0.094  0.230  0.019  0.291 -0.060  0.220  0.000
P       -0.011  0.000 -0.262  0.182  0.421  0.000  0.000  0.206  0.389  0.381 -0.283  0.000  0.000 -0.074  0.000 -0.190  0.360  0.264  0.262  0.000  0.000
Q       -0.016  0.036  0.177  0.040  0.162 -0.041  0.075  0.033  0.108  0.062  0.025  0.049  0.000 -0.003  0.042  0.101 -0.015  0.058  0.210  0.119 -0.209
R        0.055  0.044  0.034 -0.014  0.089  0.061  0.053  0.038 -0.028  0.023  0.162 -0.042  0.000  0.003  0.070 -0.012  0.017 -0.003 -0.118  0.061 -0.357
S        0.217  0.060  0.243  0.261  0.134  0.140 -0.019  0.154  0.233  0.134  0.089  0.282  0.000  0.253  0.118  0.104  0.104  0.154  0.091  0.148  0.350
T        0.149  0.116  0.024  0.233  0.027  0.156  0.142  0.195  0.088  0.152  0.102  0.122  0.000  0.146  0.148  0.008  0.042  0.161 -0.040 -0.022  0.162
V       -0.130 -0.269 -0.226 -0.232 -0.247 -0.025 -0.239 -0.125 -0.213 -0.165 -0.163 -0.158  0.000 -0.164 -0.195 -0.130 -0.112 -0.142 -0.148 -0.241 -0.029
W        0.030  0.029  0.104 -0.214 -0.304 -0.013 -0.308 -0.135 -0.037  0.052  0.271  0.021  0.000 -0.139 -0.108 -0.063 -0.052 -0.209 -0.306 -0.010  0.000
Y       -0.140  0.245  0.064 -0.167 -0.175 -0.131 -0.164 -0.083 -0.168 -0.162 -0.155 -0.023  0.000  0.166 -0.070 -0.016 -0.040 -0.147 -0.272 -0.056  0.000
X       -0.169  0.000 -0.323  0.045  0.000 -0.271  0.515  0.198  0.000  0.291  0.199 -0.128  0.000 -0.196  0.098  0.103 -0.091 -0.213  0.000 -0.198  0.000
