i-1/i     A      C      D      E      F      G      H      I      K      L      M      N      P      Q      R      S      T      V      W      Y      X
A        0.015  0.122  0.074  0.103  0.121  0.016  0.116 -0.061  0.102  0.047  0.056  0.140  0.000  0.050  0.134  0.037  0.019 -0.021 -0.073 -0.030 -0.055
C       -0.028  0.000  0.073 -0.056 -0.189 -0.065  0.320  0.413  0.027  0.017  0.042 -0.092  0.000  0.210  0.161  0.010  0.093 -0.257 -0.231  0.000  0.000
D       -0.013 -0.381 -0.119  0.233 -0.055  0.011  0.101  0.065  0.197 -0.018  0.033 -0.242  0.000  0.095  0.150  0.026 -0.011  0.035 -0.223  0.016 -0.358
E        0.131 -0.044  0.047  0.110  0.086  0.066  0.013  0.076  0.172  0.024 -0.024 -0.090  0.000  0.066  0.115  0.029  0.050  0.018 -0.012  0.046  0.031
F       -0.026 -0.048  0.017 -0.011  0.218  0.047  0.100 -0.024  0.032  0.106  0.020  0.035  0.000  0.065  0.013  0.088 -0.052  0.016 -0.093  0.186 -0.034
G        0.076 -0.158  0.000  0.034  0.068  0.230 -0.175  0.061  0.169  0.037  0.005 -0.145  0.000  0.174  0.122  0.106  0.250  0.075  0.117 -0.055  0.000
H        0.111  0.294 -0.062  0.135 -0.178  0.175  0.129  0.156  0.042  0.027  0.197  0.113  0.000  0.126  0.039  0.103  0.221  0.137  0.027  0.186  0.000
I        0.002 -0.009  0.094 -0.075  0.060 -0.010 -0.123  0.125 -0.037  0.016  0.001 -0.038  0.000 -0.007  0.020  0.036  0.066  0.120 -0.156 -0.197 -0.366
K        0.073  0.203 -0.130 -0.071  0.020  0.098 -0.084 -0.042  0.105  0.062  0.003  0.030  0.000  0.040  0.057  0.109 -0.030 -0.004 -0.072  0.031  0.093
L       -0.006 -0.110  0.008 -0.034 -0.042  0.038 -0.043 -0.089  0.028 -0.034  0.053  0.051  0.000  0.002 -0.047  0.029  0.019 -0.086  0.078  0.027 -0.124
M        0.184  0.084 -0.161  0.021  0.174 -0.053 -0.041  0.043 -0.086  0.020  0.009  0.175  0.000  0.020 -0.078 -0.072  0.040 -0.004  0.148 -0.147  0.375
N        0.027 -0.021  0.107 -0.061 -0.057 -0.104  0.282 -0.085  0.111 -0.090  0.115 -0.173  0.000  0.161 -0.028 -0.050  0.003 -0.008 -0.104  0.059 -0.088
P        0.016  0.000  0.081 -0.306 -0.428  0.322  0.000 -0.477 -0.222 -0.110  0.091  0.000  0.000 -0.020 -0.133 -0.428 -0.285 -0.071 -0.307 -0.263  0.000
Q        0.069  0.111  0.013  0.079  0.055  0.142  0.062  0.079  0.128  0.082  0.020  0.189  0.000  0.199  0.107  0.043  0.090  0.118  0.317  0.012  0.145
R        0.058 -0.046 -0.073  0.041 -0.006  0.129 -0.212  0.058  0.113  0.012  0.164  0.037  0.000  0.008  0.013 -0.025 -0.037 -0.037  0.087 -0.039 -0.465
S        0.075 -0.084 -0.104  0.012 -0.054  0.105 -0.124  0.068 -0.072  0.068  0.064  0.040  0.000  0.148  0.037 -0.024  0.071  0.067 -0.138  0.111  0.349
T        0.011 -0.052  0.065  0.089  0.147  0.093  0.138  0.118  0.021  0.098 -0.022 -0.052  0.000  0.150  0.219  0.218  0.062  0.028  0.301  0.108  0.000
V       -0.054 -0.068  0.006  0.020 -0.056  0.086 -0.013 -0.020 -0.075  0.005 -0.005  0.122  0.000  0.011 -0.030  0.031 -0.050 -0.103 -0.381 -0.042 -0.337
W        0.045  0.497  0.041 -0.144  0.103  0.177 -0.290 -0.114  0.063  0.036  0.114  0.197  0.000 -0.045  0.111  0.226 -0.125  0.195  0.000 -0.022  0.000
Y       -0.083  0.059 -0.100  0.024 -0.140 -0.100  0.440  0.034  0.037  0.161 -0.067  0.140  0.000 -0.149 -0.135 -0.041  0.041  0.048 -0.351 -0.192  0.000
X        0.038  0.000  0.252  0.093  0.000  0.335  0.329  0.111 -0.251 -0.343  0.000 -0.427  0.000  0.000 -0.365  0.000 -0.433  0.360 -0.412 -0.005  0.000
